4 0.52101 0.666236 0.471365 0.414862 0.942377
3 0.694723 0.731718 0.330646 0.294201 0.902808
8 0.619162 0.591287 0.438278 0.255499 0.557838
3 0.650964 0.76813 0.228883 0.216054 0.122824
8 0.592482 0.618747 0.443625 0.349805 0.0591543
4 0.640158 0.735863 0.234232 0.278849 0.0587424
3 0.462762 0.586678 0.321035 0.237753 0.00467796
4 0.596495 0.730067 0.331933 0.297771 0.00354993
4 0.664416 0.763431 0.253759 0.20988 0.00331143
4 0.617668 0.986663 0.391742 0.0263716 0.00312258
4 0.674291 0.788526 0.2069 0.238583 0.00294945
4 0.674482 0.712701 0.329272 0.333509 0.00268167
8 0.681829 0.71391 0.305549 0.157239 0.0024194
4 0.657466 0.736687 0.293552 0.22744 0.0019544
4 0.49946 0.646839 0.310666 0.389229 0.00184033
8 0.725822 0.68775 0.343496 0.108076 0.00180014
3 0.681989 0.985877 0.499742 0.0281441 0.00173847
4 0.712821 0.98471 0.557884 0.0305802 0.00158857
4 0.607236 0.978432 0.446721 0.0431358 0.00138158
8 0.67047 0.730607 0.33608 0.209278 0.00124419
3 0.561113 0.644993 0.324872 0.38525 0.00120763
4 0.622624 0.772558 0.301574 0.239209 0.00118072
4 0.707424 0.704188 0.345228 0.145605 0.00108665
4 0.802028 0.9847 0.349238 0.030203 0.00100845
