11 0.49346 0.44629 0.106894 0.0325897 0.028557
11 0.82721 0.52322 0.0798806 0.0517049 0.0190821
3 0.615523 0.608598 0.216184 0.151817 0.0153369
10 0.391279 0.412631 0.138562 0.0328389 0.0111435
3 0.642219 0.591043 0.272089 0.183756 0.0110255
11 0.276883 0.458956 0.0491173 0.0548655 0.010604
11 0.678811 0.582278 0.0724807 0.0689942 0.00688669
11 0.635834 0.593413 0.0574744 0.080266 0.00658088
11 0.680944 0.55521 0.0631196 0.0771167 0.00562401
11 0.654418 0.592328 0.0642468 0.0773358 0.00550515
11 0.667911 0.59007 0.0750865 0.0719522 0.00485699
11 0.672442 0.566872 0.0691039 0.0748623 0.00427104
11 0.832756 0.539533 0.0729468 0.0381482 0.00422336
11 0.668539 0.523554 0.0466444 0.0738456 0.00369299
11 0.829074 0.534004 0.0772608 0.0415715 0.00359584
11 0.616651 0.592623 0.050729 0.0809733 0.0032004
11 0.683566 0.544485 0.058915 0.0764316 0.00310453
11 0.229178 0.453496 0.120375 0.0417886 0.00306132
11 0.671843 0.546407 0.0566667 0.0828043 0.00273836
11 0.61769 0.583765 0.0603328 0.0798953 0.00261949
11 0.651735 0.525039 0.0476893 0.0684662 0.00251782
11 0.813907 0.533764 0.0785332 0.0487491 0.00243065
11 0.670373 0.534528 0.0504248 0.0748829 0.00239493
11 0.287739 0.458328 0.0713404 0.0562771 0.00227999
11 0.656242 0.549143 0.0523065 0.0796765 0.00204744
11 0.660903 0.562816 0.0596868 0.0748814 0.00164543
11 0.809096 0.550783 0.065597 0.0385605 0.00162847
11 0.681 0.523214 0.0551094 0.0709035 0.00160871
11 0.658255 0.576742 0.0535964 0.074674 0.00159709
11 0.691221 0.562789 0.0573819 0.0831394 0.00159222
11 0.654581 0.534522 0.0483417 0.0710683 0.00157006
11 0.845933 0.566913 0.0561914 0.0638522 0.00152704
11 0.648912 0.516374 0.0470385 0.0642742 0.00152589
10 0.850709 0.573609 0.0606905 0.0794367 0.00144157
3 0.695171 0.586291 0.161414 0.146019 0.00139212
11 0.79961 0.546106 0.0767631 0.0408197 0.00121331
11 0.805052 0.490603 0.0559971 0.0772599 0.00107791
