9 0.181694 0.591366 0.209583 0.273809 0.951361
7 0.130754 0.434892 0.0535389 0.179029 0.758451
7 0.137471 0.464305 0.0597186 0.209146 0.0316228
7 0.135574 0.467507 0.0824521 0.196517 0.0175012
7 0.144803 0.49941 0.120575 0.170232 0.0112165
6 0.148354 0.53995 0.127015 0.159752 0.00945007
6 0.163543 0.558298 0.115571 0.194854 0.00597909
1 0.858412 0.729004 0.279675 0.231464 0.00435917
7 0.119755 0.399513 0.0281537 0.10775 0.00384706
6 0.146137 0.528438 0.169675 0.139033 0.00295652
7 0.120942 0.415692 0.0316099 0.143735 0.00290631
1 0.829083 0.641539 0.26425 0.222371 0.00283725
9 0.834477 0.631409 0.327586 0.257067 0.00162484
7 0.14515 0.493314 0.167095 0.132948 0.00156755
6 0.189919 0.538555 0.14709 0.155692 0.00132932
1 0.809102 0.618819 0.31314 0.270272 0.00123996
7 0.150089 0.516061 0.183038 0.127878 0.00112439
