10 0.51382 0.502644 0.589053 0.199862 0.959398
4 0.561404 0.58785 0.295279 0.0825378 0.488553
4 0.624573 0.55015 0.381314 0.149632 0.471817
4 0.593531 0.567839 0.378515 0.12168 0.344177
10 0.61589 0.556818 0.399178 0.149626 0.257682
4 0.536275 0.557438 0.404989 0.137523 0.0452998
10 0.573115 0.599577 0.2423 0.0849867 0.00871934
4 0.567831 0.601057 0.313027 0.161182 0.00616436
4 0.570023 0.600372 0.316783 0.0559722 0.00566444
4 0.577116 0.57127 0.323731 0.176221 0.00542448
4 0.668396 0.559054 0.310832 0.125347 0.00420944
10 0.570722 0.603038 0.32002 0.056934 0.00348393
10 0.528078 0.608563 0.22813 0.0579399 0.00268448
4 0.613678 0.562819 0.415517 0.229424 0.00214396
10 0.523003 0.611061 0.283686 0.0675602 0.00134009
