10 0.398528 0.679927 0.375211 0.332947 0.94785
4 0.759303 0.452613 0.0696665 0.389288 0.480286
3 0.679452 0.890092 0.133144 0.107359 0.029694
10 0.760067 0.435083 0.0657789 0.35742 0.0202141
10 0.352333 0.737406 0.413848 0.0830389 0.0123936
3 0.334156 0.206335 0.190389 0.141736 0.0108463
10 0.527748 0.464933 0.108372 0.442652 0.00797012
6 0.754072 0.417775 0.0662874 0.318581 0.00547729
4 0.459989 0.829552 0.248676 0.126162 0.00426886
4 0.438402 0.779844 0.299982 0.144702 0.00236528
10 0.545722 0.475655 0.149244 0.469283 0.00217929
4 0.373682 0.740018 0.373447 0.132953 0.00178522
4 0.495316 0.839129 0.193206 0.142455 0.00150301
10 0.364617 0.738252 0.255924 0.121984 0.0013098
4 0.412301 0.763164 0.302784 0.165481 0.00124088
4 0.460302 0.81774 0.240551 0.196164 0.00112982
