11 0.709305 0.809721 0.156502 0.0965653 0.283343
7 0.678207 0.322672 0.0929578 0.0302112 0.265971
11 0.473415 0.45564 0.101728 0.131579 0.152296
11 0.462536 0.599243 0.175289 0.152454 0.104461
7 0.676021 0.316043 0.0896342 0.0420713 0.0541061
11 0.472377 0.475157 0.0928089 0.176749 0.0352507
7 0.584412 0.263114 0.0622635 0.019394 0.0139105
7 0.688343 0.318497 0.115643 0.0267091 0.0135997
7 0.683439 0.328037 0.103224 0.020444 0.00736932
11 0.711714 0.798473 0.152307 0.0603565 0.00558339
7 0.590034 0.264702 0.0729494 0.0244196 0.00474207
7 0.712797 0.321514 0.16537 0.0346518 0.00304377
11 0.728309 0.807806 0.120608 0.0651644 0.00285424
11 0.462557 0.400032 0.0599165 0.131436 0.00184209
11 0.472775 0.472028 0.0665431 0.13998 0.00178454
11 0.695144 0.79625 0.131344 0.0728385 0.00132122
