5 0.217784 0.6539 0.156753 0.334911 0.937539
5 0.322567 0.769888 0.326783 0.230653 0.0516836
5 0.331336 0.809056 0.359385 0.23315 0.0498767
5 0.389383 0.820263 0.417055 0.226601 0.0306771
5 0.457374 0.777923 0.490261 0.209905 0.0223675
5 0.351688 0.745869 0.350565 0.238341 0.0163687
5 0.374097 0.86071 0.485024 0.249764 0.00596468
5 0.354078 0.769724 0.262998 0.119294 0.00392404
5 0.304684 0.423023 0.343774 0.28015 0.00366814
5 0.415114 0.693502 0.427019 0.30399 0.00256239
5 0.494926 0.694884 0.527322 0.341746 0.00242247
5 0.417482 0.893832 0.538245 0.201093 0.00226219
5 0.281359 0.478254 0.318534 0.307333 0.00217542
5 0.357015 0.78737 0.25133 0.097465 0.00142283
