5 0.201265 0.503257 0.136961 0.296346 0.926187
5 0.278633 0.680688 0.361876 0.278155 0.0359969
5 0.380259 0.43354 0.349551 0.200546 0.0213517
5 0.218413 0.669465 0.353284 0.294498 0.0159888
5 0.469769 0.430134 0.402962 0.2114 0.012993
5 0.384661 0.466605 0.373475 0.231884 0.0125067
5 0.315283 0.445016 0.369828 0.210445 0.0116831
5 0.237842 0.707691 0.399044 0.322111 0.0112787
5 0.309361 0.729188 0.382288 0.270123 0.0100162
5 0.29924 0.628987 0.35229 0.244372 0.00767443
5 0.330502 0.664044 0.364626 0.257028 0.00704112
5 0.265557 0.775355 0.465628 0.299311 0.00562052
5 0.324905 0.407473 0.346292 0.179867 0.00312107
5 0.285761 0.499364 0.311793 0.295925 0.00307667
5 0.394544 0.505685 0.405133 0.262196 0.00265689
5 0.47908 0.399739 0.383263 0.17452 0.00198583
5 0.319607 0.793083 0.415487 0.23687 0.00172534
5 0.378816 0.563844 0.393454 0.208098 0.00160885
5 0.389309 0.400764 0.320193 0.174741 0.00156431
5 0.256168 0.644017 0.323912 0.276387 0.00155081
5 0.21441 0.756423 0.394121 0.365135 0.00149232
5 0.18452 0.627686 0.323252 0.291878 0.00128349
5 0.399322 0.635079 0.386611 0.256177 0.00101436
