0 0.480591 0.541017 0.384389 0.390786 0.934948
9 0.268123 0.585472 0.296892 0.269677 0.906024
11 0.376091 0.64163 0.169521 0.170026 0.00337215
11 0.300482 0.552503 0.166118 0.143138 0.00200835
11 0.309054 0.581288 0.142341 0.192 0.00187662
0 0.360602 0.573364 0.375884 0.313436 0.00183565
0 0.374222 0.424659 0.242118 0.170514 0.00176843
0 0.407698 0.495404 0.310546 0.31183 0.00151022
11 0.406683 0.443596 0.213935 0.142986 0.0014778
11 0.395988 0.419735 0.200598 0.121171 0.00144713
0 0.315907 0.577285 0.210992 0.19668 0.00138627
0 0.374133 0.465555 0.254508 0.25339 0.00137748
0 0.310462 0.593084 0.313001 0.289586 0.00135486
0 0.322161 0.590756 0.160949 0.20996 0.00125743
