9 0.684612 0.781892 0.23393 0.237955 0.914488
6 0.701778 0.58864 0.217298 0.52477 0.814916
6 0.45166 0.80557 0.197804 0.0711282 0.687755
7 0.685861 0.659733 0.274586 0.399327 0.00765076
6 0.71538 0.738208 0.0825479 0.335488 0.00605765
0 0.721723 0.749257 0.0982103 0.310329 0.00503564
0 0.704258 0.762141 0.148871 0.257157 0.00282959
6 0.698371 0.734697 0.0979391 0.321961 0.00267
7 0.679346 0.712027 0.178847 0.233874 0.00207503
7 0.682069 0.677941 0.203219 0.28752 0.0020715
6 0.468387 0.765869 0.229965 0.158967 0.00201479
7 0.696481 0.673855 0.142599 0.266233 0.00126461
7 0.579506 0.539161 0.083299 0.108752 0.00108909
