7 0.126619 0.396608 0.0403032 0.114119 0.337573
10 0.277827 0.374058 0.335463 0.0954222 0.0121998
10 0.314453 0.361732 0.397877 0.0634934 0.00424194
10 0.295878 0.372838 0.295292 0.129264 0.00326095
10 0.290025 0.411151 0.36784 0.0546664 0.00203944
10 0.358846 0.401389 0.49247 0.132596 0.0017764
4 0.164313 0.343148 0.110927 0.0540621 0.00173161
10 0.491324 0.406526 0.336631 0.106435 0.00162272
11 0.168716 0.347363 0.0960988 0.0347363 0.00145509
4 0.172318 0.34731 0.105073 0.0356592 0.00125719
10 0.250983 0.35154 0.283059 0.0464751 0.00108871
