7 0.48391 0.407613 0.106688 0.0348343 0.559665
7 0.617614 0.578624 0.111424 0.0427571 0.553229
7 0.636547 0.576998 0.139722 0.0389123 0.204795
7 0.618161 0.608292 0.0656873 0.0245182 0.122432
7 0.612165 0.603912 0.0852771 0.0281644 0.0431318
7 0.504212 0.409684 0.0710837 0.0360951 0.0429051
7 0.685752 0.570325 0.0772658 0.0417137 0.0419253
7 0.603771 0.582247 0.10946 0.0405961 0.0302703
7 0.468772 0.410168 0.0836772 0.035827 0.0217649
7 0.660539 0.572791 0.12909 0.0431399 0.0158125
7 0.506654 0.403763 0.0720787 0.0412904 0.0138119
7 0.684691 0.564178 0.0906219 0.0549258 0.013782
7 0.603354 0.59983 0.104697 0.0268787 0.010823
7 0.56536 0.399523 0.0892212 0.0251084 0.00582722
7 0.656608 0.563399 0.147064 0.0565607 0.0040288
11 0.66765 0.590753 0.227419 0.13316 0.00281113
7 0.592637 0.590549 0.0884086 0.0296409 0.00273565
7 0.471144 0.401592 0.090737 0.0458029 0.00226744
7 0.492469 0.389644 0.10001 0.069981 0.00195675
7 0.67938 0.558534 0.112917 0.0553894 0.00175688
7 0.513132 0.391458 0.0591377 0.0529712 0.00137632
11 0.676969 0.590291 0.117786 0.0922962 0.0012389
11 0.642822 0.575989 0.130731 0.0377433 0.00117138
7 0.456934 0.402051 0.0822552 0.0487493 0.00108449
