3 0.810815 0.672484 0.190636 0.181244 0.880998
11 0.451112 0.582213 0.0389524 0.0707687 0.025985
11 0.477418 0.577875 0.0454706 0.0476889 0.00323694
11 0.505012 0.615766 0.0992314 0.0374903 0.0024209
10 0.574576 0.556248 0.170807 0.0549297 0.00241552
11 0.503958 0.581908 0.0408363 0.0508828 0.00202813
11 0.5069 0.608202 0.0860571 0.0441987 0.00173542
11 0.482236 0.584899 0.0560096 0.0454108 0.00157395
11 0.473758 0.528734 0.0534802 0.0388046 0.0013314
11 0.455511 0.57666 0.0441285 0.0621321 0.00132607
11 0.501147 0.593973 0.0503367 0.059007 0.00131172
11 0.625114 0.526036 0.0888522 0.0390143 0.00112144
