11 0.310835 0.658807 0.133341 0.100375 0.544136
11 0.404586 0.363865 0.156799 0.0425641 0.0931846
11 0.398118 0.376348 0.145652 0.0330138 0.0328137
11 0.417773 0.377686 0.202374 0.0339901 0.017402
11 0.233875 0.382686 0.161674 0.0405334 0.00784362
11 0.244454 0.376486 0.153414 0.0321222 0.0065152
11 0.694726 0.576609 0.168865 0.0543216 0.00633918
11 0.297077 0.42522 0.215049 0.0486903 0.00619713
11 0.185049 0.402861 0.167521 0.0413591 0.00550739
11 0.433868 0.369591 0.197197 0.0433428 0.00515778
11 0.423069 0.3845 0.224348 0.0482772 0.00485772
11 0.368106 0.381053 0.180045 0.0378059 0.00480763
11 0.475525 0.390656 0.220496 0.0604542 0.00464267
11 0.24202 0.436342 0.201534 0.0565372 0.0043185
11 0.66739 0.570127 0.216231 0.0504696 0.00418164
11 0.210716 0.395837 0.161205 0.0485989 0.00381173
11 0.38572 0.37069 0.150481 0.0440226 0.00369371
11 0.306193 0.393234 0.132176 0.0419152 0.00326129
11 0.265536 0.412897 0.147904 0.0408179 0.00321213
11 0.229324 0.390048 0.164274 0.0471524 0.0029842
11 0.295613 0.412729 0.17486 0.0437754 0.00294655
11 0.348955 0.396327 0.15073 0.0561107 0.00286727
11 0.27075 0.395743 0.139382 0.0468911 0.00284035
11 0.258495 0.38346 0.155743 0.0318424 0.00269275
11 0.22816 0.406586 0.156821 0.0525365 0.00254387
11 0.307637 0.389223 0.126178 0.0303607 0.00248694
11 0.285905 0.378923 0.155362 0.0383912 0.00236701
11 0.249146 0.409585 0.142274 0.0498425 0.0023476
11 0.266403 0.43092 0.21607 0.0594877 0.00230533
11 0.342829 0.388689 0.163489 0.0357049 0.00224733
11 0.384685 0.394202 0.149176 0.0576843 0.00219139
11 0.25238 0.369993 0.14965 0.0386988 0.00217747
11 0.236068 0.372905 0.188209 0.0330853 0.00179174
11 0.244322 0.397382 0.161273 0.0523235 0.00159434
11 0.259551 0.423002 0.17255 0.0459222 0.00157598
11 0.277686 0.387257 0.128731 0.0307346 0.00151672
11 0.347454 0.410222 0.150785 0.0466898 0.00138241
11 0.211075 0.380135 0.161415 0.0548609 0.00123689
11 0.417503 0.358556 0.158818 0.04644 0.00120566
11 0.824602 0.631722 0.0986042 0.102815 0.0011506
11 0.182942 0.407685 0.144395 0.0278575 0.001128
11 0.448745 0.394439 0.181683 0.0652855 0.00111687
11 0.362163 0.427179 0.222528 0.0546719 0.00108164
