8 0.276078 0.754674 0.248459 0.175821 0.938086
3 0.235453 0.554302 0.182264 0.318209 0.86394
11 0.14839 0.591915 0.0812871 0.182332 0.761673
11 0.253898 0.64133 0.0650791 0.093071 0.0395049
11 0.226608 0.638585 0.107836 0.104406 0.0286885
11 0.253147 0.61418 0.0628707 0.153213 0.0194575
11 0.229255 0.611913 0.106881 0.165484 0.0131364
11 0.241446 0.645693 0.0822164 0.0897309 0.0118352
11 0.317739 0.572249 0.105868 0.109556 0.00854328
11 0.164435 0.584568 0.0737291 0.189198 0.00547116
11 0.264029 0.635465 0.0813145 0.103874 0.00419178
10 0.702179 0.766086 0.0708264 0.11609 0.00191945
4 0.260385 0.521476 0.137244 0.187602 0.0010705
11 0.243586 0.578549 0.0819937 0.220325 0.00106209
