3 0.759551 0.691892 0.0915314 0.183419 0.861856
11 0.206416 0.625998 0.0616867 0.0507202 0.15607
11 0.195807 0.623609 0.0720026 0.0560439 0.0551898
11 0.214854 0.58603 0.0739326 0.0683098 0.0392212
11 0.211816 0.631215 0.0603983 0.042519 0.0172672
11 0.224555 0.591943 0.0766517 0.0819915 0.0103365
11 0.894932 0.357343 0.0438258 0.0510736 0.00783104
11 0.202305 0.575779 0.0875842 0.0539507 0.00744493
11 0.216185 0.623806 0.0601049 0.050244 0.0066252
11 0.182817 0.615304 0.0761584 0.0607503 0.00651757
11 0.217476 0.599906 0.0625655 0.075472 0.00557677
11 0.173785 0.609761 0.0777375 0.0596811 0.00544164
11 0.230714 0.575512 0.0893828 0.0712158 0.0046869
11 0.118769 0.390233 0.0639922 0.0569806 0.00463618
11 0.21656 0.575626 0.0846897 0.0674332 0.00365922
11 0.125018 0.616643 0.0485232 0.0670496 0.00301558
11 0.743142 0.32339 0.0434443 0.0154297 0.00253174
11 0.218937 0.633763 0.0591315 0.0515827 0.00229457
11 0.116117 0.385907 0.0489805 0.0497332 0.0020544
11 0.109014 0.385351 0.041734 0.0545591 0.00200545
11 0.134024 0.605958 0.0382442 0.0542047 0.00198745
11 0.129053 0.609524 0.0353318 0.0546408 0.00161487
11 0.761582 0.404425 0.058204 0.0353059 0.00161081
11 0.231385 0.562804 0.0740526 0.0788463 0.00155503
11 0.111136 0.39182 0.059046 0.064729 0.00151477
11 0.182684 0.587385 0.076737 0.0614799 0.00142131
11 0.191148 0.606482 0.0853947 0.0647548 0.00134155
11 0.843548 0.35832 0.0518004 0.049563 0.00126363
11 0.130102 0.391676 0.0679484 0.0494479 0.00125334
11 0.188615 0.432405 0.0536997 0.0339009 0.00122254
11 0.207335 0.434283 0.0642828 0.0317148 0.00116782
11 0.136877 0.393154 0.0631464 0.0352953 0.00111453
11 0.179837 0.597708 0.072996 0.0478296 0.00109528
11 0.891974 0.401345 0.0367276 0.0721992 0.00107645
