3 0.423169 0.627723 0.386525 0.126822 0.896236
11 0.221303 0.408919 0.11409 0.0733048 0.0638142
11 0.221988 0.398284 0.105639 0.0692181 0.050281
11 0.238655 0.41106 0.124542 0.0815464 0.0298406
11 0.359124 0.349772 0.145372 0.0399031 0.0181818
11 0.307418 0.345129 0.160684 0.0276519 0.0177887
11 0.550892 0.314961 0.19272 0.0257369 0.0131619
11 0.364503 0.357818 0.129256 0.0495863 0.012998
11 0.333314 0.347861 0.151198 0.0319715 0.0128462
11 0.215399 0.390507 0.0867234 0.0660666 0.0118715
11 0.302691 0.350619 0.137675 0.0296016 0.011762
11 0.517089 0.31283 0.150048 0.0212204 0.00918621
11 0.241929 0.425581 0.127911 0.0991894 0.00904229
11 0.603574 0.334451 0.121515 0.0257132 0.00834572
11 0.173297 0.355201 0.0847754 0.0715273 0.00766467
11 0.387481 0.356051 0.173321 0.0462047 0.00749621
11 0.399151 0.347393 0.189323 0.0349593 0.00701774
11 0.281006 0.343806 0.182958 0.0319716 0.00689336
11 0.347055 0.35667 0.120605 0.043155 0.00688538
11 0.184434 0.362354 0.0869187 0.0738125 0.00659512
11 0.256042 0.431017 0.135347 0.119011 0.00633348
11 0.271603 0.417154 0.135772 0.0879414 0.0063052
11 0.608241 0.328753 0.112333 0.035083 0.00627187
11 0.195833 0.397114 0.125768 0.0904873 0.00594385
11 0.573679 0.322764 0.167197 0.0316214 0.00548748
11 0.310233 0.331924 0.210186 0.0445406 0.00534649
11 0.49869 0.310644 0.153568 0.0220394 0.00515128
11 0.198325 0.373584 0.0898576 0.0642384 0.00512115
11 0.31192 0.354851 0.14412 0.0321773 0.00459901
11 0.205447 0.381322 0.07704 0.0589002 0.00439472
11 0.223088 0.426578 0.118041 0.0679763 0.00435461
11 0.463064 0.304448 0.184291 0.0279252 0.00412131
11 0.27953 0.353637 0.164877 0.0386917 0.00391057
11 0.189903 0.352712 0.10536 0.0666087 0.00313778
11 0.398063 0.415982 0.0931967 0.0744158 0.00309041
11 0.500551 0.316162 0.144646 0.0344303 0.00309031
11 0.241708 0.392948 0.137448 0.0764327 0.0030848
11 0.291943 0.364141 0.140293 0.0529932 0.00305352
11 0.454184 0.400267 0.202604 0.0228125 0.00299328
11 0.589794 0.325937 0.125294 0.0337039 0.00294551
11 0.264396 0.34034 0.18982 0.0393717 0.00283997
11 0.571022 0.319857 0.146726 0.0244176 0.00283165
11 0.479114 0.325993 0.150599 0.0377965 0.00282788
11 0.432693 0.401756 0.154588 0.0239025 0.00226458
11 0.252906 0.379901 0.161238 0.0579879 0.00221682
11 0.396751 0.396844 0.0954148 0.0356215 0.00209743
11 0.511044 0.299981 0.152801 0.0227933 0.00200763
11 0.404673 0.402664 0.092841 0.0348314 0.00199306
11 0.249826 0.443465 0.10604 0.090946 0.00198925
11 0.226069 0.436581 0.106659 0.0775538 0.00188838
11 0.438392 0.295079 0.153709 0.0223165 0.00183723
11 0.421575 0.343817 0.193014 0.0283994 0.00178799
11 0.32118 0.334808 0.196721 0.0340926 0.00176763
11 0.382742 0.40103 0.0945973 0.0527204 0.00170999
11 0.454473 0.34192 0.134806 0.0276624 0.0016965
11 0.601847 0.321659 0.107311 0.027728 0.00168221
11 0.327714 0.368134 0.103599 0.0714977 0.00160041
11 0.540295 0.305538 0.184568 0.0324065 0.00150396
11 0.264953 0.359338 0.168226 0.0443871 0.00146174
11 0.377361 0.393551 0.0893431 0.0505497 0.00135675
11 0.278515 0.400025 0.156798 0.081823 0.00132181
11 0.416363 0.415144 0.102443 0.0719749 0.00131981
11 0.342178 0.381554 0.094801 0.0664628 0.00129436
11 0.398916 0.410049 0.0877555 0.0486878 0.00120052
11 0.282441 0.327439 0.193646 0.0480608 0.00114326
11 0.464013 0.294641 0.161009 0.0210595 0.00113155
11 0.367163 0.39749 0.0901721 0.0750929 0.00112394
11 0.238263 0.348227 0.181148 0.0507569 0.00104418
11 0.266636 0.445417 0.130356 0.111049 0.00102061
11 0.335662 0.391294 0.112488 0.0674395 0.00100042
