10 0.505138 0.371803 0.214391 0.331601 0.946113
4 0.420273 0.321523 0.120425 0.20761 0.787636
4 0.451024 0.318855 0.178818 0.214304 0.047615
4 0.404956 0.318537 0.167434 0.182719 0.010694
3 0.620619 0.419953 0.229545 0.242084 0.00989354
4 0.451046 0.330366 0.125026 0.180052 0.00376361
4 0.4739 0.347526 0.148233 0.154678 0.00360526
4 0.431799 0.331742 0.110608 0.174746 0.00295299
4 0.487065 0.348188 0.214386 0.149578 0.00264263
4 0.492401 0.341929 0.239307 0.266215 0.00233228
10 0.539641 0.347081 0.299329 0.226576 0.00218276
6 0.155438 0.744849 0.287291 0.212421 0.00149887
4 0.433691 0.358397 0.0658415 0.133826 0.00147584
