3 0.392513 0.484498 0.439328 0.211927 0.901262
4 0.536175 0.443252 0.823683 0.184372 0.56247
3 0.382031 0.459843 0.418556 0.151678 0.140381
4 0.493673 0.434042 0.623733 0.227402 0.0917152
4 0.395034 0.439625 0.293512 0.0898596 0.0617893
4 0.444285 0.440434 0.261779 0.0972695 0.0290881
4 0.387958 0.454609 0.285865 0.090024 0.0108172
4 0.404408 0.447117 0.371548 0.133802 0.00508427
4 0.430655 0.452096 0.301254 0.0982739 0.00406291
4 0.46956 0.445139 0.229247 0.119736 0.00336477
4 0.615438 0.469984 0.660604 0.165605 0.00270349
4 0.42788 0.479308 0.512398 0.217851 0.00157951
