3 0.839392 0.702855 0.171175 0.276996 0.89141
4 0.875204 0.606325 0.149035 0.307295 0.458384
4 0.826935 0.545836 0.203355 0.342909 0.405213
4 0.860569 0.574415 0.16888 0.351037 0.0979706
4 0.852351 0.621952 0.173109 0.277017 0.0193328
3 0.823246 0.682255 0.293099 0.209821 0.00845287
4 0.843021 0.563719 0.174506 0.264894 0.00591385
11 0.835901 0.770792 0.152308 0.137231 0.00499128
4 0.811752 0.507487 0.196286 0.255705 0.00348357
4 0.896483 0.612319 0.205853 0.309465 0.00273202
4 0.819381 0.631543 0.203332 0.281083 0.00244265
4 0.798953 0.679873 0.271801 0.270223 0.00191054
4 0.809019 0.66145 0.263121 0.199213 0.00165671
11 0.827376 0.792466 0.168577 0.0920046 0.00147055
11 0.247888 0.451331 0.152603 0.188743 0.00132141
11 0.842431 0.754154 0.126971 0.165832 0.00131753
11 0.832865 0.768933 0.138027 0.104404 0.00121346
