3 0.151926 0.673415 0.0978626 0.120572 0.862913
3 0.612135 0.311721 0.105783 0.0378429 0.361598
3 0.582712 0.660686 0.0611411 0.0430904 0.0540894
11 0.575844 0.677303 0.0648164 0.0299223 0.00945749
11 0.557977 0.340165 0.0766644 0.0288537 0.00900593
11 0.545621 0.51845 0.0518796 0.041172 0.00878348
11 0.558182 0.345547 0.065984 0.027162 0.00867989
10 0.612171 0.316167 0.103036 0.0319377 0.00656556
11 0.570872 0.680835 0.0700554 0.0233023 0.00650558
11 0.653045 0.558277 0.0576929 0.028522 0.00628721
11 0.675311 0.326029 0.049267 0.0332042 0.00584659
11 0.616054 0.666033 0.0532967 0.0246864 0.00577065
10 0.626774 0.683192 0.0637661 0.0221713 0.0049158
11 0.607597 0.665618 0.0599993 0.0282755 0.00474861
11 0.67629 0.331502 0.0596856 0.0275747 0.00443565
11 0.62199 0.353051 0.0577192 0.0333463 0.00436852
11 0.595845 0.657432 0.0736841 0.0365118 0.00416284
11 0.616322 0.656133 0.0459779 0.0346485 0.00406369
11 0.557372 0.522472 0.0432765 0.0493514 0.00384144
11 0.680532 0.334676 0.0554266 0.0242982 0.0037124
11 0.682651 0.327067 0.0510956 0.0282972 0.00363744
11 0.53646 0.516926 0.05245 0.0362735 0.00342009
11 0.675769 0.319431 0.0415266 0.0315041 0.00329114
11 0.64626 0.562734 0.0493663 0.0276037 0.00315054
11 0.541367 0.337341 0.0715774 0.0292098 0.00273082
11 0.551115 0.536912 0.0422307 0.0478176 0.00265978
11 0.585421 0.663265 0.0629942 0.0374234 0.00245495
11 0.642953 0.638398 0.0472089 0.0228938 0.0023194
11 0.646771 0.568155 0.0398919 0.0433173 0.00217696
11 0.651345 0.640282 0.0473965 0.0241598 0.0020898
11 0.693755 0.335731 0.0380818 0.0261634 0.00207896
11 0.494297 0.368295 0.0574492 0.0517859 0.00196621
11 0.694601 0.328922 0.0434066 0.028684 0.00196274
11 0.677541 0.67063 0.0482155 0.031931 0.00195327
11 0.537444 0.545002 0.0693596 0.0400989 0.0018329
11 0.487491 0.344079 0.0603172 0.0346689 0.00178778
11 0.622056 0.682108 0.0510618 0.0191235 0.00173955
11 0.563188 0.682927 0.0666783 0.0248409 0.00171872
11 0.694811 0.349748 0.0402756 0.0493353 0.00171293
11 0.631073 0.561843 0.0573439 0.0372792 0.00171246
11 0.628226 0.667731 0.0579831 0.0306673 0.001698
11 0.587437 0.676678 0.0538765 0.0249263 0.00165187
11 0.50554 0.369279 0.0629825 0.0476153 0.00164999
11 0.62639 0.346422 0.0638059 0.0270918 0.00162722
11 0.678139 0.486934 0.0384268 0.0592253 0.00162675
11 0.669688 0.454991 0.0535093 0.0358588 0.00162474
11 0.696117 0.339314 0.0347033 0.0286743 0.00159701
11 0.520126 0.368742 0.0656281 0.0336629 0.00155816
11 0.662533 0.555035 0.0732331 0.0335857 0.00153457
11 0.559398 0.517264 0.0555091 0.0473946 0.00152473
11 0.553894 0.501866 0.0695124 0.049148 0.00151581
11 0.614228 0.553662 0.0329089 0.0501551 0.00149792
11 0.676543 0.675691 0.0500199 0.021248 0.00149597
11 0.57022 0.664107 0.0658719 0.0350162 0.00144036
11 0.626308 0.358146 0.0668776 0.042002 0.00142089
11 0.642685 0.575958 0.0323261 0.0490315 0.00141416
11 0.623445 0.657524 0.0428556 0.0379851 0.00140723
11 0.634299 0.322009 0.0720014 0.0350294 0.00139331
11 0.518778 0.361451 0.0601709 0.029267 0.0013599
11 0.643476 0.555288 0.0626004 0.0335093 0.00133644
11 0.506723 0.367588 0.050095 0.0386011 0.00132938
11 0.686993 0.317917 0.0451911 0.0257906 0.00131447
11 0.636078 0.570827 0.0413513 0.0510459 0.00129075
11 0.481908 0.376838 0.0498344 0.0539431 0.00125838
11 0.536893 0.53274 0.0631949 0.0449564 0.00122446
11 0.631567 0.638977 0.0544466 0.0273036 0.00107702
11 0.495038 0.367906 0.0455457 0.0420271 0.00103516
11 0.668511 0.420755 0.0475321 0.042131 0.00103498
11 0.666176 0.54783 0.0745676 0.0360105 0.00103301
11 0.547078 0.542149 0.0537102 0.0449125 0.00101895
11 0.660673 0.461827 0.072859 0.0339425 0.00100421
