10 0.632133 0.507058 0.0748658 0.05528 0.104552
10 0.623311 0.494977 0.0774084 0.0548545 0.0352999
10 0.600893 0.50184 0.0530681 0.0357673 0.0323984
10 0.641015 0.509927 0.0586739 0.0626292 0.0289154
11 0.552265 0.479986 0.0473195 0.0304781 0.0224872
11 0.64438 0.510967 0.0526503 0.0605233 0.0202596
11 0.603323 0.448565 0.0511967 0.0569642 0.0175376
11 0.577987 0.50859 0.0648385 0.0457551 0.0156459
11 0.046178 0.55486 0.0231101 0.0686886 0.0154259
10 0.636614 0.49889 0.0584944 0.0557748 0.0151834
11 0.823353 0.319213 0.0457325 0.0307754 0.0150567
10 0.610533 0.498818 0.0711789 0.0475724 0.0145078
11 0.567373 0.508493 0.0526248 0.0489673 0.014346
11 0.553438 0.472405 0.0447061 0.0338011 0.01122
11 0.0540185 0.75372 0.0276665 0.0910818 0.0111167
11 0.87433 0.355222 0.0388986 0.030846 0.0109237
11 0.84284 0.409165 0.0470336 0.0715553 0.0082418
11 0.857812 0.397093 0.0551812 0.0489627 0.00803118
11 0.080675 0.792039 0.0469328 0.0320068 0.00749646
11 0.60232 0.457224 0.0474011 0.0513314 0.00731993
11 0.822905 0.314518 0.0422191 0.0297392 0.00727984
11 0.815836 0.327459 0.040082 0.0299569 0.00715239
11 0.116472 0.789734 0.0619371 0.0253946 0.00679131
11 0.866999 0.393587 0.0499694 0.0428409 0.00665859
11 0.616071 0.460376 0.0309911 0.0566779 0.00648863
11 0.870223 0.35761 0.0317399 0.0332335 0.0064101
11 0.836136 0.403545 0.053183 0.0782877 0.00619551
11 0.0635824 0.648935 0.0255945 0.0676091 0.00615799
11 0.850634 0.401383 0.0478741 0.0567278 0.00614868
10 0.632036 0.489651 0.0589209 0.0518741 0.00614576
11 0.0652722 0.640389 0.0248059 0.0759032 0.00606816
11 0.609817 0.458498 0.0379207 0.0568438 0.00583758
11 0.0873552 0.795845 0.0623737 0.030227 0.00581487
11 0.0945843 0.577285 0.0403223 0.0344282 0.00577446
11 0.856648 0.355556 0.0384639 0.0343471 0.00539753
3 0.445671 0.817593 0.0357546 0.0811744 0.00525779
11 0.855421 0.34071 0.0333912 0.0308702 0.00516114
11 0.840042 0.310644 0.039228 0.0227202 0.00514552
11 0.598617 0.511681 0.0521048 0.0507864 0.00498056
11 0.866143 0.346642 0.0298035 0.0327194 0.0049358
11 0.820599 0.395597 0.0453335 0.0733745 0.00474889
11 0.833591 0.36787 0.0435387 0.0454394 0.00467698
11 0.560002 0.505966 0.0531403 0.0454933 0.00450201
11 0.829071 0.32124 0.046582 0.0242365 0.00433021
11 0.0515748 0.626866 0.0314248 0.0795634 0.00424382
11 0.63289 0.453354 0.0583746 0.0352172 0.00422467
11 0.0822995 0.509689 0.0721076 0.0352724 0.00404538
11 0.555954 0.493994 0.053116 0.0404895 0.00398616
11 0.870932 0.34829 0.0386168 0.0341711 0.00393157
11 0.599539 0.503111 0.0502639 0.0387833 0.00377775
11 0.607268 0.435665 0.0486981 0.0523719 0.00372863
11 0.0992815 0.596359 0.0416038 0.0461058 0.00369633
11 0.626091 0.462342 0.0498633 0.0535664 0.00367501
11 0.0522015 0.643027 0.0301599 0.0574449 0.00349628
11 0.358203 0.628806 0.0251326 0.0984745 0.00349368
11 0.814896 0.375009 0.0413624 0.065173 0.00342993
11 0.0692915 0.753987 0.0226441 0.0695644 0.00329941
11 0.0676651 0.626315 0.0275377 0.0947145 0.00325203
11 0.0660275 0.701454 0.0484269 0.0448399 0.00323084
11 0.0604662 0.656403 0.0325191 0.0646264 0.00316288
11 0.0964401 0.793944 0.076933 0.0294075 0.00312685
11 0.82059 0.366194 0.0370811 0.0485918 0.00302704
11 0.101787 0.578238 0.0427878 0.0270466 0.00296707
11 0.0808961 0.633804 0.0384992 0.0552993 0.00295087
11 0.846881 0.353095 0.0457338 0.0382248 0.00293483
11 0.0694301 0.642067 0.0236778 0.0830785 0.00293377
11 0.0919706 0.625321 0.05415 0.0651038 0.00290478
11 0.829848 0.311474 0.0420675 0.0223632 0.00274927
11 0.837249 0.391297 0.0562675 0.0632302 0.00274207
11 0.0485935 0.579335 0.0254797 0.113146 0.00269518
11 0.873127 0.360334 0.0401268 0.0359011 0.00269106
11 0.741651 0.309526 0.0457 0.0208341 0.00268732
11 0.881692 0.360974 0.0359123 0.038842 0.00262608
11 0.826469 0.377928 0.0504066 0.0637856 0.00255936
11 0.0502519 0.654042 0.0256209 0.0578699 0.00244937
11 0.0692806 0.675864 0.0375148 0.063111 0.0024474
11 0.846274 0.337473 0.0343955 0.0313384 0.00241436
11 0.0504406 0.608321 0.0295252 0.0964027 0.00229698
11 0.623488 0.457295 0.0405007 0.0478107 0.00225674
11 0.748882 0.309989 0.0495491 0.0252882 0.00222241
11 0.0793141 0.575692 0.031841 0.0642992 0.00221064
11 0.0923322 0.50776 0.071477 0.038842 0.0021063
11 0.823384 0.41124 0.0470945 0.064402 0.00208358
11 0.81413 0.362566 0.0351925 0.0444617 0.00202709
11 0.0434419 0.682974 0.0190324 0.0766081 0.00200488
11 0.0575695 0.750138 0.0308229 0.0768548 0.00200364
11 0.870776 0.384914 0.0443689 0.033663 0.00196341
11 0.0473793 0.6666 0.0223249 0.0654658 0.00195724
11 0.846107 0.371372 0.0562789 0.0382124 0.00192671
11 0.842117 0.324652 0.0385954 0.0193388 0.00188457
11 0.792736 0.404443 0.0418532 0.0519683 0.00186897
11 0.842458 0.43528 0.0466884 0.0429023 0.00182693
11 0.101029 0.621001 0.045181 0.0653224 0.00180434
11 0.852999 0.367736 0.0468809 0.0305709 0.00180349
11 0.6596 0.466525 0.0484524 0.030633 0.00177425
11 0.0475204 0.68247 0.0238652 0.0731151 0.00174728
11 0.807818 0.357913 0.0433331 0.0431773 0.00170821
11 0.110338 0.792182 0.0711946 0.0290987 0.0016255
11 0.852357 0.327119 0.0365654 0.0211879 0.00161694
11 0.0583427 0.680819 0.0393839 0.0585481 0.00161023
11 0.0702501 0.770331 0.0347216 0.0794506 0.00160295
11 0.841497 0.45613 0.0491854 0.0378502 0.00156835
11 0.864553 0.363638 0.0327002 0.0313199 0.00152146
11 0.446339 0.816465 0.0329267 0.0770875 0.00150618
11 0.851251 0.387777 0.0505049 0.0382096 0.00149667
11 0.885279 0.383998 0.0269038 0.0419579 0.00149428
11 0.0489287 0.698679 0.0247938 0.0631319 0.00148527
11 0.0736697 0.759321 0.0260469 0.0732532 0.00142885
11 0.0769589 0.681054 0.0471332 0.0626202 0.00141743
10 0.611433 0.484322 0.0420785 0.0815106 0.00141558
11 0.0568943 0.703836 0.0360431 0.0509835 0.00141006
11 0.810637 0.567285 0.0275879 0.077806 0.00140439
11 0.848726 0.310659 0.0447779 0.0264718 0.00136859
11 0.0730446 0.583789 0.0235543 0.118196 0.00134032
11 0.805515 0.334393 0.0477838 0.0402441 0.00131084
11 0.699698 0.442713 0.0239073 0.0535016 0.00130984
11 0.073516 0.623554 0.0289864 0.0860065 0.00130744
11 0.84463 0.391478 0.0526627 0.0517263 0.00128414
11 0.630491 0.470089 0.0632432 0.048495 0.00128322
11 0.042513 0.547477 0.0200521 0.0607786 0.00128177
11 0.0770555 0.700643 0.0540877 0.0524269 0.00127935
11 0.0832999 0.610522 0.0208733 0.0643068 0.00127506
11 0.833759 0.413595 0.0506299 0.0667386 0.00124701
11 0.073074 0.599273 0.0279174 0.125442 0.00124027
11 0.0465565 0.533004 0.0281847 0.0440184 0.00123807
10 0.0746683 0.583003 0.0281686 0.112448 0.00123712
11 0.0820929 0.599806 0.0233438 0.0545855 0.00123446
11 0.0773794 0.646272 0.0401923 0.0783312 0.00120009
11 0.0820922 0.620167 0.0263614 0.067865 0.00117757
11 0.0916055 0.527972 0.0784437 0.039968 0.00116335
11 0.810812 0.365814 0.0430957 0.0570891 0.00115976
11 0.608546 0.513301 0.0676199 0.0536072 0.00111517
11 0.0493802 0.729753 0.0217616 0.0820267 0.00110108
11 0.112527 0.618874 0.0277071 0.0606586 0.00105395
11 0.602085 0.482081 0.0508078 0.0558025 0.00102847
11 0.0681581 0.719121 0.0400873 0.0545738 0.00102411
11 0.100744 0.604603 0.0395127 0.055602 0.00101803
11 0.809519 0.381078 0.0408519 0.0702395 0.00100642
