3 0.305525 0.663857 0.169488 0.0625336 0.0864284
11 0.34521 0.639516 0.0828277 0.0244139 0.0130098
3 0.32536 0.642268 0.124847 0.0284754 0.00464652
11 0.330056 0.641356 0.11378 0.0261567 0.00434608
3 0.347227 0.670275 0.0843112 0.0405296 0.00422679
11 0.283976 0.456425 0.0777357 0.0626089 0.00326425
3 0.320656 0.670325 0.137428 0.0502083 0.00275134
3 0.288072 0.667312 0.119674 0.0543238 0.00257352
11 0.349209 0.63671 0.0783026 0.033455 0.00198221
3 0.314051 0.646247 0.133111 0.0287224 0.00136495
