4 0.285636 0.511308 0.27052 0.311521 0.830467
10 0.49298 0.453472 0.131695 0.215445 0.827097
3 0.235039 0.499705 0.183115 0.301583 0.673158
10 0.461505 0.453624 0.195298 0.222219 0.548459
4 0.244602 0.505573 0.193519 0.286876 0.175963
4 0.261124 0.500856 0.154537 0.225239 0.026251
10 0.489613 0.465734 0.278083 0.199377 0.00599017
4 0.240883 0.480714 0.117815 0.249136 0.00483226
4 0.237997 0.508534 0.146434 0.222302 0.00429286
4 0.255957 0.463342 0.135437 0.268937 0.00156893
4 0.21673 0.472043 0.132171 0.251503 0.00156464
