9 0.547368 0.377126 0.376877 0.148055 0.934321
6 0.600948 0.348483 0.395771 0.252454 0.208889
7 0.547038 0.39889 0.136325 0.0308716 0.0156233
7 0.540061 0.258205 0.152453 0.0267052 0.0121492
7 0.564365 0.383219 0.224013 0.0817609 0.0119612
7 0.545768 0.386962 0.189435 0.0635923 0.0113925
7 0.533354 0.394342 0.160699 0.0426823 0.0112448
7 0.556485 0.393869 0.175531 0.0376586 0.00876063
7 0.521715 0.386425 0.18957 0.0764966 0.00565625
6 0.52441 0.389986 0.1858 0.0960305 0.00412712
6 0.685071 0.348287 0.227668 0.252057 0.00241946
7 0.521861 0.404092 0.180518 0.0669329 0.00145637
0 0.536045 0.924697 0.835572 0.142303 0.00126968
7 0.513764 0.253427 0.174007 0.0356342 0.00114366
7 0.543779 0.185405 0.0826665 0.0266456 0.00111423
