3 0.425741 0.608963 0.399157 0.127141 0.890285
11 0.536571 0.3906 0.220517 0.0323137 0.00610767
11 0.739566 0.387463 0.0488067 0.044442 0.00596977
11 0.715758 0.382551 0.08426 0.0378684 0.00538082
11 0.564721 0.397122 0.271735 0.0318295 0.00529211
11 0.703411 0.378245 0.10816 0.0390372 0.00443343
11 0.686783 0.375135 0.130142 0.0443575 0.00413045
11 0.73719 0.392739 0.0608686 0.0550806 0.00374235
11 0.737993 0.409514 0.0833738 0.0653775 0.00294345
11 0.427817 0.369965 0.250924 0.0377552 0.00282581
11 0.751958 0.386368 0.0555548 0.0474127 0.00278882
11 0.624468 0.407623 0.228834 0.0292673 0.00274199
11 0.614645 0.40307 0.235768 0.0346085 0.00250963
11 0.720647 0.440169 0.103436 0.0638318 0.0024205
11 0.667301 0.416092 0.154441 0.0319166 0.00235715
11 0.638239 0.41132 0.216897 0.0296766 0.0023326
11 0.510933 0.377915 0.250256 0.0445325 0.00228054
11 0.713588 0.431312 0.121866 0.0586321 0.00215626
11 0.348219 0.472251 0.123165 0.082125 0.00170518
11 0.709397 0.419771 0.107343 0.0433697 0.00153986
11 0.574559 0.406825 0.22129 0.0419383 0.00149319
11 0.531869 0.383258 0.231787 0.0369105 0.00143528
11 0.733347 0.430898 0.103075 0.0590827 0.00136486
11 0.681929 0.425766 0.15204 0.0468389 0.00135637
11 0.369425 0.368199 0.112069 0.0327517 0.00128461
11 0.683815 0.386121 0.150894 0.0389708 0.00117822
11 0.705303 0.386468 0.116492 0.0413047 0.00112402
11 0.683189 0.392586 0.157499 0.0430336 0.00107207
