11 0.0952858 0.593322 0.0308777 0.0785792 0.348155
11 0.0923533 0.582038 0.0304321 0.0929452 0.146792
11 0.189092 0.457311 0.0350901 0.0608792 0.101411
11 0.181533 0.500771 0.0339216 0.0668398 0.0539345
11 0.160448 0.321099 0.0672664 0.0345566 0.0473953
11 0.18145 0.488367 0.0478721 0.0603708 0.0441719
11 0.18669 0.466906 0.037815 0.046732 0.0311158
11 0.705149 0.331517 0.0644725 0.0248705 0.0203367
11 0.786645 0.562568 0.0314814 0.0694676 0.014651
11 0.17561 0.498653 0.0398947 0.0703657 0.0134721
11 0.186269 0.451927 0.0427002 0.0714407 0.0116278
11 0.685023 0.434634 0.0535616 0.0305574 0.0110379
11 0.186458 0.32967 0.0473509 0.0539528 0.0105818
11 0.178224 0.325013 0.0488422 0.0510994 0.0105041
11 0.137338 0.511919 0.0311627 0.0663092 0.0104523
11 0.749996 0.346274 0.0526724 0.0296165 0.0089774
11 0.19226 0.335801 0.0522491 0.0654194 0.0077437
11 0.20433 0.403304 0.05647 0.0434963 0.00749205
11 0.15189 0.377055 0.0567879 0.0248415 0.00728763
11 0.159856 0.486964 0.0591612 0.0699415 0.00721888
11 0.135107 0.497658 0.0292684 0.081534 0.00691725
11 0.1244 0.373301 0.0605708 0.0429466 0.006538
11 0.15401 0.391176 0.0531912 0.0502317 0.00649448
11 0.207836 0.395931 0.0620915 0.0556506 0.00640412
11 0.72082 0.334888 0.065762 0.0243728 0.00600704
11 0.166489 0.315068 0.0588922 0.0475543 0.00599363
11 0.694586 0.435188 0.0608954 0.0299351 0.00578938
11 0.115823 0.486105 0.0551322 0.0748301 0.00574202
11 0.746424 0.342076 0.0600783 0.0268459 0.00566429
11 0.691578 0.333731 0.0536426 0.0230361 0.00555997
11 0.154298 0.409093 0.049018 0.0465176 0.00551737
11 0.186196 0.498512 0.0313342 0.0785243 0.0053782
11 0.690279 0.393618 0.0566688 0.0456459 0.00537243
11 0.146408 0.393185 0.0486534 0.0544986 0.00527514
11 0.147814 0.409678 0.0501211 0.038598 0.0044366
11 0.200145 0.344592 0.0677664 0.0726857 0.00437314
11 0.231537 0.372645 0.0584158 0.057519 0.00428901
11 0.14594 0.379294 0.0533713 0.0308694 0.00428881
11 0.688562 0.430078 0.0498844 0.0299286 0.00383002
11 0.147366 0.491686 0.0428706 0.0794711 0.00380421
11 0.148686 0.426349 0.060113 0.0606103 0.00327763
11 0.14158 0.495333 0.0393258 0.0847781 0.00322653
11 0.714089 0.329429 0.0583407 0.0201115 0.00315979
11 0.698321 0.442029 0.0576329 0.0418287 0.00313525
11 0.193701 0.322464 0.0520193 0.0661053 0.00310726
11 0.154972 0.328537 0.0787189 0.0396235 0.00309955
11 0.18769 0.40277 0.040709 0.0424384 0.00306737
11 0.530606 0.618357 0.0510826 0.0641621 0.00298267
11 0.193955 0.452276 0.0371327 0.0536055 0.00289198
11 0.681946 0.38832 0.0561463 0.0500769 0.0027633
11 0.720187 0.378556 0.0496081 0.0364555 0.00274005
11 0.21139 0.302645 0.0497964 0.0629055 0.00271512
11 0.681769 0.433834 0.0604181 0.0438313 0.00268741
11 0.122358 0.468651 0.0624795 0.0416795 0.00267097
11 0.155993 0.426873 0.0540243 0.0539265 0.00257825
11 0.146741 0.51101 0.0411809 0.0766185 0.00246769
11 0.706474 0.342153 0.0615626 0.0496735 0.00240542
11 0.152825 0.376108 0.0509221 0.0330935 0.00237595
11 0.688598 0.436543 0.054581 0.040638 0.00237595
11 0.2208 0.358235 0.0670711 0.0638234 0.00237026
11 0.131385 0.472161 0.064906 0.0556716 0.0023069
11 0.707878 0.39203 0.0561311 0.0444372 0.00224049
11 0.146454 0.418507 0.0551441 0.0511485 0.00223113
11 0.162076 0.432939 0.0429124 0.058342 0.00213663
11 0.099291 0.596976 0.0281105 0.0714865 0.00212613
11 0.759883 0.348747 0.0529566 0.0288057 0.00209154
11 0.144843 0.402047 0.0489014 0.0540195 0.00208512
11 0.672115 0.386057 0.0563104 0.0516623 0.00207505
11 0.679212 0.431965 0.0574452 0.0324619 0.00200796
11 0.679655 0.52929 0.0665094 0.0351876 0.0019909
11 0.113861 0.590399 0.0358209 0.0668052 0.00197847
11 0.167679 0.329891 0.0832454 0.0437974 0.00192118
11 0.114291 0.475462 0.0531232 0.0525392 0.00186145
11 0.144707 0.47446 0.0507581 0.0672204 0.00184424
11 0.164608 0.499257 0.0459963 0.0827772 0.00167527
11 0.745458 0.331097 0.0522826 0.0205244 0.00165966
11 0.706962 0.44333 0.0606208 0.0387854 0.00161374
11 0.240395 0.386193 0.0479834 0.0473795 0.00161164
11 0.695653 0.341536 0.0536939 0.0419817 0.00159425
11 0.13885 0.479439 0.053891 0.0666532 0.0015938
11 0.732444 0.468383 0.042243 0.0507003 0.00158308
11 0.721568 0.395676 0.0583534 0.0513341 0.00154257
11 0.168288 0.465333 0.0341334 0.0707794 0.00150791
11 0.195637 0.466586 0.0253922 0.0469625 0.0014749
11 0.108315 0.482196 0.0550602 0.0707923 0.00145193
11 0.677034 0.388149 0.0532115 0.0643108 0.00137407
11 0.17568 0.452964 0.0291569 0.066641 0.00136139
11 0.213181 0.353325 0.0696357 0.0680436 0.00135715
11 0.104613 0.566886 0.0343975 0.0582574 0.00135714
11 0.712977 0.383982 0.0555398 0.0388235 0.00134088
11 0.695555 0.427147 0.0639418 0.0333366 0.0013345
10 0.172449 0.445965 0.0179682 0.0631246 0.00128186
11 0.684859 0.4486 0.0425032 0.0832998 0.00127492
11 0.661498 0.381169 0.0634058 0.0597255 0.00125622
11 0.114652 0.46793 0.0482936 0.0361884 0.00121516
11 0.723564 0.418927 0.0588796 0.0416668 0.00120893
11 0.191857 0.424299 0.0484475 0.0645098 0.00119419
11 0.094701 0.566536 0.0314214 0.0686871 0.00118804
11 0.709603 0.405813 0.0559469 0.0370676 0.00118008
11 0.220715 0.383181 0.0584835 0.0735032 0.0011535
11 0.779322 0.560235 0.0399211 0.0644657 0.00114843
11 0.180414 0.312817 0.0561466 0.050662 0.0010802
11 0.701561 0.398557 0.0569122 0.0474406 0.00104776
11 0.735498 0.330044 0.0658334 0.0194985 0.00101423
11 0.0554707 0.375548 0.0387622 0.0570832 0.00100978
