10 0.284901 0.818868 0.303284 0.0558902 0.886676
11 0.647339 0.252127 0.0815552 0.0459495 0.00801285
11 0.644857 0.23663 0.0888787 0.0742752 0.00722655
11 0.645325 0.22132 0.0785948 0.082072 0.00177922
11 0.645107 0.267002 0.0888748 0.0802996 0.00173136
11 0.631982 0.227443 0.060412 0.0849658 0.00165511
11 0.631928 0.719001 0.0549129 0.169278 0.00164525
11 0.631872 0.246087 0.0616471 0.0776504 0.00164502
11 0.649844 0.283133 0.0767982 0.106271 0.00134078
11 0.641721 0.280864 0.0499023 0.100046 0.00125926
