2 0.661038 0.398138 0.46482 0.50995 0.92791
1 0.599637 0.522073 0.545065 0.147374 0.875611
10 0.641193 0.439957 0.43991 0.0590839 0.0896773
1 0.640124 0.484886 0.468938 0.158326 0.0329944
10 0.625564 0.433973 0.415181 0.0416012 0.032311
10 0.644295 0.456202 0.450596 0.110393 0.0312715
10 0.632954 0.428473 0.426777 0.0964458 0.0240179
4 0.635504 0.448409 0.431708 0.195642 0.00896304
1 0.6301 0.465659 0.45204 0.112694 0.00865617
10 0.625439 0.435646 0.419634 0.172477 0.00753894
10 0.612678 0.422579 0.399109 0.0741011 0.00272106
4 0.65024 0.438335 0.418854 0.371381 0.00207562
4 0.621309 0.396201 0.406673 0.29931 0.00151591
10 0.565886 0.438234 0.330111 0.0480034 0.00138451
2 0.59184 0.452898 0.541384 0.355502 0.00103211
