4 0.422746 0.655088 0.254494 0.0819303 0.565569
4 0.43203 0.70281 0.268779 0.18664 0.174774
4 0.424329 0.674344 0.258497 0.122801 0.0557631
1 0.423565 0.661468 0.247663 0.064198 0.0511891
4 0.421449 0.641401 0.254459 0.119255 0.0441376
10 0.41942 0.659164 0.254232 0.0660111 0.0143642
10 0.441868 0.660705 0.203668 0.0544384 0.0125427
3 0.446579 0.655199 0.198558 0.0624005 0.00334411
3 0.482924 0.732237 0.244241 0.161843 0.00329986
4 0.4671 0.720511 0.335669 0.198975 0.00253412
3 0.435895 0.66701 0.215623 0.0570855 0.00164906
