11 0.250248 0.58461 0.0317598 0.0828223 0.0342842
11 0.262796 0.587871 0.044595 0.123906 0.0239837
11 0.266824 0.629764 0.0566704 0.0606629 0.0233309
11 0.255391 0.575483 0.0397416 0.0817425 0.0153982
11 0.23443 0.584059 0.0397349 0.06106 0.0150732
11 0.213492 0.581349 0.0642811 0.0454048 0.0150699
11 0.263611 0.648863 0.0593567 0.0678209 0.0127293
11 0.2457 0.593798 0.028847 0.0905105 0.0123792
11 0.260022 0.630909 0.0366577 0.0891315 0.0106062
10 0.132063 0.527208 0.0673813 0.0535911 0.0102885
11 0.220881 0.590749 0.0642334 0.0468743 0.00967668
11 0.221674 0.56977 0.0534466 0.05596 0.00875946
11 0.306865 0.544267 0.0558227 0.031649 0.00714985
11 0.232853 0.574355 0.0428007 0.0667563 0.00709539
11 0.31295 0.548349 0.0450752 0.037022 0.00638325
11 0.211296 0.565439 0.0629387 0.0553999 0.00609019
10 0.216781 0.478313 0.0183363 0.0627077 0.00554067
11 0.254094 0.591953 0.0380902 0.117971 0.00552411
11 0.25025 0.631522 0.0321572 0.0855086 0.00505066
11 0.213047 0.587388 0.0578231 0.0355878 0.00421951
11 0.236887 0.604764 0.0403683 0.0597036 0.0040921
11 0.294985 0.550626 0.0706003 0.0461175 0.003842
11 0.26254 0.617887 0.0449464 0.0755341 0.00356164
11 0.224707 0.599346 0.059526 0.0381903 0.0034158
11 0.135334 0.526635 0.0630126 0.0472074 0.00329572
11 0.257314 0.615237 0.0351341 0.0983093 0.00304809
11 0.199164 0.581567 0.052424 0.0352294 0.00296396
11 0.24872 0.61553 0.0333076 0.0953397 0.00294532
11 0.291003 0.475343 0.058512 0.0304582 0.00291255
11 0.254685 0.652826 0.0369905 0.0633909 0.00283622
11 0.321972 0.547798 0.0476579 0.0325394 0.00275372
3 0.82764 0.520269 0.0888279 0.0784152 0.00273425
11 0.124052 0.528807 0.053699 0.0461759 0.00255779
11 0.100559 0.471336 0.0463585 0.0384914 0.0024882
11 0.260408 0.670758 0.0582719 0.0394052 0.00244002
11 0.233132 0.63778 0.0508133 0.0580756 0.00243992
11 0.226244 0.642674 0.0565515 0.0364267 0.0023734
11 0.225265 0.496804 0.03357 0.0636718 0.00221567
11 0.109377 0.521472 0.0315204 0.0369499 0.00218747
11 0.23792 0.621047 0.0411497 0.062974 0.00211111
11 0.287376 0.63244 0.0659267 0.047912 0.00209069
11 0.298261 0.545011 0.0634355 0.0379305 0.0019585
11 0.338796 0.550358 0.0453421 0.035866 0.00188493
11 0.204725 0.509605 0.062982 0.0335413 0.00187249
11 0.194868 0.585421 0.051669 0.0358935 0.00179195
11 0.20694 0.643282 0.043709 0.0367693 0.00177233
11 0.263212 0.663185 0.0671701 0.050635 0.0017401
11 0.203971 0.502944 0.0552599 0.0441748 0.00163148
4 0.0634215 0.596896 0.0258472 0.0743789 0.00161008
11 0.291881 0.565063 0.0677076 0.0541662 0.00156854
11 0.06429 0.531999 0.0149109 0.0883557 0.00154818
11 0.0609266 0.503853 0.0166731 0.0712 0.00153395
11 0.235056 0.645011 0.0528975 0.0429019 0.00145804
11 0.2786 0.56177 0.0832563 0.0719768 0.0013976
11 0.300757 0.697517 0.0598698 0.0272385 0.00139199
11 0.225227 0.510211 0.0342754 0.0412067 0.0013716
11 0.262014 0.598089 0.0683334 0.1495 0.00135172
10 0.127386 0.519369 0.055532 0.0542791 0.00133973
11 0.0625612 0.607449 0.0247008 0.084402 0.00130786
11 0.130548 0.522085 0.0630571 0.0605784 0.00130733
11 0.352505 0.591336 0.0314984 0.042773 0.00129902
11 0.0590229 0.530979 0.0160344 0.0803839 0.00129263
11 0.826588 0.530963 0.0808573 0.0537718 0.00124387
11 0.063761 0.514753 0.0162584 0.0689804 0.00121081
11 0.225487 0.481579 0.0364002 0.0564823 0.00120499
11 0.220135 0.639802 0.0562276 0.0445236 0.00119652
11 0.310536 0.637805 0.0518133 0.0606072 0.00115702
11 0.142913 0.521647 0.0482015 0.0403817 0.00115596
11 0.30403 0.475758 0.069639 0.0296982 0.00112854
11 0.0638985 0.502693 0.0175891 0.0696277 0.00112573
11 0.01999 0.819697 0.0195378 0.0916816 0.00112448
11 0.20417 0.52909 0.0697148 0.0562584 0.00109024
11 0.0662299 0.593733 0.0268032 0.0759872 0.0010829
11 0.271857 0.71997 0.0533489 0.0317585 0.00102427
11 0.0659418 0.824222 0.0333068 0.0781546 0.00101281
11 0.0741568 0.533934 0.0121912 0.0810625 0.00100361
