3 0.662993 0.601712 0.299413 0.151527 0.929239
4 0.494177 0.659774 0.476714 0.141999 0.918999
4 0.497791 0.649533 0.442906 0.219839 0.0446856
4 0.513954 0.630082 0.269621 0.247223 0.0379462
4 0.459888 0.680499 0.292898 0.199342 0.0189836
4 0.56437 0.647534 0.319081 0.203523 0.00582886
4 0.552431 0.629509 0.48223 0.188456 0.00328131
4 0.462528 0.709427 0.278331 0.139992 0.00299396
0 0.665962 0.984477 0.537131 0.031047 0.00286021
0 0.488364 0.983221 0.767431 0.0335579 0.0024681
0 0.750462 0.983758 0.415454 0.0324843 0.0016804
4 0.42599 0.661051 0.31377 0.236801 0.00115382
0 0.660368 0.960584 0.587435 0.0783514 0.00102099
0 0.810441 0.988115 0.338646 0.0237703 0.00101877
