11 0.529734 0.410982 0.142109 0.0181978 0.124467
11 0.53727 0.405794 0.131809 0.0235273 0.0271333
10 0.554356 0.398971 0.122802 0.0150384 0.016425
11 0.710126 0.312423 0.119976 0.0273691 0.0161851
11 0.481965 0.297223 0.109748 0.0269693 0.013124
10 0.494831 0.316021 0.146586 0.0140668 0.0130898
11 0.711774 0.317477 0.111416 0.0193862 0.0121665
11 0.494359 0.291696 0.110074 0.0203108 0.0116834
11 0.505471 0.298922 0.132056 0.0234025 0.0102175
11 0.444033 0.29702 0.145238 0.0264705 0.0100257
11 0.360306 0.282433 0.14001 0.0216473 0.00954681
11 0.545483 0.30422 0.120523 0.0196418 0.0091704
11 0.710381 0.30254 0.115561 0.0315732 0.00914818
11 0.442752 0.290878 0.14028 0.0286072 0.00884501
11 0.529395 0.289146 0.140234 0.0187627 0.00845128
11 0.545023 0.307704 0.115665 0.0164446 0.00843028
11 0.458848 0.293626 0.132348 0.0244193 0.00775371
11 0.648539 0.328119 0.134726 0.0169631 0.00736279
11 0.545572 0.408991 0.150592 0.0227896 0.00731487
11 0.559763 0.307773 0.109619 0.0183449 0.00719559
11 0.647906 0.308886 0.0894217 0.0260477 0.00716848
11 0.585655 0.39947 0.13695 0.0159596 0.00708943
11 0.625005 0.308672 0.110358 0.0226298 0.00652073
11 0.687139 0.302325 0.0872899 0.0312795 0.00616288
11 0.69318 0.309944 0.104862 0.0278176 0.00608072
11 0.592949 0.308718 0.130811 0.021484 0.00606282
11 0.625445 0.316254 0.116034 0.0174823 0.00575299
11 0.685984 0.327477 0.115418 0.0197696 0.00552877
11 0.62695 0.32761 0.119328 0.0144112 0.00509846
11 0.397299 0.294963 0.177128 0.0372719 0.00496968
11 0.548495 0.287391 0.141601 0.0197088 0.00491351
11 0.422154 0.28797 0.14607 0.0289306 0.00477047
11 0.420714 0.296103 0.159634 0.0293898 0.00456274
11 0.577726 0.404713 0.138905 0.024843 0.00454833
11 0.531632 0.401714 0.133719 0.0230583 0.00442386
11 0.381501 0.284221 0.167948 0.0262679 0.00432091
11 0.607506 0.316134 0.107218 0.0242519 0.00422374
11 0.373045 0.292859 0.139738 0.0327453 0.00358049
11 0.438235 0.27809 0.119778 0.0201373 0.00353077
11 0.654216 0.316064 0.137535 0.0143974 0.00290148
11 0.520713 0.317011 0.101678 0.0241083 0.00285962
11 0.702386 0.325233 0.0941143 0.02231 0.00284176
11 0.719105 0.31119 0.109635 0.0215734 0.00284017
11 0.464046 0.280093 0.11389 0.0227024 0.00278153
11 0.410851 0.300642 0.122206 0.0371066 0.00256931
11 0.612831 0.326617 0.112422 0.0156698 0.00249647
11 0.433349 0.303062 0.148089 0.0270728 0.0024834
11 0.657262 0.303384 0.0791203 0.0286428 0.00227557
11 0.665496 0.332638 0.12226 0.0200272 0.00222757
11 0.523816 0.308073 0.129894 0.014735 0.00216584
11 0.549527 0.317515 0.107429 0.02499 0.00211744
11 0.683515 0.335345 0.0975222 0.019382 0.00208374
10 0.511604 0.314492 0.136028 0.0165963 0.00198272
11 0.544065 0.312412 0.101958 0.0192928 0.00197529
11 0.718035 0.326013 0.0979031 0.0229267 0.00191502
11 0.575139 0.314799 0.0880262 0.024391 0.00190947
11 0.350564 0.279348 0.115819 0.0195602 0.00190389
11 0.615586 0.39994 0.117344 0.0159192 0.00180193
11 0.70066 0.316098 0.104619 0.0156095 0.00175506
11 0.328516 0.281097 0.11277 0.0230125 0.00165043
11 0.460457 0.303315 0.134659 0.0199088 0.00154374
11 0.59932 0.304114 0.140434 0.0246584 0.00153366
11 0.590714 0.324299 0.0920544 0.0197868 0.00144062
11 0.614146 0.402348 0.124802 0.0248414 0.00143183
11 0.570457 0.286355 0.141898 0.0199473 0.00126183
11 0.639197 0.303709 0.0951887 0.0275998 0.00120675
11 0.695348 0.294461 0.0918085 0.0272879 0.00120292
11 0.418224 0.279152 0.119633 0.0194708 0.00117432
11 0.495109 0.306751 0.147888 0.0168024 0.00108733
11 0.572595 0.321693 0.0693832 0.0242253 0.00106122
