11 0.660024 0.49926 0.0778484 0.0409926 0.0487213
11 0.395445 0.600972 0.0838121 0.131025 0.0362573
11 0.367454 0.46749 0.0954556 0.0659862 0.023666
11 0.631287 0.766212 0.0704438 0.125675 0.0228095
11 0.570027 0.295028 0.221384 0.070639 0.0152164
11 0.428187 0.366821 0.180223 0.171618 0.0101517
11 0.539455 0.293197 0.156176 0.0656455 0.00894817
11 0.398724 0.605084 0.0976396 0.164319 0.00838064
11 0.352231 0.465447 0.0645533 0.0684806 0.00801236
11 0.35817 0.594477 0.0542147 0.125029 0.00743091
11 0.633981 0.762742 0.0518704 0.142816 0.00576246
11 0.350809 0.451693 0.0609614 0.0958823 0.00517102
11 0.628856 0.795513 0.0833371 0.164916 0.00348967
11 0.616407 0.266962 0.106791 0.0474345 0.00321932
11 0.353492 0.476377 0.0712606 0.0708585 0.00254603
11 0.569923 0.273868 0.229979 0.114745 0.00251595
11 0.628085 0.2799 0.0751852 0.0573572 0.00247097
11 0.618346 0.249247 0.104585 0.0792587 0.00245609
11 0.356913 0.571361 0.0533756 0.0979291 0.00241566
11 0.638916 0.290293 0.0522153 0.0694154 0.00240471
11 0.636816 0.620227 0.05237 0.0787311 0.00236205
11 0.639939 0.229669 0.0536432 0.0968202 0.00234465
11 0.379223 0.596436 0.0517735 0.144715 0.00230166
11 0.65937 0.507782 0.0809827 0.0596746 0.0022372
11 0.653437 0.498672 0.0760654 0.0506425 0.00206406
11 0.354612 0.610062 0.0526232 0.103825 0.00200334
11 0.643019 0.553506 0.0407259 0.123535 0.00189382
11 0.387346 0.517152 0.0774799 0.124179 0.00177017
11 0.359847 0.55261 0.0583452 0.0867436 0.00165666
11 0.374615 0.332583 0.042769 0.0710075 0.00160949
11 0.633168 0.248671 0.0784585 0.0768774 0.00160702
11 0.643879 0.492424 0.05784 0.0550569 0.00157198
11 0.636338 0.279768 0.0582692 0.0689916 0.00156225
11 0.352877 0.464744 0.0780444 0.0819061 0.00148558
11 0.64017 0.320534 0.0510056 0.0879778 0.00144307
11 0.641208 0.436249 0.0489888 0.126255 0.00139709
11 0.371843 0.6563 0.0957157 0.0928557 0.00133052
11 0.639865 0.336496 0.0513824 0.0901532 0.00119512
11 0.655394 0.489959 0.0690469 0.0544219 0.001167
11 0.637933 0.566904 0.0499134 0.084222 0.00115533
11 0.651656 0.677558 0.071562 0.0919574 0.00112842
11 0.362108 0.538752 0.0633245 0.0810267 0.00112364
11 0.646279 0.644372 0.0489166 0.103082 0.00111213
11 0.640195 0.304873 0.0510323 0.0830598 0.0010845
