10 0.402788 0.546199 0.292578 0.457428 0.910046
4 0.4468 0.52218 0.415947 0.222694 0.892385
8 0.576664 0.737014 0.275663 0.255415 0.734263
10 0.451611 0.561164 0.321886 0.492288 0.0426533
8 0.540519 0.561948 0.294716 0.400313 0.0275846
3 0.507674 0.80671 0.244488 0.155756 0.0252909
8 0.570431 0.640359 0.287688 0.292421 0.0214673
8 0.531119 0.605305 0.342746 0.332271 0.00974778
8 0.488169 0.551069 0.318599 0.385654 0.00575842
3 0.2421 0.704425 0.222989 0.211181 0.00404111
8 0.457652 0.564201 0.238511 0.361396 0.00325204
4 0.411119 0.538445 0.277806 0.316311 0.00219958
