3 0.226647 0.731983 0.202047 0.151162 0.845224
11 0.508864 0.408967 0.156392 0.0580013 0.0226988
11 0.576082 0.643528 0.135891 0.0988436 0.00950171
3 0.428167 0.586241 0.259002 0.173685 0.00726104
11 0.569992 0.670568 0.122941 0.0719453 0.00656462
11 0.554413 0.646768 0.107851 0.0862547 0.00627186
11 0.564656 0.657608 0.11003 0.0850141 0.00479417
11 0.451672 0.452237 0.228704 0.0491451 0.00470669
11 0.479117 0.406785 0.225925 0.0616242 0.00457946
11 0.539414 0.640776 0.0929811 0.0822844 0.00353348
11 0.560075 0.68181 0.154558 0.0550335 0.00337076
11 0.570876 0.661705 0.140731 0.0657755 0.00314466
11 0.430867 0.64319 0.128717 0.0474126 0.00287091
11 0.600349 0.63599 0.201787 0.111862 0.00234515
11 0.518552 0.643075 0.089477 0.0848342 0.00223788
11 0.591945 0.659101 0.16818 0.0430795 0.00203259
11 0.454579 0.637586 0.126664 0.0615335 0.00202925
11 0.59385 0.674776 0.204718 0.0526949 0.00199659
11 0.390909 0.622761 0.0895898 0.0850252 0.0019811
11 0.583028 0.688648 0.146962 0.0524513 0.00196502
11 0.682966 0.639522 0.167644 0.0723233 0.00195608
11 0.585891 0.684172 0.208037 0.0511378 0.00194196
11 0.635628 0.686497 0.170989 0.0533194 0.00193995
11 0.408836 0.636785 0.110028 0.0630608 0.00188793
11 0.594693 0.651477 0.164154 0.0641896 0.00178348
11 0.533971 0.406565 0.183634 0.0494345 0.00174541
11 0.538073 0.691413 0.1415 0.039801 0.00162359
11 0.501013 0.457153 0.268952 0.0447849 0.00155117
11 0.484977 0.636442 0.120222 0.0783267 0.00130888
11 0.406516 0.402124 0.214121 0.0400972 0.00129601
11 0.629739 0.657931 0.163833 0.0461238 0.00126979
11 0.600554 0.62645 0.267865 0.107092 0.0012581
11 0.438703 0.443364 0.218512 0.0650688 0.00117773
11 0.563606 0.691569 0.156352 0.0514134 0.00109624
11 0.698828 0.636236 0.125888 0.0691565 0.00106971
3 0.581387 0.618145 0.364717 0.14186 0.00105976
11 0.357623 0.607996 0.157036 0.0622962 0.00101664
