11 0.42606 0.338168 0.17987 0.0762543 0.115632
11 0.684551 0.556024 0.168149 0.111892 0.0381739
11 0.687501 0.529035 0.165273 0.175868 0.0343438
11 0.449418 0.343373 0.226584 0.0915143 0.0187645
7 0.666246 0.485103 0.0941103 0.0846649 0.00774745
7 0.656215 0.475727 0.0758697 0.0596636 0.00657274
11 0.406013 0.543968 0.090638 0.0947576 0.00303745
11 0.663694 0.51807 0.10687 0.15508 0.00243085
11 0.580726 0.635625 0.179423 0.111138 0.00110443
11 0.523072 0.417616 0.207661 0.0806883 0.00109807
11 0.496768 0.463186 0.13411 0.0647737 0.00108224
11 0.677521 0.564813 0.144715 0.0752398 0.0010539
