3 0.352129 0.359121 0.385261 0.332178 0.914772
4 0.492944 0.276203 0.471483 0.290439 0.903825
10 0.474353 0.409205 0.373731 0.297447 0.738932
10 0.4791 0.45606 0.35134 0.19585 0.0159281
0 0.218265 0.871436 0.222562 0.203508 0.0112449
4 0.478456 0.432624 0.352072 0.239493 0.0107947
10 0.535246 0.473686 0.250155 0.167509 0.00887018
10 0.52599 0.312886 0.375079 0.20284 0.00853134
0 0.164632 0.884147 0.315306 0.22249 0.00361659
4 0.462943 0.323713 0.464798 0.302094 0.00172475
10 0.460297 0.298659 0.509203 0.241249 0.00110629
