11 0.427285 0.663337 0.104946 0.160634 0.72501
11 0.437324 0.657435 0.106368 0.13172 0.44717
11 0.193616 0.462232 0.182206 0.185872 0.153283
11 0.377875 0.478537 0.318464 0.158038 0.0385366
11 0.208078 0.482008 0.166153 0.1627 0.00690769
11 0.355717 0.602787 0.248635 0.181337 0.00265284
11 0.385592 0.509925 0.246556 0.0687449 0.00229574
11 0.376552 0.612645 0.18256 0.165656 0.00130923
11 0.411921 0.648817 0.125056 0.133127 0.00123432
11 0.391735 0.526991 0.223258 0.0973537 0.00116015
11 0.366197 0.484679 0.299032 0.119082 0.00107689
