9 0.579637 0.474218 0.285896 0.244688 0.953714
6 0.494382 0.567366 0.408145 0.07008 0.696798
6 0.48057 0.554174 0.391492 0.0651239 0.193216
6 0.542341 0.553086 0.302366 0.0883015 0.0364319
7 0.393053 0.558494 0.20366 0.0311249 0.0105838
6 0.558486 0.532894 0.273776 0.13588 0.00997501
6 0.497792 0.549863 0.437003 0.0856132 0.00748799
6 0.454997 0.551978 0.329695 0.0504535 0.00690216
6 0.569644 0.549813 0.247934 0.0743616 0.00411521
6 0.499171 0.521647 0.423076 0.168517 0.00359006
6 0.462808 0.539026 0.351112 0.0867488 0.00206263
7 0.685586 0.710514 0.141038 0.0283788 0.00182329
9 0.885686 0.512098 0.228629 0.568395 0.00182148
0 0.534237 0.558508 0.267639 0.0972122 0.00177926
7 0.372723 0.554618 0.168384 0.0297833 0.00161794
0 0.508621 0.561804 0.266472 0.0747677 0.00149766
7 0.390022 0.553875 0.234022 0.0382159 0.00122431
6 0.443581 0.556644 0.306049 0.0378277 0.00118389
6 0.546388 0.493295 0.150655 0.185935 0.00116465
6 0.51078 0.561601 0.499581 0.0862196 0.00113087
0 0.535923 0.546835 0.22508 0.0953482 0.00103519
10 0.049764 0.594262 0.0981639 0.296702 0.00103422
