3 0.748011 0.5474 0.0952049 0.0628761 0.728354
11 0.590692 0.349316 0.0884765 0.0576255 0.453206
11 0.220515 0.499324 0.100749 0.0509546 0.017069
11 0.308704 0.719611 0.064672 0.0847285 0.00981428
11 0.761418 0.391353 0.0310127 0.113298 0.00925958
11 0.22548 0.584041 0.0834924 0.0799163 0.00867467
11 0.227742 0.63609 0.0834683 0.0490144 0.00848184
11 0.318441 0.624949 0.0669519 0.0632856 0.00805287
11 0.33309 0.628778 0.056212 0.0644737 0.00790245
11 0.201551 0.450619 0.0986466 0.0306934 0.00755936
11 0.255573 0.455655 0.117092 0.0337401 0.00683904
11 0.123575 0.635859 0.0786389 0.0687712 0.00656656
11 0.324908 0.719104 0.0664571 0.0882654 0.00653544
11 0.178038 0.451694 0.131638 0.0323393 0.00632866
11 0.57484 0.416955 0.0897993 0.0633383 0.00584757
11 0.192874 0.455238 0.126546 0.0360481 0.00582102
11 0.128199 0.62448 0.0748338 0.0528348 0.0051372
11 0.322595 0.565882 0.066768 0.0845671 0.00510855
11 0.334307 0.620504 0.0640017 0.0807517 0.00460853
11 0.25006 0.689325 0.0580958 0.0662408 0.00451378
11 0.211284 0.593065 0.0619126 0.0659268 0.00451238
11 0.131398 0.620531 0.0652428 0.0368553 0.00422568
11 0.569094 0.408131 0.105371 0.0669324 0.00418619
10 0.597867 0.50929 0.0675358 0.0370625 0.00385816
11 0.629818 0.34919 0.0900716 0.0490658 0.00384321
11 0.178319 0.510205 0.116866 0.0604196 0.00323868
11 0.557018 0.400608 0.0992558 0.0558143 0.00306144
11 0.604235 0.356237 0.0812099 0.0565073 0.003041
11 0.300997 0.620339 0.0968921 0.0688893 0.00303441
11 0.205245 0.598855 0.0564509 0.0609824 0.00297281
11 0.233804 0.454516 0.0973437 0.0367064 0.00282252
11 0.144505 0.624431 0.065882 0.0514813 0.00279223
11 0.586018 0.42159 0.0703111 0.0526159 0.00273389
11 0.137556 0.489333 0.0393868 0.107028 0.00272889
11 0.113686 0.699681 0.0438834 0.0457649 0.00267629
11 0.703073 0.405703 0.0795953 0.0603304 0.0025775
11 0.316882 0.713631 0.071802 0.0717529 0.00256758
11 0.574863 0.432944 0.0830356 0.0381547 0.00254504
11 0.304748 0.71198 0.0802763 0.0639386 0.00248119
11 0.527666 0.400559 0.0806628 0.0604078 0.00240276
11 0.144269 0.491168 0.0367674 0.105817 0.00236444
11 0.272527 0.468091 0.125443 0.056658 0.00231981
11 0.640954 0.392205 0.0654918 0.0681753 0.00230646
11 0.57482 0.439387 0.0826462 0.0337513 0.00227777
11 0.617799 0.348707 0.0747259 0.0545652 0.00221198
11 0.341797 0.627318 0.0478593 0.0682131 0.00218098
11 0.109505 0.716393 0.0287262 0.0714071 0.00217493
11 0.141571 0.49176 0.0632621 0.0942882 0.00213824
11 0.627072 0.382288 0.0956688 0.0699245 0.00210515
11 0.2674 0.592619 0.0771882 0.071092 0.0020572
11 0.556603 0.411901 0.0899754 0.0786489 0.00205382
11 0.216307 0.636685 0.0584164 0.0453357 0.00199502
11 0.123216 0.6975 0.0626481 0.0397322 0.00188205
11 0.238894 0.585591 0.0715942 0.0818483 0.00184025
11 0.160382 0.624812 0.0832798 0.0464496 0.0018267
11 0.281831 0.724565 0.0544471 0.0785988 0.0017751
11 0.236621 0.694277 0.0410775 0.0498931 0.00174842
11 0.181771 0.645386 0.0807192 0.0681996 0.00172794
11 0.217959 0.453391 0.118686 0.0410837 0.00171689
11 0.106892 0.649973 0.0439386 0.0627807 0.00171633
11 0.240367 0.691689 0.0484382 0.06274 0.00171451
11 0.201103 0.646799 0.0531736 0.0648432 0.00171238
11 0.255946 0.609938 0.0778494 0.0550738 0.00169779
11 0.100198 0.717219 0.0346991 0.0680825 0.00169517
11 0.212081 0.499705 0.1091 0.0707409 0.00169434
11 0.1942 0.504907 0.135616 0.0712293 0.00168169
11 0.217206 0.604096 0.0631005 0.0628242 0.00166974
11 0.234606 0.613935 0.0666834 0.0513608 0.00164719
11 0.613327 0.433301 0.0721733 0.041205 0.00159589
11 0.105945 0.703546 0.0587429 0.0598826 0.0015543
11 0.540284 0.408687 0.0784049 0.0834406 0.00149102
11 0.248086 0.448607 0.0835197 0.0339125 0.00148419
11 0.269676 0.602272 0.0723501 0.0572338 0.00146745
11 0.0976057 0.646971 0.026264 0.0651387 0.00139876
11 0.580437 0.373275 0.0877953 0.0344247 0.00138042
11 0.564558 0.441974 0.0877867 0.0310128 0.00137475
11 0.330114 0.578354 0.0541213 0.0917573 0.00136203
11 0.160501 0.636208 0.0808325 0.0565664 0.00133085
11 0.558837 0.389191 0.10203 0.0611226 0.00132677
11 0.124326 0.488796 0.0482541 0.10395 0.00131578
11 0.199962 0.605306 0.0525538 0.0549801 0.00130649
11 0.325601 0.554035 0.0626848 0.0646372 0.0012374
11 0.108147 0.708625 0.0335286 0.0636081 0.00121635
11 0.700527 0.41598 0.0818721 0.0534058 0.0011313
11 0.294867 0.721647 0.0786999 0.0783116 0.00112246
11 0.601359 0.435554 0.074312 0.0372429 0.00109247
11 0.222991 0.695638 0.0697131 0.038269 0.00108395
11 0.203168 0.620971 0.0475236 0.0583741 0.00105653
11 0.209016 0.609561 0.0615508 0.0645283 0.0010087
