3 0.364489 0.6789 0.159055 0.140728 0.840985
11 0.882014 0.591082 0.0789372 0.0598414 0.0144053
11 0.325633 0.34935 0.124305 0.0280153 0.00762987
11 0.726181 0.560573 0.130401 0.0203383 0.00518569
11 0.67768 0.697089 0.101225 0.0319521 0.00380571
11 0.164395 0.400366 0.0221332 0.0817029 0.00342638
11 0.702767 0.699824 0.12835 0.0366805 0.00309734
11 0.844597 0.722815 0.0726447 0.0289076 0.00305895
11 0.160945 0.392582 0.0232599 0.0677814 0.00288633
11 0.855651 0.722727 0.0530032 0.0294881 0.00269735
11 0.845879 0.716536 0.0763093 0.0376242 0.00216472
11 0.826283 0.719432 0.0939544 0.0368069 0.0017859
11 0.729108 0.564657 0.131084 0.0233785 0.00163415
11 0.811043 0.714048 0.0971434 0.0458005 0.00160914
11 0.748176 0.561034 0.111964 0.0230641 0.00159251
11 0.862228 0.713859 0.0787032 0.0408586 0.00145562
10 0.606251 0.69031 0.0507678 0.0744118 0.00132364
11 0.626916 0.613325 0.132818 0.0616678 0.00128909
11 0.656435 0.698171 0.0855623 0.0338627 0.00127765
11 0.837024 0.740367 0.0821678 0.0293611 0.00125901
11 0.62715 0.627742 0.128293 0.0805588 0.00110348
11 0.831603 0.725426 0.0963237 0.0463864 0.00105946
