3 0.451417 0.546202 0.0467308 0.119801 0.174772
3 0.760636 0.575745 0.0620311 0.12552 0.0157481
11 0.732831 0.763689 0.0243896 0.0983819 0.00973886
11 0.375741 0.475942 0.0316494 0.0286725 0.00586109
11 0.820777 0.72582 0.0446388 0.0520342 0.00554573
11 0.316868 0.441785 0.0404297 0.0410242 0.00554276
11 0.323408 0.446109 0.0461407 0.0360333 0.0051015
11 0.990896 0.424992 0.0182085 0.0323027 0.00426877
11 0.321335 0.398779 0.0430075 0.0254672 0.00423572
11 0.990965 0.416485 0.0180704 0.0308179 0.00407703
11 0.82945 0.726783 0.0398166 0.0558594 0.00384721
11 0.308733 0.397054 0.0396903 0.0278361 0.00382287
11 0.382678 0.478104 0.0269041 0.032944 0.00359181
11 0.298113 0.485952 0.0391762 0.0262708 0.00351652
11 0.989087 0.419263 0.0218262 0.0301621 0.00346323
11 0.334256 0.470241 0.0413851 0.0252437 0.00345197
11 0.315044 0.470284 0.0457778 0.0214496 0.00305924
11 0.987119 0.424969 0.0255219 0.0306179 0.00289902
11 0.858455 0.483036 0.0149351 0.115522 0.00283275
11 0.320757 0.550445 0.032752 0.0485779 0.00270212
11 0.356574 0.399255 0.0458013 0.0316375 0.00265142
11 0.326771 0.535748 0.0357467 0.0415169 0.00257472
11 0.359727 0.472542 0.0444322 0.0244653 0.00243388
11 0.312596 0.488358 0.0424759 0.024033 0.00241255
11 0.336108 0.450693 0.0420804 0.029414 0.00235928
11 0.326751 0.551049 0.0396254 0.0523215 0.00234331
11 0.329764 0.399207 0.0442545 0.0256972 0.00223134
11 0.32293 0.408858 0.0436931 0.0374719 0.0021172
3 0.0525309 0.486032 0.0520128 0.106216 0.00200545
11 0.311189 0.413144 0.0364251 0.0477698 0.00195165
11 0.319901 0.540312 0.0306671 0.041052 0.00194391
11 0.257467 0.430258 0.0412391 0.0585439 0.00192702
11 0.330756 0.407527 0.0445965 0.0338388 0.00190246
11 0.335843 0.553181 0.038652 0.0492796 0.00188802
11 0.362997 0.548069 0.0365574 0.0386881 0.00186634
11 0.341095 0.399975 0.0511728 0.028855 0.00174037
3 0.0563579 0.506872 0.0554694 0.125214 0.00162162
11 0.339629 0.406175 0.0458928 0.0328455 0.00160468
11 0.362525 0.398894 0.041042 0.035578 0.00158516
11 0.240141 0.432789 0.0210889 0.0647397 0.00158282
11 0.811653 0.722994 0.0451307 0.0461439 0.00150487
11 0.352913 0.552142 0.0374282 0.0434691 0.001496
11 0.985912 0.488749 0.0255973 0.0588787 0.0014758
11 0.353433 0.454139 0.0409311 0.0306007 0.00142503
11 0.846132 0.729972 0.0263799 0.0642119 0.00135746
11 0.371439 0.59601 0.0373796 0.0447732 0.00132871
11 0.748601 0.683719 0.0352055 0.0796894 0.00127933
11 0.35328 0.602285 0.0454152 0.0503903 0.00115881
11 0.349921 0.473873 0.0419815 0.0326994 0.00113583
11 0.336061 0.528328 0.0372877 0.0377519 0.00111619
11 0.305228 0.75592 0.03214 0.0596658 0.00109755
11 0.35509 0.682996 0.0333965 0.0387372 0.00109111
11 0.343382 0.555332 0.0370443 0.0491213 0.00107796
11 0.362077 0.671468 0.0420435 0.0290874 0.00104323
11 0.319629 0.435407 0.0443261 0.0457012 0.00102419
