8 0.634864 0.414843 0.301035 0.355578 0.966781
11 0.721204 0.488218 0.115219 0.131981 0.954844
3 0.541798 0.674362 0.285787 0.258568 0.907099
4 0.542703 0.680734 0.287957 0.248666 0.597737
11 0.509611 0.708064 0.146317 0.169109 0.0497962
4 0.575368 0.651774 0.270105 0.204204 0.0345362
11 0.518941 0.712475 0.106391 0.154377 0.0275068
4 0.645632 0.610326 0.261922 0.205079 0.0179987
4 0.663283 0.567568 0.242552 0.267294 0.0138651
3 0.553496 0.629608 0.255576 0.221823 0.00743542
11 0.540519 0.692637 0.157792 0.197254 0.00365208
4 0.707928 0.52673 0.157248 0.186983 0.0026221
4 0.569826 0.67178 0.177222 0.197682 0.00143189
8 0.558764 0.576462 0.183364 0.133766 0.00135081
8 0.783435 0.449351 0.213504 0.227659 0.00128064
8 0.584442 0.590547 0.192295 0.171098 0.0010222
