9 0.215982 0.734527 0.254915 0.212489 0.945425
7 0.251929 0.351015 0.118447 0.0230044 0.159631
7 0.288109 0.354209 0.109557 0.0249269 0.0254324
7 0.286996 0.365553 0.111119 0.0338165 0.00767242
7 0.204916 0.352551 0.130501 0.0274633 0.00650322
7 0.26339 0.368305 0.12727 0.0308601 0.00536377
7 0.278535 0.349276 0.130926 0.0201026 0.00502159
7 0.243696 0.348866 0.0959964 0.0209942 0.00470497
7 0.236549 0.352349 0.0964088 0.0268153 0.00460573
7 0.294151 0.348228 0.0976196 0.0203429 0.00311179
7 0.198649 0.348907 0.117775 0.0214367 0.00272585
