7 0.568938 0.411114 0.0316116 0.0535187 0.229106
7 0.844899 0.34717 0.0562502 0.0603081 0.129741
11 0.230122 0.682045 0.180767 0.109333 0.0946515
11 0.21408 0.667845 0.13891 0.127705 0.0645753
11 0.240424 0.70044 0.190713 0.0808956 0.0365686
7 0.546272 0.409283 0.054785 0.111402 0.00976037
7 0.393042 0.765974 0.0687435 0.0222634 0.00967199
7 0.790875 0.37378 0.0652026 0.0394178 0.00911078
7 0.552197 0.383544 0.0567191 0.0846399 0.00785799
11 0.746317 0.38006 0.225901 0.106683 0.006689
11 0.265223 0.713588 0.216602 0.0955624 0.00627932
7 0.394648 0.762733 0.0637849 0.0224062 0.00594894
11 0.196487 0.653744 0.0915182 0.0996042 0.00546156
7 0.392903 0.749189 0.0629306 0.0451607 0.00542763
7 0.556808 0.385287 0.0674685 0.101744 0.00364008
7 0.552593 0.422863 0.0487426 0.0846208 0.00293601
7 0.580501 0.412165 0.0546195 0.0585959 0.00276799
6 0.744479 0.805384 0.317631 0.230438 0.00255097
7 0.194937 0.634792 0.0438448 0.059306 0.0021132
11 0.182231 0.670864 0.0829479 0.134747 0.00198306
7 0.539713 0.37879 0.0381173 0.0613344 0.0011636
7 0.587014 0.421245 0.0680688 0.0799735 0.0011105
7 0.790058 0.390371 0.0612872 0.0761607 0.00107317
