5 0.356226 0.507139 0.423157 0.320289 0.945847
5 0.289422 0.693853 0.52919 0.287334 0.0397017
5 0.286033 0.756755 0.532943 0.265648 0.025604
5 0.34861 0.674811 0.466641 0.279507 0.0218012
5 0.219646 0.706095 0.418833 0.27229 0.00541594
5 0.420823 0.654151 0.510046 0.293211 0.00474728
5 0.26617 0.654009 0.462576 0.287228 0.00432015
5 0.232644 0.774752 0.430317 0.178433 0.00313481
5 0.392252 0.717339 0.493668 0.266718 0.00283136
5 0.493007 0.451427 0.382188 0.252299 0.0025083
5 0.560466 0.418094 0.383691 0.27016 0.0014621
