3 0.787765 0.426822 0.139129 0.0906167 0.791367
11 0.287923 0.538571 0.0858906 0.0305662 0.296691
11 0.616203 0.801956 0.0250939 0.0827518 0.0477049
11 0.344076 0.68776 0.1069 0.10063 0.0326967
11 0.333137 0.699465 0.100752 0.0925204 0.0318912
11 0.302938 0.749206 0.161062 0.0420291 0.0214438
11 0.303372 0.756159 0.160785 0.0316407 0.0211139
11 0.354806 0.741411 0.082214 0.0199856 0.0156462
11 0.302155 0.543601 0.0809297 0.0447166 0.0131295
11 0.336096 0.713282 0.0790215 0.0547803 0.0127859
11 0.330571 0.714099 0.0968478 0.0646308 0.0103004
11 0.313654 0.750189 0.122787 0.0353912 0.00853282
11 0.318992 0.757241 0.107102 0.0223276 0.00852447
11 0.329632 0.673967 0.11916 0.103335 0.00723293
11 0.343906 0.706653 0.0802181 0.0678307 0.0066937
11 0.32578 0.749638 0.0953284 0.0302203 0.00608969
11 0.632759 0.535266 0.0322187 0.0761344 0.0055986
11 0.306889 0.553322 0.0835612 0.0646987 0.00522205
11 0.307708 0.635259 0.103661 0.0366919 0.00502761
11 0.317089 0.689865 0.116308 0.0981513 0.00500362
11 0.350472 0.672147 0.11036 0.107573 0.00495797
11 0.310412 0.643683 0.117291 0.0589919 0.0045824
10 0.306927 0.745668 0.146852 0.0440327 0.00445288
11 0.231078 0.714996 0.0496276 0.0768539 0.00424315
11 0.397134 0.691505 0.0664507 0.0728244 0.00410047
11 0.328572 0.747341 0.12252 0.0338405 0.00409895
11 0.340566 0.743901 0.109089 0.0262581 0.00371452
11 0.626366 0.535432 0.0256197 0.0742403 0.00348998
11 0.34655 0.713366 0.0537611 0.0513691 0.00313638
11 0.403615 0.684822 0.0581215 0.0611487 0.00299442
11 0.699053 0.597001 0.0472829 0.0726484 0.00294181
11 0.0991271 0.656218 0.0367352 0.0843022 0.00278058
11 0.231655 0.655917 0.0937718 0.111832 0.00272524
11 0.315354 0.629844 0.084576 0.0236368 0.00260483
11 0.684876 0.750443 0.0546742 0.0328144 0.0025357
11 0.295965 0.638306 0.133188 0.0461555 0.0024505
11 0.281551 0.709172 0.072451 0.0913209 0.00238298
11 0.295154 0.692023 0.100067 0.0931827 0.00222198
11 0.387236 0.699068 0.0904306 0.0771055 0.00209154
10 0.289447 0.742018 0.141057 0.0500269 0.00187515
11 0.290785 0.6432 0.138347 0.075963 0.00187185
11 0.358226 0.69089 0.104543 0.0801241 0.00178422
11 0.363333 0.658662 0.112353 0.0791712 0.00178121
11 0.279354 0.677676 0.0964365 0.101376 0.00166852
11 0.339872 0.748525 0.0851107 0.0279729 0.00161164
11 0.301725 0.706869 0.0987448 0.0870589 0.00158691
11 0.277213 0.694389 0.0940241 0.0906159 0.00156655
11 0.331631 0.646246 0.125156 0.0630585 0.00148709
11 0.665315 0.747269 0.0400038 0.0303379 0.00143069
11 0.363652 0.743629 0.06685 0.0217304 0.00132829
11 0.302771 0.535735 0.0802154 0.0414758 0.00125011
11 0.294152 0.530954 0.0741937 0.0436131 0.00120006
11 0.268587 0.743875 0.132028 0.0403317 0.00111242
11 0.289422 0.628151 0.136347 0.0241704 0.00109073
11 0.363416 0.674292 0.109204 0.0906763 0.00109017
11 0.299743 0.672232 0.111408 0.106425 0.00105309
11 0.358511 0.715816 0.0494165 0.0527789 0.00104617
11 0.243088 0.717718 0.0672547 0.0835837 0.00103516
11 0.391238 0.664607 0.119718 0.0781548 0.00102345
11 0.25581 0.708931 0.0959896 0.0792686 0.00101477
