11 0.207057 0.484522 0.0783033 0.0295177 0.388326
11 0.206508 0.483025 0.0941831 0.0350904 0.180207
11 0.374539 0.451477 0.0357601 0.0975508 0.127757
11 0.215215 0.489743 0.091347 0.0289212 0.0801318
11 0.493329 0.425141 0.0312311 0.068008 0.0393699
11 0.201154 0.487624 0.0698589 0.0289374 0.0348179
11 0.154821 0.389373 0.0264781 0.0955018 0.019446
11 0.223698 0.494471 0.0925587 0.0349245 0.0185238
11 0.157352 0.406315 0.0322816 0.129514 0.0182781
11 0.247992 0.49982 0.0845124 0.0377603 0.0181602
11 0.236993 0.511917 0.0709672 0.0306338 0.0174414
11 0.248103 0.508357 0.0815155 0.0394814 0.0172648
11 0.371955 0.464285 0.040743 0.128692 0.0140577
11 0.224089 0.59525 0.0621497 0.04712 0.0113904
11 0.257974 0.507837 0.0814137 0.0499636 0.0103282
11 0.800964 0.431344 0.0515851 0.116893 0.0100417
11 0.167502 0.517217 0.0523002 0.0612697 0.00874875
11 0.179473 0.55901 0.0605513 0.060838 0.00861341
11 0.575618 0.393788 0.075442 0.0385231 0.00754412
11 0.184043 0.547291 0.0520959 0.0764693 0.00609354
11 0.193351 0.549165 0.0571106 0.0582665 0.00568905
11 0.164771 0.539718 0.0418458 0.088149 0.0056651
11 0.553356 0.419729 0.064634 0.0359388 0.00499859
11 0.180866 0.526708 0.0438021 0.0725311 0.00488662
11 0.157581 0.516435 0.0596996 0.0543457 0.00461443
11 0.578153 0.390005 0.0666374 0.0263565 0.00445399
11 0.171299 0.537022 0.0419077 0.0902184 0.00437539
11 0.21378 0.592176 0.0777046 0.0448327 0.00413333
11 0.248523 0.517257 0.0838117 0.0461672 0.00412004
11 0.177445 0.546585 0.0479074 0.0857282 0.00397353
11 0.153328 0.528579 0.0579039 0.0712565 0.00396498
11 0.181193 0.571261 0.0671022 0.052999 0.00386114
11 0.186391 0.536606 0.0492957 0.0759047 0.00341322
11 0.170522 0.553036 0.0449858 0.0787015 0.00304984
11 0.154593 0.543634 0.0520165 0.0827057 0.0029485
11 0.197484 0.520682 0.0603909 0.0479115 0.00277384
11 0.563659 0.390566 0.0739777 0.0278638 0.00277268
11 0.194557 0.53807 0.0550484 0.0629923 0.00274344
11 0.187943 0.529919 0.0445257 0.0578447 0.00257719
11 0.266579 0.504383 0.0642039 0.0502511 0.00250959
11 0.551241 0.405248 0.067326 0.057479 0.00248107
11 0.171381 0.564106 0.048607 0.0649714 0.00243069
11 0.195268 0.52745 0.0527852 0.056361 0.00239545
11 0.624481 0.386885 0.0780222 0.0248972 0.00239454
11 0.198255 0.500705 0.070505 0.0433433 0.00236144
11 0.205269 0.483515 0.0823326 0.0481243 0.00234443
11 0.18915 0.522788 0.0507127 0.0538909 0.00234233
11 0.200884 0.589831 0.0951649 0.0404295 0.00223365
11 0.559982 0.409981 0.0777871 0.0542248 0.00214825
11 0.552218 0.390509 0.0381207 0.0314364 0.00200963
11 0.285217 0.519212 0.0843001 0.0871993 0.00200583
11 0.612173 0.387681 0.073163 0.025017 0.00190996
11 0.260727 0.498408 0.0826076 0.0470142 0.00180825
11 0.572242 0.401406 0.0825927 0.0551778 0.00169923
11 0.155735 0.560014 0.0379113 0.0665183 0.00165634
11 0.220968 0.48098 0.09753 0.0393667 0.00158956
11 0.241306 0.516241 0.0775978 0.0620879 0.00157248
11 0.214313 0.509077 0.087457 0.0370754 0.00150083
11 0.207377 0.514773 0.0729949 0.0468853 0.00148281
11 0.233267 0.512375 0.080214 0.0402691 0.00148157
11 0.206824 0.550987 0.0587777 0.0386356 0.00141386
11 0.530757 0.389119 0.0714674 0.0265282 0.00135438
11 0.550082 0.425816 0.0627127 0.0226231 0.00131857
11 0.199047 0.575698 0.080955 0.0540137 0.00129474
11 0.178376 0.514046 0.0639836 0.059393 0.00126497
11 0.496362 0.432606 0.0371966 0.0871165 0.00123399
11 0.275818 0.514379 0.0775879 0.0732147 0.0011986
11 0.108167 0.366179 0.0566365 0.0827143 0.00107703
11 0.66924 0.375496 0.0513932 0.0390481 0.00101303
11 0.153875 0.568367 0.0370961 0.0541166 0.00101011
