10 0.502186 0.629538 0.36942 0.0793598 0.817577
10 0.484152 0.597014 0.423728 0.119267 0.15467
4 0.564354 0.5695 0.530932 0.165659 0.0979307
4 0.571099 0.544338 0.517906 0.121872 0.0375649
4 0.506223 0.618586 0.38521 0.100609 0.0177066
10 0.530214 0.634048 0.424727 0.0569156 0.0108603
4 0.508653 0.585203 0.458288 0.172966 0.00620666
10 0.434948 0.636676 0.24908 0.0432989 0.00439495
4 0.526448 0.609725 0.428887 0.131523 0.00343503
0 0.651165 0.978296 0.68664 0.0434078 0.00335493
0 0.64812 0.950053 0.677678 0.0993787 0.001959
10 0.493458 0.613742 0.386102 0.108589 0.00170457
0 0.393827 0.975507 0.720747 0.0489869 0.00140684
4 0.450661 0.603477 0.297654 0.11049 0.00100519
