6 0.826598 0.62051 0.13427 0.193672 0.863275
6 0.810251 0.631558 0.082623 0.157325 0.0735087
6 0.825542 0.632532 0.101901 0.173892 0.0688858
7 0.859773 0.639012 0.0682206 0.0931181 0.0150491
6 0.798409 0.612649 0.0666771 0.16116 0.0139753
6 0.822255 0.634952 0.127961 0.135427 0.0100361
7 0.858756 0.624563 0.0506586 0.13605 0.00895504
7 0.815959 0.546215 0.0367852 0.0523512 0.00808868
7 0.819908 0.542261 0.0304591 0.0482899 0.00733132
7 0.796858 0.562452 0.064106 0.0805008 0.00535699
7 0.842454 0.637905 0.102668 0.108673 0.00530904
7 0.85264 0.616311 0.0465056 0.123683 0.00432356
7 0.856703 0.5973 0.0372095 0.129798 0.00425437
6 0.836856 0.625627 0.0918017 0.137948 0.0038005
6 0.837968 0.652026 0.110611 0.125141 0.00271723
7 0.850392 0.650348 0.0894635 0.0761242 0.00263952
6 0.806634 0.597422 0.0843858 0.147231 0.00241269
7 0.858656 0.573864 0.0371364 0.107696 0.00224468
6 0.813101 0.610039 0.121379 0.145569 0.00210329
7 0.799237 0.583858 0.0687825 0.119607 0.00204173
7 0.847009 0.60454 0.0563364 0.125872 0.00202994
7 0.834676 0.62176 0.0838925 0.124331 0.00187915
7 0.862514 0.653269 0.0665989 0.0681534 0.00116004
