6 0.647386 0.424516 0.294162 0.40645 0.954396
7 0.721497 0.614076 0.143067 0.141834 0.928793
7 0.675105 0.491209 0.134934 0.0660214 0.00811673
6 0.681442 0.512562 0.146808 0.106344 0.00438598
6 0.701772 0.4887 0.204253 0.240773 0.00336416
7 0.674441 0.500664 0.134187 0.105466 0.00287093
7 0.665287 0.45772 0.120079 0.142399 0.00186821
0 0.675906 0.510238 0.132365 0.144988 0.0017567
0 0.667245 0.440031 0.129436 0.183085 0.00137516
6 0.666424 0.44723 0.130006 0.1776 0.00126025
6 0.696956 0.525155 0.195418 0.201781 0.00114122
