11 0.277501 0.477545 0.135524 0.0274893 0.312977
11 0.42207 0.50794 0.0696667 0.063057 0.0704821
11 0.252766 0.473723 0.0947527 0.0315799 0.0380817
11 0.238528 0.547691 0.0784876 0.0846135 0.0354691
11 0.25451 0.546318 0.0677825 0.0813725 0.0328637
11 0.411822 0.51218 0.0558105 0.066587 0.0196058
11 0.294561 0.488953 0.137947 0.0300876 0.0136026
11 0.272805 0.480056 0.107287 0.0298168 0.0115359
11 0.381048 0.519167 0.0856709 0.055645 0.0100474
11 0.640299 0.453562 0.11425 0.0251039 0.00974707
11 0.274006 0.482296 0.12846 0.0385868 0.00913126
11 0.320057 0.4987 0.126511 0.042014 0.00801065
11 0.268063 0.474987 0.103585 0.0300217 0.0063999
11 0.633753 0.498715 0.0742651 0.0564594 0.00612418
11 0.365944 0.519064 0.0831723 0.0516617 0.0046294
11 0.267354 0.5451 0.0581316 0.0658813 0.0032082
11 0.297386 0.494272 0.13616 0.0430716 0.00279225
11 0.40151 0.517483 0.0640865 0.0504443 0.00276654
11 0.33034 0.510875 0.126404 0.0487265 0.00228098
11 0.350102 0.497932 0.100806 0.040849 0.00196102
11 0.63352 0.459776 0.0989188 0.0318717 0.00188596
11 0.371269 0.523057 0.0633073 0.0552542 0.00184328
11 0.413169 0.500219 0.0540482 0.0533865 0.00137664
11 0.64024 0.504403 0.0708045 0.0597313 0.00112908
11 0.532537 0.532792 0.107952 0.0869732 0.00112445
