10 0.612795 0.41227 0.305818 0.352841 0.230645
10 0.661511 0.531669 0.119558 0.372227 0.00650903
10 0.577093 0.363249 0.283909 0.271394 0.00315223
11 0.56891 0.239768 0.0385141 0.167368 0.00197669
10 0.663579 0.453825 0.20265 0.0856737 0.00163317
10 0.627041 0.461562 0.27874 0.106499 0.00148011
10 0.532727 0.38306 0.260376 0.305109 0.00137506
10 0.638378 0.461651 0.254603 0.0792278 0.00137342
10 0.671581 0.501076 0.186832 0.264595 0.00126706
10 0.619393 0.443868 0.294557 0.124355 0.00123678
10 0.657162 0.482153 0.217619 0.107553 0.00109402
