11 0.248882 0.675426 0.0420795 0.0501122 0.169067
3 0.736354 0.397419 0.101973 0.0799191 0.138903
11 0.610151 0.409648 0.0670022 0.0435128 0.0322432
11 0.808168 0.418719 0.0739416 0.0393817 0.0170089
11 0.56183 0.406047 0.0638464 0.0449903 0.0164223
11 0.254467 0.668594 0.0387914 0.0636809 0.0161523
11 0.552309 0.41024 0.0610947 0.0420064 0.0153256
11 0.599801 0.400743 0.0850698 0.0395812 0.0152515
11 0.558886 0.497041 0.0853804 0.0221746 0.00710652
11 0.820293 0.420494 0.0664419 0.0371894 0.00669362
11 0.14465 0.515841 0.0283473 0.069348 0.00644156
11 0.623676 0.498466 0.0618442 0.0250337 0.00611409
11 0.152525 0.516402 0.0344556 0.0604232 0.00569737
11 0.574838 0.401899 0.0596651 0.0386021 0.00547561
11 0.83438 0.370079 0.0471553 0.024116 0.00545379
11 0.592663 0.398158 0.069342 0.0300302 0.00492363
11 0.582243 0.495177 0.0842297 0.0287947 0.00478943
11 0.546962 0.497766 0.0607968 0.0226887 0.00456745
11 0.178306 0.516555 0.0585989 0.0552882 0.00410998
11 0.623595 0.482119 0.0527431 0.0212828 0.00408947
4 0.545789 0.408248 0.061862 0.038291 0.00363872
10 0.3237 0.654178 0.0529993 0.0745633 0.00360843
11 0.512139 0.401849 0.0211174 0.0698397 0.00315969
11 0.792151 0.417895 0.0663233 0.0361853 0.00308708
11 0.834221 0.413203 0.0569966 0.039881 0.00303611
11 0.841377 0.371187 0.0520567 0.0261976 0.00284899
11 0.137815 0.519098 0.0271186 0.0643912 0.00273481
11 0.576968 0.357958 0.0603276 0.0266395 0.00273128
11 0.831769 0.344096 0.048579 0.0257712 0.00269043
11 0.607007 0.399375 0.0668192 0.0280012 0.002645
11 0.516141 0.404791 0.0234841 0.0570616 0.00256063
11 0.539489 0.407466 0.0531766 0.0427113 0.00251245
11 0.161118 0.486758 0.0648086 0.0415559 0.00247092
11 0.685504 0.473642 0.0700592 0.0293738 0.00243885
11 0.607252 0.51008 0.0550279 0.0582421 0.00237608
11 0.608574 0.499477 0.0553344 0.0237071 0.00220678
11 0.564691 0.498554 0.0876572 0.0285688 0.00211961
11 0.841228 0.40905 0.0534684 0.0324265 0.00204396
3 0.285167 0.727929 0.0423822 0.0430908 0.00202718
11 0.51678 0.395451 0.0270918 0.063819 0.00198396
11 0.598145 0.512597 0.069415 0.0586538 0.00187939
11 0.610046 0.495914 0.0608708 0.0293563 0.00179942
11 0.798701 0.412161 0.0597741 0.0401006 0.00173032
11 0.618509 0.505929 0.0572476 0.0538187 0.00166046
11 0.591441 0.499465 0.0797496 0.0254735 0.00158676
11 0.523478 0.388813 0.045192 0.0575893 0.00149947
11 0.834919 0.365328 0.0446283 0.0289192 0.00148664
11 0.834699 0.399847 0.0523934 0.0290154 0.00147751
11 0.610529 0.414836 0.0624398 0.0592276 0.00140834
11 0.545051 0.426489 0.0610216 0.0596581 0.0014022
11 0.824821 0.369279 0.0600347 0.0236649 0.00132414
11 0.828107 0.373427 0.0573437 0.0287455 0.00132157
11 0.811802 0.67793 0.0290959 0.0794012 0.00127043
11 0.608838 0.645975 0.0650112 0.027879 0.00123263
11 0.783621 0.403543 0.054704 0.0438687 0.0012301
11 0.130178 0.519704 0.0353355 0.0527921 0.00122709
11 0.777132 0.389258 0.0463629 0.0385107 0.00117055
11 0.662185 0.3685 0.051903 0.0321796 0.0011298
11 0.84502 0.640876 0.0656682 0.035237 0.00112515
11 0.788662 0.38911 0.0577294 0.0383136 0.00106347
