11 0.148945 0.773884 0.0484907 0.0818868 0.348324
3 0.0804684 0.576296 0.072175 0.0951827 0.12518
3 0.0715131 0.583102 0.0557048 0.0857866 0.0227901
3 0.0833662 0.5636 0.0632703 0.0930519 0.0107278
11 0.143433 0.551479 0.0432368 0.0505506 0.00691238
11 0.54302 0.680989 0.0257509 0.0915685 0.00675098
11 0.204242 0.684568 0.017463 0.0709656 0.00660118
11 0.2077 0.683682 0.0189793 0.0686826 0.00659413
11 0.543652 0.660521 0.0275445 0.0826171 0.00571345
11 0.75211 0.418301 0.0251242 0.0573742 0.00534401
11 0.556209 0.522914 0.0330422 0.0615571 0.0049123
11 0.102389 0.530311 0.0294619 0.0539084 0.004768
11 0.523492 0.511328 0.0427168 0.0615577 0.00438909
11 0.204447 0.658759 0.019899 0.0818194 0.00389989
11 0.0694197 0.559314 0.0434297 0.0903832 0.00352083
11 0.524669 0.492945 0.0415185 0.0453832 0.0034607
11 0.758481 0.419245 0.0250136 0.0571965 0.00330966
11 0.56177 0.594502 0.021321 0.0258374 0.00325297
11 0.751188 0.365355 0.041525 0.0230231 0.00323515
11 0.137617 0.539835 0.0400568 0.0608028 0.0028444
11 0.197278 0.665676 0.0273606 0.069802 0.00282588
11 0.812045 0.444706 0.0181022 0.0673184 0.00281098
11 0.813797 0.448324 0.0169223 0.0812196 0.00275682
11 0.150389 0.628043 0.0325257 0.0464729 0.0025605
11 0.182763 0.658636 0.0385517 0.0508335 0.00247809
11 0.189822 0.675622 0.0329526 0.0562317 0.00203835
11 0.757857 0.477305 0.022459 0.0543124 0.0020234
11 0.0929576 0.530948 0.038562 0.0577381 0.00197845
11 0.156045 0.654898 0.0338903 0.0400827 0.00187814
11 0.208658 0.662161 0.023418 0.0740585 0.00187148
11 0.162404 0.611681 0.0378919 0.0500419 0.00184786
11 0.738601 0.479299 0.0272938 0.0521005 0.0018176
11 0.0506803 0.683126 0.0170273 0.0553513 0.00181482
11 0.754402 0.367766 0.0424174 0.0206793 0.00175656
11 0.542301 0.697011 0.0214066 0.081509 0.00170165
11 0.0495668 0.671743 0.0161664 0.0627463 0.00169204
11 0.521249 0.502621 0.0400956 0.0662788 0.00165048
11 0.558669 0.598111 0.0250035 0.0279518 0.00165008
11 0.754841 0.480739 0.0192944 0.0543854 0.00164084
3 0.0986866 0.559198 0.0342729 0.0778545 0.00163914
11 0.204608 0.624879 0.0180323 0.0688865 0.00159796
11 0.196839 0.683207 0.0253586 0.0655257 0.00159631
11 0.165322 0.654119 0.0419272 0.0420066 0.0015922
11 0.559399 0.540839 0.0233801 0.0881025 0.0015557
11 0.218503 0.673015 0.0187452 0.0643623 0.00154802
11 0.562746 0.573019 0.0163575 0.0588614 0.0015403
11 0.747059 0.483806 0.0236639 0.0593 0.0015068
11 0.692545 0.425606 0.0181205 0.0764321 0.00147144
11 0.786034 0.414145 0.0233218 0.0519385 0.00146894
3 0.069114 0.539774 0.0354583 0.0771668 0.00144512
3 0.138749 0.533819 0.0457844 0.0717509 0.00143272
11 0.745421 0.414158 0.0316391 0.0591143 0.00142772
11 0.80935 0.445975 0.0169738 0.0867063 0.00142762
11 0.530217 0.497364 0.0349544 0.0346676 0.00141319
11 0.242851 0.687668 0.0222382 0.0801731 0.00141017
11 0.732522 0.466783 0.0338234 0.0392144 0.0013125
11 0.547597 0.684038 0.0257927 0.10523 0.00129144
11 0.0956301 0.541618 0.0395968 0.0720247 0.0012678
11 0.0569849 0.566755 0.0291888 0.0573203 0.00125595
11 0.150019 0.556964 0.0360341 0.0432329 0.00125367
11 0.15971 0.720981 0.0302742 0.0548409 0.00123939
11 0.751713 0.357731 0.0426998 0.0233866 0.00123936
11 0.734263 0.474551 0.0287881 0.053757 0.00123108
11 0.151705 0.617007 0.0357614 0.0520956 0.00122665
11 0.101618 0.542712 0.0291051 0.061189 0.00115835
11 0.724528 0.39366 0.0344582 0.0591457 0.00113285
11 0.786205 0.424881 0.0210109 0.0548907 0.00111967
11 0.779238 0.423025 0.0203267 0.0534079 0.00109406
11 0.5243 0.474638 0.0442406 0.0266233 0.00108038
11 0.178429 0.609059 0.0517187 0.0487656 0.00107133
11 0.190334 0.68586 0.0322864 0.0632689 0.00105727
11 0.0682243 0.537136 0.0356382 0.0709945 0.00105177
11 0.547086 0.638623 0.0328447 0.0957171 0.00100129
