3 0.398851 0.658753 0.311822 0.332733 0.954956
8 0.674929 0.555745 0.349882 0.177695 0.948607
11 0.477926 0.735014 0.121 0.107429 0.0185013
11 0.484445 0.750667 0.125461 0.0764198 0.0129401
11 0.446029 0.739608 0.0620214 0.0688626 0.00652505
11 0.465618 0.740486 0.0959935 0.0683432 0.00535391
11 0.46332 0.734454 0.0785851 0.0901389 0.00460558
11 0.443302 0.72945 0.048171 0.103129 0.00431734
11 0.400411 0.641447 0.0426158 0.124766 0.00411317
11 0.390091 0.63923 0.0422674 0.132453 0.00408366
11 0.408544 0.646388 0.0466674 0.128931 0.00356458
11 0.503072 0.730789 0.116769 0.105492 0.00341751
11 0.490436 0.726866 0.116752 0.129998 0.00316971
11 0.450591 0.737163 0.0878542 0.0793358 0.0030884
11 0.430217 0.730835 0.0500679 0.0914585 0.00301498
11 0.416668 0.64327 0.0442347 0.144419 0.00291405
11 0.469364 0.70915 0.08689 0.148669 0.00281062
11 0.499054 0.743939 0.113002 0.0767001 0.00280745
11 0.429941 0.680577 0.0412417 0.149813 0.00261273
11 0.399703 0.615298 0.0409889 0.13873 0.00246285
11 0.407898 0.625705 0.0422491 0.131036 0.00239065
11 0.429172 0.71918 0.0402574 0.117743 0.00214196
11 0.441415 0.699009 0.0442776 0.158543 0.00212053
11 0.451421 0.704614 0.0545994 0.153852 0.00209824
11 0.427726 0.638523 0.0403647 0.163624 0.00203988
11 0.388741 0.611257 0.0393913 0.146354 0.00202545
11 0.419537 0.669637 0.0426937 0.134861 0.00161943
11 0.43826 0.664557 0.0435916 0.159287 0.00156032
11 0.416202 0.621158 0.0416673 0.138253 0.00151669
11 0.463331 0.756951 0.150675 0.0828662 0.00113509
11 0.461554 0.691948 0.0679628 0.181792 0.00113108
11 0.519905 0.731736 0.136612 0.123681 0.00106589
11 0.436121 0.744112 0.0977688 0.108339 0.00105502
11 0.418442 0.708839 0.0403838 0.143576 0.00103666
