10 0.493091 0.65592 0.513392 0.310005 0.962307
4 0.477141 0.473823 0.381797 0.0511704 0.196497
4 0.476829 0.481252 0.415871 0.0886346 0.114394
4 0.486812 0.478083 0.331184 0.0379326 0.0746364
10 0.448796 0.478839 0.41969 0.121178 0.0398659
4 0.471097 0.50723 0.423665 0.126329 0.0179224
10 0.452012 0.507644 0.431473 0.197623 0.0156274
10 0.450498 0.47259 0.425675 0.173606 0.00775363
10 0.479126 0.609506 0.486021 0.240772 0.00717951
4 0.478193 0.495471 0.352707 0.0830425 0.00293443
4 0.458027 0.467813 0.337446 0.114698 0.00224819
10 0.495601 0.480201 0.310411 0.036196 0.00153667
10 0.380249 0.612673 0.208706 0.11639 0.00113063
4 0.47549 0.579942 0.408061 0.248182 0.00103342
