8 0.683828 0.530493 0.423563 0.332421 0.951841
11 0.756575 0.308113 0.212276 0.0718864 0.030237
11 0.745056 0.306614 0.239524 0.0942686 0.0178983
3 0.452635 0.272221 0.336596 0.12709 0.0127883
11 0.4249 0.272891 0.207438 0.0910843 0.00930962
0 0.47986 0.956914 0.879314 0.0851863 0.00676895
7 0.355321 0.240341 0.0716991 0.0867997 0.00402832
0 0.482434 0.977667 0.889476 0.0446662 0.00375548
0 0.440095 0.922282 0.768976 0.154911 0.00368087
11 0.407838 0.292798 0.166162 0.0991529 0.0026402
7 0.368527 0.237838 0.0963039 0.0831726 0.00248969
11 0.437039 0.284959 0.222511 0.0946819 0.00189977
11 0.457429 0.273216 0.314136 0.127304 0.00171795
7 0.344436 0.244347 0.0517809 0.100107 0.00153826
