9 0.571915 0.840134 0.327991 0.144936 0.927551
0 0.368008 0.774405 0.4215 0.0958565 0.896254
0 0.436951 0.780479 0.548639 0.0993257 0.434288
0 0.522649 0.803614 0.395278 0.109532 0.0240871
9 0.357052 0.740426 0.322111 0.222505 0.00706061
9 0.354019 0.705807 0.263079 0.233822 0.00572808
9 0.43304 0.699661 0.279482 0.215527 0.00373252
9 0.415341 0.745266 0.330863 0.226388 0.00346631
11 0.491987 0.854686 0.13894 0.0694557 0.00295165
0 0.482677 0.845531 0.253552 0.0997268 0.00271048
0 0.385499 0.781117 0.460329 0.176948 0.00247309
11 0.469995 0.854288 0.108503 0.0671075 0.00241625
7 0.588185 0.851699 0.132756 0.086363 0.0019471
11 0.420256 0.845973 0.144596 0.075984 0.00137237
9 0.401425 0.642724 0.215697 0.220784 0.00106682
