4 0.674013 0.336278 0.177859 0.445 0.94392
8 0.825673 0.70775 0.136852 0.333356 0.929721
3 0.634399 0.716382 0.246018 0.260149 0.88046
11 0.506557 0.821426 0.122029 0.0893097 0.845259
10 0.320346 0.335679 0.107013 0.355859 0.197027
11 0.617599 0.73132 0.121643 0.158855 0.0696795
11 0.702347 0.79249 0.0903778 0.118265 0.0545759
10 0.292662 0.330214 0.100165 0.36477 0.0390109
11 0.620991 0.724326 0.0947657 0.193666 0.0120469
10 0.344551 0.358201 0.156161 0.329117 0.0103624
10 0.303899 0.359741 0.0906173 0.296685 0.00762409
10 0.255826 0.312057 0.110439 0.429956 0.0060295
10 0.665655 0.546395 0.0667339 0.518369 0.00456313
11 0.631222 0.703032 0.0828006 0.172555 0.00435412
11 0.594405 0.744428 0.114826 0.158558 0.00272986
11 0.379188 0.496755 0.0919518 0.210059 0.00232846
11 0.726966 0.791319 0.153174 0.139984 0.00211924
10 0.376053 0.39961 0.222037 0.250588 0.00193047
10 0.667042 0.450621 0.0500364 0.398173 0.00177109
11 0.582844 0.754369 0.0878529 0.171457 0.00169325
11 0.491765 0.814509 0.0930044 0.0781292 0.00162682
11 0.687443 0.792029 0.172386 0.136275 0.00145614
11 0.905206 0.589434 0.0288463 0.106808 0.00108688
