0 0.451857 0.407334 0.328402 0.434363 0.924657
9 0.192234 0.379681 0.260105 0.250411 0.0124634
9 0.103357 0.389899 0.204986 0.268967 0.00388891
9 0.162415 0.272514 0.266151 0.26471 0.00353188
9 0.169325 0.314575 0.272309 0.25745 0.00241845
9 0.179652 0.428536 0.237395 0.272108 0.00230674
9 0.474861 0.266479 0.349626 0.311862 0.00228451
9 0.102993 0.30859 0.202642 0.285092 0.00210898
9 0.531591 0.600413 0.383429 0.295402 0.00203088
1 0.0334351 0.647823 0.0666467 0.263459 0.00132454
9 0.498775 0.213896 0.365107 0.213137 0.00132203
9 0.265115 0.374017 0.314401 0.27824 0.00129348
9 0.166614 0.482835 0.221084 0.343694 0.00128356
9 0.59593 0.443424 0.357312 0.300578 0.00115408
0 0.500565 0.573438 0.356017 0.295534 0.00114535
9 0.101494 0.45321 0.202987 0.30316 0.00111123
9 0.534915 0.66409 0.415282 0.347359 0.00102344
