9 0.683957 0.483151 0.226068 0.324524 0.941312
0 0.515439 0.605385 0.490868 0.134704 0.838615
0 0.518889 0.617091 0.365955 0.115751 0.0163496
9 0.490521 0.550623 0.456572 0.305541 0.00495344
0 0.52416 0.62618 0.509751 0.228527 0.00441271
9 0.457761 0.492604 0.417971 0.306305 0.00252088
11 0.46821 0.725819 0.128859 0.0464125 0.00197007
9 0.515772 0.592749 0.418787 0.239012 0.00192796
0 0.646687 0.629367 0.285876 0.101566 0.00185888
9 0.44353 0.54823 0.387165 0.263993 0.00111097
11 0.453491 0.728166 0.131098 0.0561981 0.0010672
