3 0.575435 0.560356 0.0507121 0.129367 0.659599
11 0.786955 0.472809 0.0288109 0.116349 0.0848129
11 0.870089 0.647469 0.0473819 0.0383082 0.0244912
11 0.871625 0.636166 0.0395387 0.0496442 0.0201958
11 0.918657 0.675439 0.022013 0.0695015 0.0151328
11 0.914463 0.498722 0.0305376 0.113804 0.0136208
11 0.150478 0.597745 0.043721 0.0517944 0.0106728
11 0.922107 0.673282 0.0239796 0.074853 0.00980521
11 0.872471 0.607225 0.0440102 0.0278672 0.00746649
11 0.872264 0.670353 0.053247 0.0275536 0.0041077
11 0.915788 0.676124 0.0230074 0.0612257 0.00408721
11 0.876956 0.633668 0.0448329 0.0567254 0.00289931
11 0.810202 0.605793 0.0292058 0.0795188 0.00288033
11 0.913172 0.5911 0.025836 0.0599503 0.00287382
11 0.924269 0.50318 0.0399389 0.103265 0.00273398
11 0.923857 0.661525 0.0227629 0.0721221 0.00220821
11 0.91649 0.586931 0.0277805 0.0692682 0.00211696
3 0.390594 0.756148 0.088869 0.0910111 0.00174854
11 0.541601 0.420547 0.0351807 0.0266861 0.0015175
11 0.775566 0.704431 0.0244782 0.07737 0.0014058
11 0.905183 0.675428 0.035402 0.0426744 0.00116529
11 0.877577 0.646813 0.0479196 0.0446669 0.00115754
11 0.870427 0.595841 0.0493281 0.03163 0.00111821
11 0.0053173 0.522688 0.0105928 0.0998287 0.00105387
