3 0.281854 0.490811 0.0832312 0.119741 0.697865
11 0.731814 0.353706 0.0516009 0.0641994 0.0279902
11 0.790907 0.425835 0.0706485 0.0556428 0.0201402
11 0.747339 0.351626 0.0665391 0.0662447 0.0179237
11 0.759209 0.401679 0.0696135 0.0390972 0.00937275
11 0.764099 0.340116 0.0594355 0.0519926 0.00929943
11 0.753555 0.344403 0.0730983 0.0627194 0.00704574
11 0.740826 0.426053 0.0697126 0.0506268 0.00638272
11 0.741655 0.41717 0.0744149 0.05469 0.00595824
11 0.779358 0.425957 0.0746718 0.0674412 0.00514249
11 0.810269 0.428935 0.0880314 0.0552846 0.00480474
11 0.725948 0.350447 0.0377659 0.0701275 0.00466952
11 0.631303 0.397152 0.0511736 0.0858123 0.00407826
11 0.75535 0.429539 0.0706639 0.0547928 0.00397758
11 0.733606 0.364768 0.0520099 0.0552042 0.00382248
11 0.732546 0.423107 0.0651096 0.062226 0.00380923
11 0.852576 0.609317 0.0564496 0.0609943 0.00360999
11 0.773071 0.413016 0.0775811 0.0637516 0.00336667
11 0.763722 0.391342 0.0804704 0.0557015 0.00322364
11 0.780644 0.443379 0.0670116 0.0950122 0.00296868
11 0.768444 0.428744 0.0754185 0.0644197 0.00256943
11 0.754122 0.414106 0.072348 0.0641603 0.00241952
11 0.77681 0.399487 0.0671379 0.0695598 0.00236822
11 0.742838 0.367786 0.0581318 0.0617212 0.00227445
11 0.722137 0.424613 0.0749715 0.0739715 0.00211917
11 0.636547 0.414581 0.0486233 0.0863278 0.00207412
11 0.80762 0.421171 0.082105 0.0428764 0.00200427
11 0.755598 0.395066 0.066354 0.047512 0.0019579
11 0.639744 0.401969 0.0569573 0.0857993 0.00184273
11 0.644786 0.415707 0.0603399 0.0937874 0.00168553
11 0.676138 0.358506 0.0586747 0.053625 0.00165604
11 0.773061 0.336459 0.0753419 0.0440402 0.00152899
11 0.614529 0.403417 0.0405771 0.0971183 0.0015007
11 0.861185 0.388645 0.0534239 0.0747867 0.0014332
11 0.768769 0.547337 0.071187 0.047358 0.00131814
11 0.613968 0.398218 0.0306762 0.0821675 0.00116652
11 0.671588 0.319737 0.0679617 0.0252454 0.00110825
11 0.678104 0.344659 0.0701969 0.057182 0.00109423
11 0.837755 0.430392 0.0835405 0.0617016 0.00107267
11 0.762294 0.44577 0.0582467 0.0774039 0.00106253
11 0.845831 0.399967 0.085269 0.0836374 0.00105008
11 0.634363 0.362407 0.0567909 0.0588987 0.00100141
