10 0.258394 0.240069 0.0478314 0.194577 0.0635566
4 0.355812 0.143079 0.165037 0.0992008 0.0278962
4 0.344431 0.166117 0.189653 0.121144 0.0177393
4 0.355178 0.12197 0.165753 0.0539583 0.00675263
10 0.266163 0.287628 0.0751103 0.277855 0.00469167
10 0.305005 0.17249 0.171964 0.0678951 0.00398165
10 0.340923 0.112715 0.137397 0.063037 0.00341597
2 0.340433 0.648129 0.420497 0.221541 0.00315356
11 0.303092 0.110194 0.0509356 0.0644434 0.00270901
4 0.311122 0.170094 0.180809 0.0631727 0.00247505
4 0.340794 0.167641 0.206102 0.0547676 0.0019333
6 0.315087 0.178365 0.150831 0.0756657 0.00115214
4 0.303552 0.229254 0.15459 0.186701 0.00108379
10 0.301999 0.233955 0.169906 0.194804 0.00106974
4 0.250324 0.233854 0.0911346 0.181123 0.00105179
6 0.273495 0.237373 0.0762528 0.182757 0.0010411
7 0.29922 0.108431 0.0448703 0.0647237 0.00100663
