2 0.201126 0.693796 0.296873 0.374283 0.922172
5 0.724728 0.348085 0.15969 0.341573 0.920189
2 0.689461 0.557097 0.235441 0.485332 0.916738
5 0.155812 0.710401 0.0856165 0.473193 0.886381
2 0.719531 0.440093 0.166181 0.293009 0.0869691
2 0.675379 0.694569 0.208066 0.20493 0.00444494
3 0.715011 0.451535 0.178791 0.217567 0.00292981
1 0.726003 0.364054 0.168174 0.351926 0.00245787
1 0.721918 0.445558 0.20199 0.226267 0.00243601
1 0.720379 0.419401 0.157888 0.206363 0.00145535
5 0.68079 0.513536 0.0966259 0.193157 0.0011945
1 0.161906 0.678832 0.129846 0.463647 0.00114908
