3 0.132489 0.555248 0.15124 0.122888 0.880012
11 0.929011 0.632705 0.0248463 0.0674439 0.00868649
10 0.825919 0.475137 0.0464671 0.093172 0.00719578
11 0.80711 0.438928 0.0600727 0.055934 0.00669245
11 0.827684 0.598318 0.0960573 0.0643423 0.005395
11 0.689617 0.635463 0.0648214 0.0525436 0.00500678
11 0.706833 0.662155 0.0636113 0.0850919 0.00415733
11 0.732058 0.466159 0.0409269 0.0593901 0.00400268
11 0.87461 0.646597 0.0808698 0.0669404 0.00340389
11 0.931266 0.640826 0.0300282 0.0859985 0.00312852
11 0.93 0.623356 0.0263564 0.0598565 0.00296456
11 0.887982 0.650466 0.0661313 0.0775756 0.00270892
11 0.905181 0.65611 0.0354771 0.0841904 0.002676
10 0.776663 0.402442 0.0821881 0.0624523 0.00222355
11 0.926785 0.642498 0.0238705 0.0848208 0.00204607
11 0.695029 0.66677 0.0533919 0.10853 0.00173265
11 0.909735 0.663259 0.0399407 0.0946857 0.00160844
11 0.918302 0.656766 0.0322434 0.0892416 0.00156032
11 0.745414 0.665339 0.02469 0.0757847 0.00142894
11 0.900283 0.649856 0.0430364 0.0730652 0.00134433
11 0.740372 0.467786 0.0621507 0.0719324 0.00133245
11 0.782152 0.471364 0.0439358 0.0640206 0.00119991
11 0.722995 0.656256 0.0847157 0.0817295 0.00105428
11 0.687212 0.7233 0.0369174 0.091931 0.00103645
11 0.789702 0.47274 0.042757 0.0665416 0.00100622
