2 0.486659 0.5813 0.555103 0.274392 0.269366
6 0.656126 0.518446 0.198926 0.0727357 0.266367
0 0.492138 0.52295 0.532603 0.10179 0.0212378
0 0.648005 0.515073 0.2155 0.090261 0.0100517
2 0.497247 0.510564 0.533007 0.139335 0.00618525
2 0.512115 0.476591 0.561749 0.144554 0.00560136
6 0.662554 0.505965 0.213782 0.0931394 0.00259223
2 0.48546 0.641513 0.555498 0.375758 0.00204626
2 0.644657 0.468374 0.462149 0.198871 0.00133884
2 0.47044 0.371281 0.579591 0.241533 0.00132475
7 0.652137 0.503669 0.178214 0.0818424 0.00118572
