8 0.574985 0.53506 0.350681 0.343236 0.933312
3 0.792638 0.457896 0.217294 0.23227 0.862223
11 0.811797 0.487286 0.165461 0.161918 0.61968
3 0.715702 0.498035 0.267778 0.262134 0.539598
11 0.8133 0.459236 0.179498 0.217764 0.422852
11 0.66985 0.529226 0.156279 0.13828 0.0105105
11 0.814963 0.465137 0.125457 0.193332 0.005695
11 0.628245 0.476894 0.117505 0.132433 0.00410267
11 0.714398 0.551499 0.129707 0.133639 0.00401173
11 0.655173 0.527946 0.122045 0.122675 0.00259406
11 0.693014 0.534564 0.150609 0.159387 0.00113803
11 0.630652 0.478766 0.0946638 0.0933043 0.00104439
