3 0.45254 0.699697 0.2474 0.162006 0.908446
8 0.766406 0.693791 0.124901 0.271516 0.855283
11 0.741104 0.888173 0.0528517 0.0816866 0.0934739
11 0.750475 0.761678 0.09336 0.119915 0.0108162
4 0.466163 0.728251 0.206382 0.190972 0.0034122
11 0.595357 0.733128 0.096159 0.110833 0.00258772
11 0.421878 0.706034 0.0791545 0.0913873 0.00221076
11 0.435499 0.710493 0.083221 0.0925693 0.00213839
11 0.764874 0.754518 0.0911636 0.15758 0.0017819
11 0.447555 0.717334 0.0858142 0.0891861 0.00151223
11 0.610568 0.735833 0.0940996 0.11056 0.00117241
10 0.540065 0.739593 0.169064 0.103328 0.00104911
