3 0.97667 0.667652 0.046559 0.121577 0.335241
3 0.402864 0.717455 0.0597529 0.205413 0.0564582
11 0.185661 0.469833 0.0339178 0.0703641 0.0247593
11 0.208622 0.37587 0.0427628 0.0664029 0.0142042
11 0.147356 0.450744 0.0447728 0.0399269 0.0138583
11 0.181289 0.460312 0.0347519 0.0670348 0.0094546
11 0.142259 0.505778 0.0349307 0.0348343 0.00663191
11 0.145081 0.456299 0.0517839 0.0470157 0.00650291
11 0.188646 0.481202 0.039672 0.061164 0.00521877
11 0.20632 0.372086 0.0320759 0.0595673 0.00498364
3 0.361016 0.673862 0.0426825 0.121658 0.00457057
3 0.387881 0.70156 0.0917849 0.175135 0.00445057
11 0.180224 0.435948 0.029714 0.0522442 0.00412437
11 0.132936 0.505212 0.0488393 0.0370258 0.00350313
11 0.135851 0.452193 0.054959 0.0341362 0.00333064
11 0.829735 0.424425 0.0156568 0.0846923 0.00331948
11 0.685335 0.54049 0.0220206 0.116075 0.00329545
11 0.7765 0.35769 0.0481086 0.0298511 0.0030623
11 0.169898 0.436777 0.0398531 0.050602 0.00290931
11 0.12368 0.450597 0.0472443 0.0317846 0.00246684
3 0.385437 0.676203 0.0949085 0.124163 0.00215825
11 0.190939 0.348347 0.0426742 0.0287547 0.00213402
11 0.151476 0.441014 0.0361406 0.0432058 0.00208668
11 0.185084 0.431948 0.0313753 0.0505677 0.00206868
11 0.141118 0.492775 0.0488603 0.0461571 0.00193452
11 0.182806 0.344486 0.0550831 0.0277337 0.00189188
11 0.688657 0.534028 0.0245784 0.121116 0.00183947
11 0.13336 0.460352 0.0556042 0.0370671 0.00181673
11 0.152629 0.455507 0.0501064 0.0575336 0.00173431
3 0.977302 0.667637 0.0453954 0.197728 0.00168831
11 0.201698 0.395265 0.0372013 0.083546 0.00167774
11 0.214562 0.387778 0.0372618 0.0865256 0.00155345
11 0.790796 0.414359 0.0450121 0.0497844 0.00150512
11 0.7987 0.397161 0.0403884 0.0461102 0.00130643
11 0.781709 0.372215 0.0517407 0.0304367 0.001293
11 0.202106 0.36726 0.0388257 0.059991 0.00128691
11 0.125369 0.462023 0.0511817 0.030973 0.00128502
11 0.765724 0.357685 0.0404021 0.0327416 0.00125585
11 0.194536 0.464975 0.0325027 0.0584976 0.00118642
11 0.13179 0.498288 0.0520115 0.0420728 0.00110157
11 0.777618 0.417852 0.034132 0.0457594 0.00110121
11 0.222335 0.400967 0.0322156 0.0902335 0.00109194
11 0.130472 0.385413 0.0446997 0.0360079 0.00106803
11 0.115942 0.407851 0.024677 0.0420804 0.00104298
11 0.123019 0.408464 0.0326346 0.0362237 0.00104023
11 0.789542 0.391683 0.04787 0.0391366 0.00103866
11 0.180809 0.417542 0.0261733 0.0465315 0.00102931
