5 0.139041 0.505715 0.126297 0.565045 0.84321
5 0.435851 0.528202 0.649382 0.417065 0.722573
10 0.373258 0.438789 0.582872 0.463262 0.648299
5 0.365361 0.412101 0.371902 0.504468 0.643897
10 0.42612 0.392207 0.466251 0.387932 0.483133
10 0.442806 0.476517 0.664762 0.409889 0.272046
6 0.375855 0.326404 0.300446 0.327295 0.235004
10 0.342096 0.394683 0.413043 0.476647 0.137989
5 0.152931 0.551485 0.121413 0.476236 0.126697
10 0.398284 0.419824 0.430391 0.5194 0.105031
5 0.13966 0.441959 0.117662 0.419256 0.0888834
6 0.362763 0.363392 0.37362 0.394743 0.0780047
10 0.319921 0.363691 0.48688 0.379569 0.0398397
10 0.471274 0.403435 0.472735 0.486139 0.0299913
10 0.305557 0.684584 0.285012 0.0590467 0.0297161
10 0.183745 0.452614 0.237309 0.466817 0.0265834
6 0.34191 0.500057 0.383831 0.334085 0.0240924
6 0.263216 0.582707 0.180642 0.114417 0.0207706
10 0.412213 0.380948 0.312939 0.433865 0.0206627
6 0.333506 0.422883 0.404607 0.380174 0.0180857
10 0.353237 0.437867 0.317311 0.500919 0.0167148
10 0.29685 0.664488 0.303475 0.0888935 0.0126134
10 0.332523 0.430928 0.414593 0.344303 0.012303
10 0.283863 0.648795 0.329062 0.119032 0.0105816
5 0.330114 0.500237 0.429737 0.302693 0.0087343
10 0.332333 0.503247 0.434774 0.335882 0.00693106
10 0.294135 0.692587 0.283156 0.0495804 0.00585339
10 0.561146 0.408584 0.485098 0.415243 0.0050416
10 0.755966 0.460114 0.14248 0.334078 0.0047119
6 0.387767 0.513771 0.277571 0.154256 0.00464639
10 0.516317 0.448229 0.504794 0.363303 0.00453079
6 0.265789 0.523006 0.399037 0.396549 0.00434404
6 0.393826 0.363835 0.209807 0.172241 0.00400738
6 0.313937 0.532354 0.269673 0.147543 0.00394209
6 0.313644 0.437785 0.329717 0.461725 0.00389206
6 0.336715 0.404577 0.406378 0.264396 0.00387266
10 0.275182 0.627612 0.369691 0.149088 0.00321649
10 0.281996 0.677593 0.348129 0.112619 0.00275342
5 0.365525 0.55594 0.498963 0.405949 0.00201562
10 0.219839 0.410491 0.301927 0.397043 0.00188637
6 0.407235 0.470745 0.489939 0.358855 0.00188442
6 0.226818 0.442454 0.264397 0.104162 0.00177408
5 0.082799 0.540893 0.0899379 0.432006 0.00176173
10 0.230837 0.427888 0.430968 0.30435 0.00155657
10 0.307763 0.698737 0.287792 0.0710327 0.00153147
5 0.242093 0.467736 0.484186 0.255525 0.00147789
6 0.274727 0.57555 0.211261 0.140112 0.00143156
10 0.292744 0.329819 0.291629 0.0599537 0.00123494
6 0.175375 0.422216 0.152749 0.303838 0.00123115
10 0.258824 0.689118 0.290622 0.0866675 0.00115303
10 0.312066 0.411219 0.419674 0.260792 0.00114898
10 0.247632 0.690429 0.207554 0.0348973 0.00111859
5 0.290089 0.490574 0.448779 0.245623 0.0011139
6 0.270729 0.551987 0.312396 0.408972 0.00110437
10 0.31456 0.354302 0.408746 0.146958 0.00100761
