1 0.840405 0.650812 0.143365 0.0997488 0.717082
1 0.621145 0.460081 0.0942889 0.162461 0.404323
1 0.645737 0.443734 0.142648 0.146369 0.155907
1 0.64865 0.419684 0.144693 0.100037 0.0379838
5 0.834852 0.658803 0.131085 0.0986327 0.0225244
5 0.75119 0.742458 0.0749369 0.109534 0.0123959
1 0.75054 0.743635 0.0730658 0.103321 0.0090176
1 0.197439 0.535242 0.0916721 0.166619 0.00683415
4 0.6177 0.681077 0.111575 0.0458425 0.00541283
1 0.851025 0.579276 0.131783 0.205044 0.00478894
5 0.354917 0.483125 0.0709794 0.0706691 0.00306038
5 0.808076 0.633043 0.0820115 0.0495022 0.00273243
5 0.889052 0.559592 0.0392647 0.228016 0.00267607
5 0.37283 0.472792 0.0478223 0.0858017 0.00189285
1 0.846538 0.385978 0.0804186 0.14128 0.0016077
4 0.54119 0.457509 0.0166373 0.121384 0.00142369
5 0.882604 0.49657 0.0338554 0.201256 0.00141893
4 0.633428 0.446487 0.111179 0.146751 0.00125227
1 0.871374 0.559883 0.0880063 0.212132 0.00122043
5 0.884469 0.524454 0.035264 0.206079 0.00121564
1 0.651105 0.422871 0.125726 0.129435 0.00116821
1 0.842178 0.631627 0.137846 0.1294 0.00112717
5 0.826139 0.673161 0.13964 0.0920527 0.00103319
1 0.203555 0.528371 0.0710463 0.147792 0.00103253
