1 0.73639 0.496609 0.173495 0.0535145 0.579941
1 0.760738 0.448349 0.2597 0.0716279 0.131178
1 0.731063 0.440166 0.204728 0.0488855 0.105808
1 0.779897 0.501381 0.268951 0.061969 0.0707893
1 0.713381 0.466433 0.182174 0.0444059 0.0634017
1 0.71439 0.465903 0.196865 0.030019 0.0455327
1 0.733322 0.483985 0.165833 0.0636242 0.01645
5 0.64031 0.5095 0.124003 0.0425175 0.0162563
1 0.717007 0.453087 0.176292 0.0540126 0.0157811
5 0.702404 0.46404 0.172343 0.0269693 0.0149443
1 0.722038 0.472537 0.20384 0.0385644 0.0130229
1 0.768601 0.459835 0.291941 0.0922191 0.0108653
1 0.708251 0.43447 0.157004 0.0422872 0.00895286
5 0.778862 0.453339 0.275519 0.0872174 0.00404063
1 0.735265 0.464319 0.197488 0.0534908 0.0039559
1 0.767044 0.446597 0.169382 0.0633576 0.00394075
4 0.466259 0.885443 0.0925284 0.0426305 0.00322684
5 0.729928 0.495526 0.161744 0.0366169 0.00288813
1 0.638199 0.510191 0.131722 0.042113 0.00240029
5 0.685127 0.461745 0.141384 0.0285806 0.00189506
5 0.65987 0.508914 0.0961097 0.0387459 0.00160542
1 0.709647 0.459907 0.18443 0.0326031 0.00128177
1 0.7764 0.48649 0.281636 0.0421681 0.00125441
5 0.672386 0.46285 0.115808 0.0228028 0.00118233
4 0.68562 0.500637 0.0875168 0.0331497 0.00112065
5 0.828833 0.510068 0.166034 0.0511163 0.0010364
