6 0.141186 0.74486 0.159191 0.142669 0.871376
10 0.311653 0.2954 0.48422 0.215324 0.825483
10 0.308748 0.266778 0.451268 0.107345 0.0482711
10 0.315313 0.330503 0.5179 0.127057 0.0132681
10 0.276342 0.291509 0.29418 0.0718764 0.00997132
10 0.30937 0.344913 0.464143 0.103506 0.00611709
10 0.29035 0.282219 0.430603 0.107991 0.00591507
10 0.178709 0.297241 0.264149 0.0684271 0.00221093
10 0.284247 0.277619 0.423869 0.157917 0.00129706
10 0.287234 0.303524 0.298847 0.06919 0.001285
10 0.25468 0.415357 0.386692 0.060728 0.00119744
