1 0.42128 0.767075 0.287469 0.193485 0.657738
1 0.407624 0.781963 0.197567 0.205288 0.626817
1 0.303471 0.768191 0.169436 0.127317 0.609861
1 0.333262 0.749305 0.141598 0.16417 0.594623
1 0.437015 0.813121 0.250838 0.170937 0.381482
1 0.325487 0.765947 0.144132 0.116495 0.282043
1 0.39055 0.760624 0.217082 0.15122 0.0740074
1 0.338121 0.77948 0.173216 0.137559 0.0447162
1 0.297465 0.775391 0.221821 0.13066 0.0372104
1 0.563736 0.752378 0.181345 0.162248 0.0362997
5 0.558672 0.843646 0.13206 0.174608 0.0313447
1 0.39641 0.792654 0.162926 0.161246 0.0249028
1 0.520468 0.819612 0.130997 0.127846 0.0228048
1 0.466069 0.827591 0.237368 0.146069 0.0193085
1 0.466738 0.817757 0.162073 0.138342 0.0151725
5 0.442301 0.812872 0.139467 0.147766 0.0146665
1 0.375552 0.800632 0.339724 0.162361 0.0106758
1 0.357707 0.790714 0.168978 0.144788 0.00964116
1 0.351303 0.743493 0.117238 0.151541 0.00869754
1 0.305218 0.774812 0.128348 0.122953 0.00818728
1 0.326099 0.775601 0.257621 0.15048 0.00817715
1 0.438599 0.819303 0.177217 0.158915 0.00804492
1 0.378676 0.810386 0.155388 0.129591 0.00772599
1 0.352171 0.757936 0.286548 0.176498 0.00759875
1 0.372226 0.770639 0.157581 0.137807 0.00737747
1 0.402747 0.822054 0.194104 0.124831 0.00727803
1 0.547416 0.816203 0.132067 0.123995 0.00586739
5 0.426731 0.771897 0.149648 0.168898 0.00463203
1 0.463963 0.81757 0.122187 0.123899 0.00424979
1 0.505187 0.834801 0.180765 0.154811 0.0039627
1 0.542 0.838974 0.14565 0.165498 0.00376657
1 0.527466 0.752746 0.20286 0.160909 0.0035511
1 0.392694 0.822875 0.354749 0.143589 0.00279738
1 0.401952 0.73997 0.184517 0.131149 0.0020944
5 0.334087 0.784831 0.13643 0.119377 0.00179873
2 0.5 0.0687605 1 0.137521 0.00175108
10 0.34223 0.73495 0.0858264 0.133799 0.00162124
5 0.358519 0.791907 0.155737 0.133693 0.00151878
1 0.588706 0.765082 0.216744 0.164391 0.0015047
