4 0.723795 0.350947 0.0669308 0.0575273 0.280313
1 0.886968 0.462287 0.0598793 0.148425 0.0985624
4 0.828758 0.323346 0.0257902 0.135538 0.0819648
4 0.724392 0.345193 0.0613715 0.0416641 0.0628878
4 0.72043 0.386373 0.0646273 0.0471562 0.0388971
5 0.466772 0.687742 0.0688852 0.20199 0.0206351
1 0.83762 0.518357 0.0605529 0.111167 0.0186545
10 0.788096 0.215452 0.0391505 0.167006 0.0124368
1 0.464635 0.68793 0.0564607 0.201212 0.0117212
4 0.890517 0.463123 0.0547095 0.149451 0.0101753
4 0.709862 0.358813 0.0462715 0.0504515 0.00918766
4 0.833831 0.519063 0.0598797 0.0866996 0.00874194
4 0.883303 0.483292 0.0631838 0.17182 0.00656173
4 0.788441 0.214162 0.0352942 0.163265 0.00640011
5 0.467973 0.677109 0.0422438 0.176227 0.00544251
4 0.837267 0.508404 0.0521354 0.116454 0.00504706
1 0.882455 0.475875 0.0753259 0.18674 0.00331254
1 0.471876 0.683562 0.0780039 0.202962 0.00313615
4 0.429362 0.503823 0.0704572 0.0557499 0.00274304
4 0.865745 0.516739 0.060524 0.100597 0.00265626
4 0.718878 0.376979 0.0598157 0.0631579 0.00234028
4 0.727471 0.403324 0.0449079 0.0281653 0.00214759
4 0.828925 0.535437 0.0542476 0.0984415 0.00206256
4 0.863712 0.467325 0.0394465 0.0962511 0.00191008
4 0.826435 0.731729 0.0443071 0.117918 0.00172542
1 0.46966 0.682116 0.0560618 0.166021 0.00172103
4 0.857198 0.476337 0.0326634 0.106878 0.00169531
4 0.719027 0.338013 0.0638235 0.0411515 0.0015034
1 0.786593 0.215047 0.0394093 0.167528 0.00129519
4 0.874119 0.494036 0.0652105 0.148219 0.00122973
4 0.712566 0.348751 0.0533314 0.0437053 0.00122537
4 0.723381 0.321807 0.0598819 0.0809157 0.00113687
4 0.828065 0.522872 0.0543391 0.0680852 0.00100737
