1 0.624437 0.638188 0.100109 0.224827 0.670828
1 0.723191 0.682654 0.254357 0.265606 0.11714
1 0.749886 0.780829 0.12773 0.189013 0.0869473
1 0.701834 0.733158 0.198434 0.168972 0.0841582
1 0.635403 0.582844 0.0856725 0.186878 0.0588075
1 0.666225 0.625386 0.167949 0.273666 0.0543602
5 0.657534 0.71354 0.0546554 0.211645 0.0489845
1 0.628351 0.648867 0.090859 0.146907 0.0432159
1 0.686297 0.702299 0.148992 0.235181 0.0397487
1 0.633971 0.699295 0.11342 0.144269 0.0161708
1 0.636658 0.624988 0.0841171 0.189279 0.0160446
1 0.693094 0.637349 0.204339 0.300769 0.00875134
1 0.749736 0.756934 0.15253 0.170402 0.00777708
1 0.75123 0.571786 0.101028 0.183028 0.00679546
1 0.631189 0.595789 0.0642942 0.181028 0.00582105
1 0.683197 0.73918 0.151192 0.150574 0.0053479
1 0.62672 0.684509 0.144788 0.175556 0.00519319
5 0.753079 0.574033 0.104254 0.186073 0.00517733
5 0.699276 0.733015 0.147212 0.152255 0.00475014
1 0.650472 0.689154 0.0711646 0.169052 0.00465646
1 0.62172 0.679136 0.0964564 0.15971 0.00359762
1 0.739916 0.57886 0.136569 0.192663 0.00319341
5 0.664576 0.725297 0.0683247 0.177753 0.00285193
1 0.657499 0.661524 0.142224 0.161649 0.00259909
5 0.675258 0.722915 0.095948 0.183444 0.00238085
1 0.716285 0.733116 0.177859 0.13612 0.00235814
1 0.663923 0.577552 0.16176 0.179017 0.00221311
1 0.644846 0.678528 0.0993114 0.187762 0.00194612
5 0.666924 0.652022 0.188517 0.114224 0.00194177
5 0.760779 0.613553 0.107324 0.0938294 0.00165762
1 0.654134 0.663067 0.169037 0.239738 0.00160368
5 0.715551 0.712119 0.156185 0.159085 0.00156616
5 0.779491 0.654656 0.0816504 0.119948 0.00150568
1 0.731231 0.588635 0.180163 0.209167 0.00135634
5 0.761343 0.57914 0.0547365 0.19903 0.00134724
1 0.640523 0.63821 0.138395 0.251937 0.00124107
1 0.734579 0.552049 0.141931 0.126061 0.00122029
5 0.767523 0.586351 0.0724004 0.15702 0.00111388
1 0.686332 0.72321 0.114816 0.168009 0.00103246
5 0.763792 0.634961 0.10357 0.0983708 0.00102313
