6 0.162008 0.751181 0.302489 0.300127 0.839891
10 0.522718 0.510312 0.740816 0.281082 0.790443
10 0.674171 0.687055 0.50595 0.253359 0.779164
5 0.301134 0.869971 0.391455 0.187037 0.690473
5 0.394302 0.917375 0.410526 0.104475 0.346704
10 0.445787 0.916496 0.527841 0.0952076 0.261579
10 0.743402 0.704993 0.370449 0.238438 0.174126
5 0.321315 0.899196 0.368456 0.16189 0.159321
10 0.668019 0.642848 0.495384 0.255457 0.151148
4 0.757009 0.714905 0.371208 0.215157 0.131275
1 0.313705 0.865485 0.432165 0.170717 0.0793687
5 0.75843 0.758646 0.387062 0.125963 0.0694085
10 0.420816 0.874128 0.590372 0.165305 0.0661688
10 0.511735 0.906943 0.436953 0.0900762 0.0572045
10 0.674983 0.600354 0.472895 0.269471 0.0496029
5 0.374903 0.913486 0.512075 0.122421 0.0272885
1 0.296798 0.878609 0.427295 0.125596 0.0247956
10 0.311174 0.855843 0.468782 0.154849 0.0118994
5 0.190791 0.888904 0.202599 0.0984458 0.0075132
5 0.400121 0.990664 0.519832 0.0186723 0.00694147
10 0.311782 0.829422 0.39382 0.26127 0.0061983
5 0.347034 0.993083 0.527976 0.0138333 0.00590538
10 0.449487 0.849807 0.428494 0.088553 0.00381176
10 0.323428 0.993551 0.4926 0.0128971 0.00377731
10 0.298653 0.88063 0.289224 0.114425 0.00355027
10 0.332133 0.974661 0.467165 0.0506786 0.00346105
10 0.450336 0.945807 0.536676 0.107477 0.00340008
10 0.678036 0.673087 0.463956 0.410227 0.00295059
5 0.433414 0.975878 0.522479 0.0482435 0.00245008
5 0.462189 0.90951 0.530463 0.095617 0.00236372
10 0.539394 0.97595 0.535277 0.0481003 0.00230128
5 0.363733 0.891151 0.4884 0.151391 0.00209476
10 0.755397 0.762872 0.36567 0.110683 0.00209363
5 0.534185 0.848217 0.482708 0.0654788 0.00197781
10 0.29017 0.721569 0.226155 0.143 0.00195178
1 0.311306 0.897111 0.340955 0.129383 0.0018231
10 0.467509 0.966349 0.531789 0.0673013 0.00181913
10 0.654094 0.729528 0.54328 0.34758 0.00179751
5 0.481347 0.849769 0.429567 0.0795798 0.0016541
10 0.526824 0.928407 0.485396 0.143186 0.00160894
6 0.296249 0.856781 0.449607 0.142694 0.00155725
5 0.182816 0.90184 0.182345 0.0739455 0.00155191
10 0.521001 0.788765 0.663141 0.305544 0.0014655
10 0.33981 0.908964 0.393139 0.182072 0.00144568
10 0.628762 0.621385 0.484009 0.327509 0.00142292
5 0.369216 0.87812 0.300014 0.122687 0.00119118
10 0.433044 0.824349 0.615315 0.271721 0.00117634
10 0.521589 0.910702 0.525348 0.111714 0.00112279
5 0.539654 0.84916 0.268827 0.0712201 0.00103368
