1 0.548535 0.802265 0.131682 0.151456 0.25561
5 0.916058 0.413653 0.0460122 0.0775232 0.198667
1 0.903397 0.342928 0.127267 0.191643 0.143347
5 0.576351 0.790087 0.0727474 0.117424 0.129177
1 0.862956 0.280534 0.0810251 0.0697893 0.102492
5 0.917588 0.403253 0.0551316 0.0680326 0.0615405
5 0.830298 0.451461 0.0902812 0.0350083 0.0523876
5 0.890808 0.400411 0.0922579 0.075246 0.0512528
5 0.552836 0.814872 0.107602 0.0794398 0.0406201
5 0.904093 0.400106 0.0758483 0.0675756 0.0379649
1 0.895318 0.401045 0.101743 0.0797911 0.0361392
5 0.580004 0.817241 0.0635536 0.0844892 0.0320377
1 0.846978 0.268949 0.0821461 0.062119 0.030501
5 0.829134 0.443843 0.0914914 0.0320336 0.0300299
1 0.885216 0.310454 0.135126 0.122745 0.0252041
1 0.565236 0.799718 0.0976412 0.136244 0.0178516
5 0.881395 0.406563 0.0809167 0.0690435 0.0175147
5 0.558661 0.85063 0.0926312 0.0501096 0.0153097
5 0.90106 0.390817 0.088317 0.0770971 0.013469
5 0.554717 0.837434 0.0974411 0.0737029 0.0131673
5 0.863451 0.287913 0.0836553 0.0619462 0.0119357
1 0.886889 0.327379 0.143798 0.216519 0.0117292
5 0.572941 0.846334 0.0755469 0.0656161 0.0116188
6 0.424683 0.244545 0.106587 0.209549 0.0101268
10 0.578133 0.378858 0.0370932 0.082402 0.00982011
5 0.912891 0.306388 0.0908394 0.0636169 0.00926564
5 0.871255 0.294378 0.0978991 0.0761866 0.00857166
1 0.883782 0.292862 0.130445 0.0905423 0.00836149
1 0.847497 0.25954 0.0658649 0.0712029 0.00833931
1 0.825351 0.32108 0.109514 0.226043 0.00783514
5 0.912313 0.38508 0.0781242 0.0825196 0.0073192
5 0.551855 0.793376 0.109397 0.0965944 0.00719425
5 0.899204 0.375891 0.0911665 0.105864 0.00718724
1 0.821516 0.256717 0.0590579 0.06778 0.00648159
5 0.874092 0.412346 0.0639628 0.0627045 0.0064505
5 0.576908 0.839214 0.0719278 0.0867742 0.00634083
5 0.839218 0.438704 0.0682325 0.0287079 0.00596582
1 0.784185 0.314252 0.0888182 0.150488 0.0056618
5 0.539858 0.80937 0.0935939 0.0708504 0.00557747
1 0.888447 0.334289 0.1375 0.157525 0.0052665
1 0.900626 0.37297 0.0937217 0.110391 0.00509678
5 0.780316 0.331972 0.0746101 0.11011 0.00489993
5 0.893149 0.308169 0.117134 0.0677438 0.00488394
5 0.830529 0.449992 0.0838057 0.0239137 0.00439884
5 0.843284 0.436121 0.10831 0.0431731 0.00375601
5 0.896271 0.321287 0.0990845 0.0818117 0.00361252
5 0.568874 0.831733 0.0799421 0.0893838 0.00347903
1 0.921786 0.369778 0.0999737 0.160516 0.00343316
1 0.889605 0.388887 0.110829 0.0969718 0.00341488
5 0.876309 0.317727 0.108914 0.10074 0.00299351
5 0.902165 0.358839 0.0899711 0.0822838 0.00297607
5 0.568958 0.855578 0.086172 0.0680954 0.00270978
1 0.79945 0.337134 0.113242 0.179202 0.00251025
1 0.549288 0.779148 0.0976203 0.0920566 0.00250353
5 0.538946 0.850144 0.095732 0.0491211 0.00246927
5 0.530575 0.797263 0.0811873 0.083032 0.0024666
1 0.878387 0.292741 0.109154 0.0684894 0.00233789
5 0.932254 0.349783 0.08426 0.17835 0.00219864
1 0.779509 0.31631 0.0765928 0.104786 0.00218287
5 0.925373 0.379092 0.0688861 0.0910703 0.00208398
5 0.878538 0.42177 0.0678501 0.0534621 0.00198838
11 0.193075 0.437506 0.0415026 0.0505945 0.00186125
5 0.53695 0.833025 0.0854529 0.0800825 0.00184958
1 0.870179 0.307763 0.0982148 0.092667 0.00184115
5 0.778001 0.318272 0.0652552 0.0863013 0.00168837
5 0.913967 0.319382 0.0873848 0.0830717 0.0016195
1 0.870826 0.285991 0.10346 0.0876255 0.00158828
1 0.801898 0.266108 0.0813834 0.0861937 0.00157239
1 0.790347 0.287795 0.102575 0.130825 0.00142753
1 0.911634 0.341126 0.085228 0.101378 0.0013422
5 0.773809 0.671986 0.037091 0.114825 0.00127834
5 0.910382 0.421166 0.0428877 0.061105 0.00125452
5 0.862132 0.424869 0.0618937 0.046024 0.00124553
1 0.827506 0.273184 0.0737496 0.067927 0.00118207
5 0.801086 0.270396 0.0852155 0.0903608 0.00117859
5 0.93196 0.369519 0.058895 0.10933 0.00113886
5 0.586026 0.80796 0.058362 0.0902568 0.00112494
5 0.895177 0.344775 0.103299 0.0792317 0.00112464
5 0.774284 0.305683 0.0706897 0.0891673 0.00107775
5 0.520995 0.803588 0.0664241 0.0704954 0.0010499
5 0.866412 0.329893 0.0932576 0.0919714 0.00102517
