6 0.190001 0.684726 0.109453 0.197362 0.905975
10 0.286888 0.51412 0.501034 0.42037 0.88741
6 0.0976206 0.712107 0.0383536 0.210078 0.869026
10 0.216245 0.451313 0.355041 0.280678 0.807312
10 0.280447 0.383212 0.37209 0.236618 0.761797
10 0.24861 0.412049 0.30371 0.31514 0.210278
10 0.236332 0.459025 0.318503 0.218391 0.0174757
10 0.177853 0.323883 0.233406 0.0472778 0.012155
10 0.271138 0.425201 0.409264 0.280579 0.0102729
10 0.177747 0.349933 0.263857 0.0842908 0.00707921
10 0.189955 0.357745 0.279839 0.0579617 0.00441358
10 0.170642 0.328351 0.216344 0.0702946 0.00307565
10 0.271869 0.472742 0.273032 0.125828 0.00253978
10 0.170513 0.381033 0.237065 0.215295 0.0022142
10 0.210946 0.44071 0.291117 0.123384 0.00170942
6 0.977319 0.332658 0.0453628 0.223186 0.00139092
10 0.159116 0.341995 0.206791 0.101372 0.00120039
