5 0.540887 0.562043 0.10017 0.322896 0.794707
1 0.51942 0.482963 0.0433952 0.246354 0.268641
1 0.524256 0.488804 0.0674531 0.259027 0.144255
1 0.536181 0.501273 0.0622223 0.322507 0.114251
5 0.559427 0.530913 0.0621779 0.258563 0.0687457
5 0.535886 0.542077 0.0748049 0.339997 0.0619182
1 0.534239 0.530443 0.0804256 0.369341 0.0604306
1 0.521159 0.520689 0.0589641 0.235446 0.0312229
4 0.840975 0.518599 0.050055 0.0857051 0.021916
4 0.853963 0.51145 0.0550814 0.0871077 0.00738132
1 0.539414 0.493874 0.0483631 0.271645 0.00468526
5 0.550083 0.543464 0.0691765 0.283537 0.00374598
5 0.535404 0.521036 0.0581778 0.313926 0.00327541
1 0.555263 0.528382 0.0692407 0.258159 0.00280952
5 0.523467 0.608796 0.0618693 0.217491 0.00264279
1 0.561287 0.512628 0.0609163 0.213652 0.00247724
1 0.518198 0.553842 0.0528933 0.199407 0.00244369
5 0.540743 0.497442 0.0462185 0.281148 0.00204108
1 0.520955 0.469498 0.0336257 0.224278 0.0020175
1 0.510104 0.544444 0.0570493 0.180548 0.00162013
1 0.528202 0.468939 0.051256 0.231016 0.00150667
5 0.529207 0.578985 0.0757879 0.285453 0.00128648
4 0.279163 0.266496 0.0498678 0.12669 0.00127892
1 0.52579 0.550072 0.0675184 0.278812 0.001197
