1 0.290327 0.268563 0.0878332 0.191664 0.799352
1 0.221306 0.425744 0.204171 0.18495 0.618226
1 0.208678 0.443643 0.176215 0.147004 0.103448
1 0.276092 0.235146 0.0823002 0.128007 0.0142161
1 0.290679 0.277377 0.0636509 0.17074 0.00565304
5 0.271914 0.232895 0.0717579 0.120658 0.00484772
1 0.824853 0.357924 0.12605 0.118104 0.00284634
1 0.847647 0.345898 0.107007 0.129184 0.00183295
1 0.810191 0.368976 0.111609 0.0989764 0.00150496
1 0.839802 0.340852 0.0676267 0.053899 0.00124204
1 0.28614 0.245558 0.0650268 0.146266 0.00114135
1 0.824399 0.339296 0.118603 0.124273 0.00103597
