1 0.320412 0.33656 0.432919 0.143471 0.799821
1 0.61018 0.772204 0.245599 0.196684 0.0828073
5 0.458156 0.326364 0.282342 0.0654907 0.0607036
1 0.290981 0.331063 0.322776 0.160616 0.0323624
1 0.521736 0.754229 0.270429 0.177786 0.00829823
5 0.433214 0.324041 0.315122 0.0796188 0.0058458
1 0.649583 0.738393 0.152256 0.123894 0.00484159
1 0.430767 0.801574 0.440655 0.19848 0.00480954
1 0.537861 0.776465 0.263146 0.162265 0.00467199
1 0.261202 0.341957 0.279506 0.135075 0.00451568
1 0.553956 0.771624 0.310937 0.212635 0.00348012
5 0.253099 0.32575 0.299138 0.0528258 0.00339325
1 0.555627 0.739766 0.289164 0.148881 0.00301018
1 0.504471 0.78427 0.38744 0.19924 0.00188941
1 0.499036 0.794765 0.264329 0.147392 0.00155717
1 0.629577 0.743832 0.200258 0.133999 0.00133223
1 0.431133 0.321994 0.326682 0.0902857 0.0011663
1 0.415272 0.819848 0.367778 0.139837 0.00114869
