4 0.512187 0.551471 0.174405 0.108981 0.814203
4 0.608276 0.811087 0.130468 0.100895 0.535284
4 0.733852 0.614033 0.129219 0.0905406 0.204347
1 0.747636 0.616838 0.165239 0.0974828 0.152759
4 0.48784 0.533811 0.120986 0.0626946 0.140731
1 0.727738 0.65167 0.164102 0.131602 0.112967
1 0.502939 0.653796 0.166122 0.0719318 0.0990151
4 0.489783 0.671618 0.180061 0.0894632 0.0710644
1 0.706035 0.654823 0.120059 0.127592 0.0551481
1 0.737392 0.63437 0.176895 0.125582 0.0510652
4 0.726455 0.627072 0.130932 0.112913 0.0403704
4 0.491395 0.647825 0.182198 0.0696939 0.0372032
1 0.487297 0.646701 0.170123 0.0701258 0.0265594
4 0.47164 0.647229 0.149226 0.0588346 0.0109967
4 0.621648 0.805711 0.094612 0.115436 0.00538465
4 0.498145 0.54497 0.136484 0.0857601 0.00201572
1 0.723147 0.664121 0.127291 0.126567 0.00121627
4 0.712796 0.617901 0.121119 0.0971918 0.00104943
