5 0.223954 0.806338 0.276205 0.0889459 0.897502
1 0.179275 0.643148 0.160651 0.215122 0.611106
5 0.12097 0.736313 0.0834462 0.158839 0.528825
1 0.881197 0.267306 0.0905826 0.124431 0.497087
5 0.111069 0.72791 0.0545944 0.17191 0.260087
1 0.181735 0.656721 0.125819 0.205702 0.0878284
1 0.110719 0.685042 0.0776786 0.178779 0.0416067
1 0.159378 0.675659 0.148431 0.183591 0.0156002
1 0.148372 0.732449 0.145844 0.16619 0.0132691
1 0.164277 0.675162 0.166979 0.23891 0.0115783
1 0.713562 0.223689 0.144003 0.143218 0.0104966
5 0.127891 0.716229 0.0990156 0.213618 0.0102024
1 0.684787 0.22867 0.183329 0.2302 0.00989158
5 0.254413 0.824086 0.2001 0.0455732 0.00765456
5 0.183572 0.664636 0.0779125 0.176477 0.00543418
5 0.136144 0.748954 0.110812 0.146614 0.00452648
1 0.147312 0.71217 0.112643 0.119474 0.00380541
1 0.179181 0.668816 0.0837399 0.168271 0.0030272
1 0.740513 0.232044 0.118526 0.164181 0.00290174
1 0.225748 0.749936 0.224481 0.158506 0.00281226
1 0.164921 0.709628 0.0806038 0.108999 0.00259849
5 0.104709 0.668567 0.0780142 0.158989 0.00256746
1 0.842003 0.25499 0.117983 0.144726 0.00252353
1 0.860185 0.255586 0.11211 0.137182 0.00250474
1 0.726628 0.269345 0.174806 0.148164 0.00238639
1 0.175967 0.697478 0.069932 0.129237 0.00234566
1 0.256761 0.761209 0.248127 0.165529 0.00233897
1 0.159071 0.673368 0.120728 0.156997 0.00222709
1 0.695181 0.282516 0.207291 0.164608 0.00211044
5 0.153359 0.773577 0.136476 0.0960059 0.00209253
1 0.0953539 0.674949 0.100395 0.166708 0.00188792
1 0.183067 0.714146 0.15798 0.134208 0.00178751
1 0.686197 0.218591 0.149273 0.138616 0.00173347
1 0.760454 0.274751 0.154515 0.12515 0.00171569
1 0.145398 0.652134 0.0972746 0.143376 0.00162207
5 0.224874 0.80606 0.242386 0.0601053 0.00129962
1 0.215588 0.707193 0.188145 0.12264 0.00128019
1 0.133861 0.727296 0.0976898 0.155702 0.00125756
1 0.695871 0.203792 0.157239 0.183877 0.00123671
1 0.120275 0.669278 0.0849781 0.16849 0.00115395
