6 0.72493 0.659433 0.28091 0.194586 0.843487
6 0.47759 0.568414 0.192146 0.0757072 0.271232
10 0.0588348 0.164405 0.0286237 0.0520646 0.0302443
10 0.717741 0.097716 0.022906 0.0505636 0.0100467
11 0.228217 0.301771 0.0592546 0.0893287 0.00364146
11 0.0944296 0.187822 0.052778 0.0990736 0.00319973
11 0.129568 0.294123 0.0416868 0.0543044 0.00303416
11 0.231835 0.306733 0.0759888 0.101414 0.0023791
6 0.433706 0.978845 0.160573 0.0415814 0.00188851
11 0.136582 0.317631 0.0545319 0.0998479 0.00188611
11 0.102198 0.188331 0.0448923 0.0936549 0.00176777
6 0.47014 0.978958 0.174243 0.0416656 0.00154506
11 0.222642 0.556875 0.0823735 0.0634306 0.00147898
10 0.758544 0.094845 0.026412 0.0512107 0.00145596
6 0.39812 0.979942 0.169484 0.0401157 0.00123726
