10 0.446698 0.536501 0.51986 0.615073 0.557612
10 0.502876 0.423851 0.421318 0.429788 0.436639
10 0.564711 0.427564 0.301296 0.432492 0.329711
10 0.527868 0.441124 0.317355 0.31476 0.00737668
10 0.573693 0.388148 0.263624 0.310183 0.00580676
10 0.645581 0.452209 0.414502 0.378862 0.00268658
10 0.498759 0.4927 0.245743 0.30896 0.00256686
4 0.543227 0.544591 0.156342 0.198184 0.00248461
10 0.303039 0.706238 0.0973027 0.245235 0.00183603
10 0.566366 0.466527 0.264066 0.323688 0.00174714
10 0.423272 0.414761 0.585317 0.387983 0.00162288
10 0.527766 0.50395 0.153838 0.27331 0.00151682
