10 0.686116 0.600275 0.140501 0.624031 0.449579
10 0.623886 0.193185 0.0932193 0.11345 0.121849
4 0.615292 0.784019 0.0307468 0.107002 0.0588204
10 0.711415 0.443261 0.0832732 0.527937 0.0315461
10 0.615687 0.790047 0.0287657 0.115334 0.0176493
11 0.628538 0.617389 0.0679229 0.0600786 0.016502
7 0.612897 0.78586 0.0365352 0.102159 0.008758
11 0.633934 0.622473 0.0658987 0.0899388 0.00394564
11 0.606522 0.437753 0.0349437 0.175764 0.00387514
4 0.607785 0.780977 0.0476576 0.111895 0.00387102
11 0.6299 0.605161 0.0724395 0.0818573 0.00376127
11 0.608675 0.41655 0.034325 0.140269 0.00345226
10 0.65084 0.809236 0.0350408 0.15872 0.00214539
2 0.881328 0.462305 0.232536 0.564999 0.00179382
0 0.988855 0.468271 0.0218387 0.675542 0.00154294
11 0.696471 0.542469 0.0580126 0.12373 0.00140102
10 0.607811 0.782384 0.0486729 0.110047 0.00137405
2 0.929356 0.461489 0.139444 0.711304 0.00111862
4 0.625481 0.791259 0.0533284 0.124425 0.00105347
11 0.626002 0.596809 0.0709861 0.114197 0.00101189
