6 0.046898 0.662477 0.0935383 0.154436 0.390182
10 0.0479805 0.650495 0.0959611 0.18286 0.0937281
6 0.0452661 0.685335 0.0899202 0.107808 0.0346718
6 0.021536 0.618872 0.043072 0.215604 0.00968944
6 0.0147983 0.616817 0.0294543 0.224943 0.00447127
10 0.0448254 0.671765 0.0896044 0.123575 0.00357129
10 0.0172606 0.590563 0.0345212 0.31958 0.00337785
6 0.0106194 0.614302 0.0210919 0.208997 0.00329524
6 0.0321698 0.630358 0.0643395 0.176468 0.00223028
10 0.0109775 0.537339 0.0219551 0.409538 0.00176029
6 0.0112988 0.567014 0.0224801 0.262162 0.00168759
6 0.00889504 0.55236 0.0177901 0.186532 0.00139067
10 0.0367551 0.609121 0.0735102 0.28099 0.0013547
6 0.0441702 0.710125 0.0883404 0.170772 0.00116796
6 0.035269 0.656822 0.0705381 0.0977823 0.00107929
6 0.0118767 0.486477 0.0237534 0.286224 0.00105927
