5 0.265827 0.75028 0.128877 0.157068 0.873823
5 0.252609 0.735462 0.106283 0.129083 0.127797
10 0.399465 0.514422 0.0757895 0.212505 0.0392612
5 0.28677 0.771709 0.0865816 0.107491 0.0322893
5 0.274704 0.735041 0.139646 0.120632 0.0288182
5 0.2992 0.754065 0.166005 0.151774 0.0199264
1 0.251989 0.737457 0.119006 0.122581 0.0091556
1 0.276615 0.768234 0.106957 0.11816 0.00353873
5 0.285855 0.786718 0.0628653 0.0729656 0.0024251
1 0.251684 0.767951 0.13385 0.117032 0.00233217
5 0.36832 0.846601 0.106438 0.0795565 0.00218482
5 0.293575 0.758444 0.111824 0.139284 0.00203869
5 0.326282 0.783524 0.11338 0.0891299 0.00201286
5 0.298197 0.778027 0.0848581 0.0944316 0.00191911
5 0.242686 0.78147 0.109503 0.10024 0.00164946
1 0.237872 0.770021 0.131785 0.0987077 0.00139432
5 0.243329 0.725348 0.0876834 0.0999241 0.00132209
5 0.233823 0.736882 0.111117 0.12637 0.0012033
5 0.319526 0.771554 0.138247 0.128021 0.00115521
