5 0.779586 0.494482 0.148426 0.467701 0.707761
1 0.705426 0.317024 0.352838 0.264151 0.685043
10 0.837004 0.450469 0.139974 0.556974 0.508988
6 0.82184 0.293127 0.166398 0.233905 0.467819
10 0.793382 0.448575 0.154674 0.550394 0.37389
10 0.446674 0.486062 0.399819 0.0752394 0.21908
10 0.753462 0.485474 0.421741 0.0768681 0.216864
10 0.68757 0.475462 0.298793 0.10019 0.156142
5 0.704782 0.35351 0.347226 0.338726 0.145558
10 0.843643 0.503374 0.121603 0.438708 0.090586
10 0.551659 0.47684 0.620703 0.101731 0.0877253
10 0.734617 0.468801 0.384143 0.108445 0.0794031
10 0.717216 0.477216 0.355018 0.158387 0.075672
10 0.710684 0.388215 0.345798 0.279698 0.0725687
6 0.775322 0.360826 0.229208 0.355596 0.0623645
10 0.754294 0.48589 0.444598 0.108822 0.049972
6 0.822535 0.35525 0.176314 0.344611 0.037674
6 0.8488 0.285182 0.13133 0.216101 0.0367387
10 0.535383 0.491097 0.587418 0.0842607 0.0343704
6 0.779466 0.443335 0.206804 0.377231 0.0284761
5 0.653422 0.404101 0.238779 0.234139 0.0216879
5 0.745752 0.303203 0.267889 0.277075 0.0194352
10 0.651219 0.408828 0.222414 0.225565 0.0173634
10 0.466485 0.473965 0.442747 0.111388 0.0134841
1 0.722185 0.289811 0.296346 0.239006 0.0127185
5 0.794594 0.496249 0.179484 0.378938 0.0119653
10 0.860417 0.455837 0.203463 0.545794 0.0117406
6 0.788242 0.438133 0.215066 0.196143 0.0103152
6 0.781688 0.298664 0.221054 0.265541 0.00993144
10 0.544622 0.385613 0.597082 0.276241 0.00947572
10 0.65347 0.487264 0.269687 0.0901842 0.00827825
10 0.612453 0.471251 0.573962 0.163646 0.00715392
10 0.707268 0.514786 0.35994 0.268157 0.00714792
6 0.790012 0.516405 0.129169 0.428138 0.00694894
5 0.705277 0.437517 0.319956 0.527263 0.00621162
10 0.81107 0.4941 0.220606 0.359805 0.0060356
1 0.667225 0.2701 0.259204 0.158931 0.00601179
6 0.757806 0.391699 0.279236 0.36495 0.00503481
10 0.664507 0.493355 0.219866 0.0712896 0.00410817
6 0.770494 0.350276 0.2067 0.188303 0.00393926
6 0.803472 0.325617 0.221872 0.168175 0.0036974
10 0.702556 0.506076 0.310536 0.378062 0.00353269
10 0.731698 0.502269 0.443526 0.129531 0.00350705
10 0.650949 0.469162 0.296093 0.0908855 0.00349608
6 0.844223 0.322461 0.167705 0.28396 0.0031903
1 0.686133 0.2912 0.309345 0.200124 0.00291252
5 0.634972 0.231197 0.261958 0.0420596 0.00273426
10 0.736697 0.463083 0.29748 0.129619 0.00248558
10 0.603066 0.232901 0.212811 0.0346953 0.00238667
10 0.844413 0.371283 0.144794 0.392875 0.00230948
10 0.679511 0.518835 0.295109 0.0740513 0.0023038
10 0.565088 0.300516 0.666609 0.215899 0.00223358
10 0.615446 0.437988 0.223852 0.0980375 0.00217033
10 0.669716 0.4926 0.343448 0.133451 0.00215104
1 0.671652 0.241204 0.242037 0.10294 0.00175404
6 0.786318 0.381033 0.172721 0.237662 0.00170138
6 0.803111 0.414631 0.149862 0.192692 0.00161859
10 0.636432 0.4393 0.196952 0.126222 0.00144232
10 0.624261 0.461757 0.229616 0.0832049 0.0013289
10 0.632438 0.511982 0.296526 0.0997106 0.00131324
10 0.728248 0.43117 0.380889 0.224291 0.00127128
6 0.674599 0.223926 0.243508 0.0625925 0.00117508
6 0.81778 0.400019 0.116513 0.250922 0.00110761
10 0.73927 0.514173 0.236752 0.424943 0.00109937
5 0.793888 0.25298 0.132653 0.146335 0.00108773
10 0.703869 0.490809 0.278195 0.0771445 0.00107963
1 0.661456 0.314138 0.282073 0.117077 0.00103848
