1 0.323687 0.716633 0.274875 0.155063 0.380658
1 0.514732 0.707028 0.284505 0.158882 0.314677
1 0.525104 0.732163 0.324514 0.182535 0.102587
1 0.539986 0.76427 0.312192 0.128895 0.0899275
1 0.520073 0.729622 0.307346 0.118675 0.0822682
5 0.295839 0.639225 0.119379 0.23355 0.0799154
1 0.570055 0.773787 0.251091 0.112371 0.0156558
1 0.354771 0.68326 0.266703 0.0840006 0.0138517
1 0.509152 0.759232 0.381504 0.188668 0.0102283
1 0.539884 0.753315 0.236045 0.103111 0.00649157
1 0.523193 0.684088 0.227024 0.127876 0.00590221
1 0.501947 0.729557 0.243596 0.102188 0.00559404
1 0.500065 0.76807 0.23112 0.103759 0.00397647
1 0.515123 0.697697 0.308512 0.213997 0.00386126
5 0.600337 0.796244 0.182452 0.0713568 0.00380333
1 0.348734 0.70087 0.252827 0.087331 0.00361139
1 0.533469 0.712522 0.212464 0.13563 0.00343425
1 0.514027 0.743337 0.229325 0.102769 0.00292161
1 0.590566 0.794616 0.207555 0.133104 0.00255136
1 0.551774 0.722494 0.368315 0.227114 0.0019705
1 0.392667 0.696543 0.182066 0.09051 0.00196285
1 0.575401 0.77087 0.351884 0.224806 0.0018069
1 0.480147 0.649313 0.196748 0.130375 0.00170169
1 0.47987 0.754944 0.233656 0.0944472 0.00165274
1 0.363492 0.658006 0.269765 0.118253 0.0015977
5 0.582649 0.79792 0.202743 0.0870609 0.00156942
1 0.426864 0.666097 0.238332 0.121747 0.00154083
1 0.546673 0.735246 0.228447 0.114942 0.0014082
1 0.45195 0.759362 0.48268 0.209542 0.00139892
