10 0.47169 0.664073 0.450113 0.501155 0.831519
10 0.606915 0.634888 0.186868 0.528025 0.651142
10 0.420035 0.637139 0.350612 0.474476 0.115136
10 0.545806 0.635126 0.297471 0.508756 0.0373935
2 0.968696 0.448008 0.0626076 0.3733 0.0127456
10 0.541318 0.779073 0.271387 0.347659 0.00921359
5 0.409027 0.863476 0.286711 0.0488101 0.00570206
5 0.442896 0.85814 0.169988 0.0600376 0.00547646
5 0.513377 0.8553 0.339183 0.0885881 0.00264223
10 0.498165 0.525699 0.395384 0.314155 0.0014328
6 0.506558 0.819195 0.328513 0.133671 0.00125776
5 0.457803 0.854227 0.222252 0.0600403 0.00114832
10 0.367993 0.853698 0.198332 0.0627602 0.00110035
