6 0.501446 0.800555 0.127665 0.176159 0.891264
6 0.664518 0.74555 0.264267 0.205446 0.814188
6 0.690532 0.632909 0.155945 0.13651 0.757618
6 0.716989 0.65555 0.200565 0.168889 0.540673
6 0.726658 0.682315 0.206217 0.139301 0.0297014
6 0.919092 0.455582 0.0504386 0.115174 0.00935096
6 0.916998 0.475368 0.0457244 0.156735 0.00405971
6 0.686662 0.688741 0.28171 0.183385 0.00393384
10 0.92612 0.64193 0.0634774 0.530044 0.00338574
6 0.713549 0.658888 0.250282 0.196666 0.00330207
6 0.917405 0.508263 0.0605736 0.243056 0.00155618
10 0.936077 0.645307 0.0446527 0.539417 0.00141372
