5 0.224378 0.432303 0.32558 0.333966 0.80977
6 0.222003 0.398842 0.278519 0.232189 0.803803
6 0.219249 0.418853 0.319963 0.304425 0.324103
10 0.323754 0.427258 0.591206 0.339993 0.262189
5 0.137321 0.468008 0.174093 0.18425 0.251384
10 0.194338 0.41567 0.282542 0.283851 0.142425
5 0.1484 0.421809 0.165594 0.260965 0.120939
6 0.211184 0.333379 0.2932 0.149631 0.114753
1 0.15995 0.413975 0.218086 0.280795 0.105954
10 0.287506 0.552325 0.297924 0.502403 0.0843094
10 0.309875 0.565809 0.198399 0.521254 0.0737442
10 0.252774 0.581515 0.155848 0.419573 0.0619539
5 0.260054 0.478279 0.255519 0.243365 0.032137
5 0.178409 0.421483 0.261043 0.290273 0.031837
6 0.184214 0.376603 0.271251 0.223643 0.0226323
5 0.160245 0.458952 0.227659 0.272518 0.0202862
10 0.28074 0.44188 0.230641 0.319543 0.0200346
10 0.256732 0.479446 0.26773 0.253839 0.017444
10 0.280062 0.613238 0.185209 0.451304 0.0173113
10 0.309892 0.432382 0.199542 0.360167 0.0124524
5 0.190122 0.489309 0.283855 0.254326 0.0121478
10 0.306589 0.641145 0.16209 0.430982 0.0116645
6 0.270955 0.430626 0.244292 0.335237 0.0115627
10 0.201078 0.453175 0.25064 0.264775 0.00820664
10 0.157987 0.413192 0.190813 0.276469 0.00720931
10 0.328916 0.415637 0.454718 0.308117 0.00682829
10 0.331971 0.671724 0.117662 0.383569 0.00663174
10 0.287109 0.611056 0.231851 0.533931 0.0062311
10 0.220555 0.500783 0.323617 0.302722 0.00595026
6 0.242125 0.321177 0.339536 0.191172 0.00515072
10 0.232421 0.543434 0.137483 0.379477 0.00504979
10 0.25701 0.404179 0.396144 0.298403 0.00494378
10 0.224003 0.550493 0.305195 0.448051 0.00462948
10 0.330001 0.611525 0.130811 0.412899 0.00440763
10 0.244528 0.494076 0.240692 0.345415 0.00432263
10 0.340673 0.730401 0.11257 0.381786 0.00404952
10 0.308351 0.713024 0.16056 0.369615 0.00375012
10 0.298117 0.465737 0.384081 0.387544 0.00340117
10 0.255826 0.543292 0.207766 0.407582 0.00328171
10 0.503188 0.476583 0.1655 0.23983 0.00312138
5 0.334045 0.617389 0.129183 0.401483 0.00291849
5 0.220418 0.458349 0.143753 0.18193 0.00280668
10 0.48573 0.471033 0.238218 0.261533 0.00241169
10 0.475691 0.473448 0.207179 0.210484 0.0023569
5 0.335879 0.724052 0.10586 0.366332 0.00233333
10 0.520547 0.480662 0.118689 0.223894 0.00210734
6 0.291734 0.501586 0.213047 0.197301 0.00209562
6 0.626088 0.458207 0.271872 0.296698 0.00188357
10 0.486279 0.487425 0.422351 0.284752 0.00167983
10 0.345952 0.61101 0.213655 0.499536 0.00163811
5 0.3144 0.504458 0.138008 0.238582 0.00162904
10 0.336683 0.470914 0.201392 0.39751 0.00160748
10 0.176229 0.399395 0.203945 0.172086 0.00133016
5 0.169199 0.549201 0.25845 0.371036 0.0011477
6 0.32946 0.512698 0.0884113 0.222349 0.00114075
6 0.202618 0.325363 0.21303 0.125526 0.00107629
10 0.305067 0.511197 0.215909 0.185777 0.00103851
