1 0.317736 0.767843 0.149739 0.189264 0.296011
1 0.416687 0.764596 0.298088 0.186838 0.119202
1 0.369815 0.765723 0.222401 0.188243 0.0758723
1 0.462704 0.755665 0.35665 0.188261 0.036126
1 0.582298 0.84413 0.252376 0.0939348 0.0171342
1 0.332288 0.748202 0.151409 0.151567 0.0168803
5 0.424093 0.852096 0.143572 0.157895 0.0154734
5 0.310756 0.744093 0.0847052 0.135539 0.00994373
5 0.570348 0.873719 0.231471 0.0498557 0.00885306
2 0.547833 0.0994427 0.904335 0.198885 0.00842701
1 0.433617 0.86255 0.159741 0.142748 0.00681656
5 0.682106 0.857889 0.0768713 0.0980971 0.00656408
1 0.691641 0.762795 0.235131 0.0832101 0.00610571
1 0.426612 0.819377 0.178823 0.151792 0.00597246
1 0.501999 0.781034 0.27283 0.140011 0.0051801
1 0.576251 0.860276 0.299437 0.0864957 0.0046812
5 0.692029 0.849316 0.095357 0.12376 0.00443491
1 0.697178 0.847231 0.156692 0.124102 0.00410636
1 0.312581 0.802527 0.136553 0.119782 0.00385405
1 0.524065 0.768196 0.218536 0.135207 0.00340757
1 0.511473 0.751867 0.260991 0.183317 0.00329326
1 0.708882 0.771314 0.280697 0.0718053 0.00313221
5 0.432771 0.863804 0.115378 0.136166 0.0029931
5 0.701273 0.782817 0.283317 0.0746285 0.00271547
5 0.69763 0.844083 0.130761 0.118949 0.00247539
1 0.507016 0.804812 0.271586 0.143057 0.00245472
2 0.511596 0.0683974 0.976808 0.13612 0.00241796
1 0.663303 0.768018 0.193093 0.094546 0.00223849
1 0.324338 0.735153 0.121371 0.120319 0.00213124
1 0.555857 0.788983 0.265294 0.143998 0.00199987
1 0.360641 0.793005 0.167014 0.125191 0.00168945
1 0.71718 0.853794 0.119112 0.0901581 0.00149598
1 0.682834 0.839225 0.200824 0.125285 0.00149538
1 0.468685 0.707741 0.256369 0.115101 0.00147864
1 0.576763 0.86873 0.218947 0.0670112 0.00146567
5 0.595905 0.867295 0.224581 0.0638695 0.0014284
1 0.467229 0.848383 0.192186 0.108611 0.00135464
1 0.420424 0.834785 0.150113 0.122977 0.00132215
1 0.615352 0.817209 0.224656 0.122786 0.00126602
1 0.658924 0.810801 0.296867 0.143695 0.0012439
1 0.399455 0.806096 0.151604 0.141772 0.00119671
2 0.633418 0.12212 0.733165 0.228171 0.00118216
1 0.538718 0.783787 0.186006 0.124048 0.00115262
1 0.368369 0.801352 0.131095 0.128908 0.00110363
1 0.386672 0.744879 0.213106 0.148388 0.00105532
