6 0.643883 0.65117 0.178831 0.247169 0.899338
1 0.219377 0.359712 0.331922 0.225485 0.897269
10 0.433396 0.558928 0.490166 0.515434 0.88231
5 0.206923 0.623477 0.229355 0.315737 0.798951
10 0.410089 0.526288 0.313427 0.492385 0.00961146
10 0.514152 0.586403 0.358975 0.434764 0.00622239
10 0.550833 0.618866 0.312312 0.370609 0.00534181
10 0.423289 0.538096 0.185523 0.529875 0.0029901
6 0.586602 0.659971 0.298338 0.280334 0.00296332
10 0.35773 0.500043 0.386704 0.4606 0.00256642
10 0.455975 0.494688 0.230832 0.481207 0.00239682
10 0.53911 0.654253 0.426367 0.377294 0.00199425
10 0.530354 0.679622 0.366227 0.241017 0.00156388
10 0.47217 0.630207 0.392722 0.460599 0.00146711
10 0.596276 0.662555 0.343314 0.298266 0.00145979
10 0.345032 0.488805 0.555854 0.344452 0.00131512
