6 0.639492 0.375377 0.31462 0.216782 0.876602
1 0.429921 0.457661 0.396406 0.207719 0.856002
1 0.263979 0.525506 0.234518 0.23799 0.84266
5 0.796834 0.173216 0.34934 0.119004 0.81157
5 0.769074 0.230989 0.286281 0.12912 0.102634
1 0.362861 0.680435 0.263818 0.109954 0.0640319
5 0.794124 0.204822 0.341791 0.156199 0.0578262
1 0.451128 0.489674 0.343199 0.129485 0.0518481
5 0.624065 0.167037 0.340589 0.0790444 0.0473545
1 0.492616 0.472678 0.268593 0.0981895 0.0311897
5 0.449918 0.532937 0.311466 0.0840467 0.0209581
1 0.368976 0.486153 0.236725 0.134152 0.00775528
5 0.321474 0.48741 0.146541 0.110163 0.00480927
5 0.329533 0.487602 0.18338 0.131987 0.00466337
10 0.420392 0.529498 0.22412 0.0637624 0.00365846
6 0.360025 0.683079 0.268733 0.104774 0.00356499
5 0.362084 0.484357 0.204606 0.110745 0.00232148
5 0.736258 0.1904 0.214197 0.0850084 0.00182184
1 0.44152 0.517542 0.302732 0.104061 0.00170214
1 0.386238 0.465782 0.296853 0.151254 0.0013819
5 0.652038 0.177362 0.394689 0.0664854 0.00133086
5 0.299864 0.502789 0.169472 0.123443 0.00123615
1 0.489555 0.46756 0.206615 0.0833916 0.00122777
5 0.770723 0.166403 0.316427 0.0964162 0.00104174
5 0.487183 0.46684 0.202625 0.082164 0.00102435
