5 0.670398 0.6294 0.355156 0.34224 0.88372
1 0.575366 0.501812 0.157236 0.273993 0.469872
1 0.447586 0.516104 0.305807 0.303409 0.196949
1 0.507004 0.695771 0.339167 0.213469 0.130103
5 0.492703 0.703242 0.315285 0.211776 0.0492417
1 0.356704 0.50902 0.210262 0.302101 0.03733
1 0.360786 0.572769 0.195912 0.427894 0.0302696
5 0.394751 0.677352 0.0994211 0.256326 0.0251025
10 0.51457 0.683146 0.365368 0.242325 0.0133296
1 0.498829 0.602214 0.345772 0.397618 0.0125314
5 0.587015 0.653517 0.367748 0.285618 0.0086171
1 0.657236 0.779441 0.449487 0.306737 0.00631579
10 0.559948 0.658294 0.406126 0.27401 0.00444837
5 0.604105 0.717897 0.198906 0.142265 0.00428873
1 0.48638 0.500634 0.260552 0.276717 0.00302884
5 0.387377 0.642427 0.111 0.327641 0.00213656
5 0.706877 0.557763 0.234903 0.176764 0.00166025
5 0.691614 0.563718 0.216385 0.132826 0.00138049
1 0.431342 0.65578 0.299233 0.289095 0.00135877
4 0.627651 0.683184 0.314114 0.240718 0.00124148
