1 0.499595 0.348916 0.535288 0.312353 0.209047
1 0.390287 0.381955 0.308276 0.227997 0.155672
1 0.384558 0.525344 0.393282 0.317149 0.114647
5 0.667668 0.367034 0.144054 0.305284 0.0667225
1 0.471334 0.309196 0.471512 0.270895 0.0361246
1 0.352128 0.362172 0.281022 0.229407 0.0278738
1 0.314694 0.403673 0.198588 0.215008 0.0253978
1 0.624131 0.311934 0.21064 0.208449 0.0234687
1 0.623959 0.336405 0.231834 0.271263 0.0232345
1 0.423457 0.415645 0.306413 0.284165 0.0230593
1 0.402718 0.46723 0.415539 0.363362 0.0188709
1 0.664419 0.368062 0.143587 0.303034 0.0148377
1 0.644757 0.335565 0.171809 0.25487 0.0148093
1 0.423455 0.45889 0.264304 0.245929 0.0113698
1 0.360705 0.366828 0.271452 0.152474 0.0111596
1 0.401453 0.197174 0.278179 0.126588 0.00869038
5 0.645187 0.372318 0.211224 0.351525 0.00701609
5 0.483238 0.368001 0.494077 0.200763 0.00679634
1 0.388674 0.465032 0.239509 0.295671 0.00642974
1 0.309425 0.54665 0.219328 0.24519 0.00638886
1 0.408735 0.374936 0.357509 0.143381 0.00595209
4 0.411754 0.309609 0.402618 0.325944 0.00522183
1 0.57699 0.382329 0.389544 0.269476 0.00460671
1 0.34995 0.417506 0.243818 0.249143 0.00450137
1 0.400677 0.392985 0.269425 0.171709 0.00378377
1 0.349153 0.471012 0.248838 0.321179 0.00372604
1 0.669427 0.432135 0.196163 0.236693 0.0034398
1 0.446609 0.301691 0.401434 0.349638 0.00333513
1 0.393979 0.212056 0.31721 0.160575 0.00314212
1 0.369018 0.56553 0.362259 0.237965 0.00300003
1 0.668168 0.307926 0.120242 0.187017 0.00296068
1 0.470547 0.406927 0.450317 0.295339 0.00265885
1 0.431495 0.278822 0.319105 0.317394 0.0024209
5 0.279545 0.433265 0.0859913 0.229414 0.00206322
1 0.620395 0.456986 0.309641 0.203008 0.00191701
5 0.533314 0.470985 0.203218 0.13663 0.00185175
5 0.615856 0.380222 0.312523 0.333084 0.0017243
1 0.439761 0.181833 0.243374 0.112884 0.00162638
5 0.377321 0.422852 0.237412 0.188077 0.00137148
1 0.434285 0.350035 0.399257 0.141528 0.00133061
5 0.441764 0.195397 0.298057 0.0906208 0.00132413
5 0.426843 0.348707 0.401192 0.129293 0.00118618
1 0.399599 0.349502 0.389426 0.214759 0.00117799
5 0.67638 0.4241 0.182537 0.250412 0.0011324
1 0.506848 0.365357 0.523326 0.200587 0.00109519
