4 0.18878 0.576486 0.0393059 0.0955888 0.193604
4 0.186541 0.572082 0.0538443 0.0948436 0.0500818
4 0.180936 0.597013 0.0544973 0.114437 0.00894555
4 0.187119 0.543223 0.0512796 0.0688336 0.00687124
4 0.1901 0.540431 0.0415982 0.0498721 0.00578246
11 0.126249 0.679514 0.0135167 0.0614978 0.00327077
5 0.68471 0.398905 0.0709952 0.0599295 0.00307108
4 0.120025 0.46541 0.0302152 0.0494833 0.00262744
4 0.194747 0.57668 0.0609254 0.0936531 0.00236251
1 0.68346 0.397687 0.0722608 0.0652742 0.00231356
4 0.182901 0.444326 0.0526276 0.0842261 0.00226159
4 0.184062 0.53092 0.0464938 0.0711613 0.00189572
4 0.176612 0.619921 0.0573342 0.0870747 0.00160659
4 0.177887 0.554618 0.0559806 0.0580261 0.00148411
1 0.688997 0.402044 0.0939333 0.0815539 0.00136086
4 0.17217 0.463187 0.0408075 0.06406 0.00124906
4 0.175839 0.538289 0.0407676 0.062884 0.00124903
