5 0.471985 0.682466 0.617672 0.629459 0.834338
6 0.232048 0.536118 0.281772 0.302595 0.744679
5 0.225051 0.388858 0.218974 0.555146 0.732702
10 0.341329 0.445521 0.147804 0.581817 0.725932
10 0.243728 0.566214 0.295886 0.388603 0.49602
10 0.444655 0.219039 0.353163 0.207343 0.479695
4 0.355631 0.247537 0.366401 0.430089 0.393461
4 0.444492 0.217857 0.362005 0.212785 0.283886
5 0.344128 0.436685 0.147089 0.593737 0.198617
10 0.217767 0.380456 0.234746 0.541304 0.192031
10 0.235704 0.619695 0.317422 0.281654 0.12114
4 0.288804 0.300609 0.260354 0.439237 0.0947322
6 0.241109 0.467512 0.312361 0.511146 0.0715128
10 0.285911 0.41225 0.292623 0.551742 0.0677398
10 0.280486 0.538778 0.288732 0.41029 0.0483829
5 0.333912 0.51162 0.166983 0.443337 0.0472018
4 0.391535 0.199929 0.471062 0.341791 0.0463745
6 0.279993 0.527289 0.322425 0.433386 0.0424768
10 0.314779 0.525724 0.209141 0.423284 0.0415775
10 0.223516 0.337917 0.142606 0.415603 0.0400547
6 0.324665 0.455131 0.338961 0.45571 0.0282056
5 0.227725 0.362289 0.175435 0.458905 0.0274483
10 0.292746 0.564235 0.215574 0.38524 0.0168477
10 0.226228 0.231391 0.0875351 0.19299 0.0127209
10 0.223185 0.34682 0.199575 0.430522 0.0127118
10 0.352789 0.447648 0.387893 0.529521 0.0113012
6 0.241618 0.469754 0.272901 0.152692 0.0108022
4 0.273483 0.239093 0.335103 0.420219 0.0104527
10 0.236537 0.262867 0.111777 0.240615 0.0103537
10 0.34969 0.497648 0.472898 0.474145 0.00626046
6 0.2362 0.400221 0.212164 0.533388 0.00611906
6 0.270101 0.46914 0.239406 0.227276 0.00531613
10 0.236936 0.299992 0.140402 0.361268 0.00509756
10 0.206764 0.307185 0.134582 0.345105 0.00504738
6 0.280479 0.506429 0.271353 0.15383 0.0044726
10 0.256177 0.657405 0.250348 0.207412 0.00446046
10 0.286392 0.625636 0.188275 0.261969 0.00397453
10 0.3022 0.687668 0.131059 0.13576 0.00359234
2 0.615599 0.361394 0.768803 0.550439 0.00353852
6 0.25147 0.471465 0.321661 0.358373 0.00347719
10 0.347197 0.545992 0.140013 0.376845 0.00280354
10 0.488977 0.607502 0.405777 0.408859 0.00261296
10 0.286582 0.600417 0.247033 0.227071 0.00246261
10 0.285164 0.670055 0.145379 0.183193 0.00227384
6 0.293916 0.511367 0.277882 0.227164 0.00205517
5 0.358762 0.495766 0.127498 0.547944 0.00184849
10 0.299034 0.267226 0.165172 0.310992 0.00182014
10 0.315244 0.420988 0.121365 0.576908 0.00174615
10 0.363793 0.216799 0.259408 0.163771 0.00157296
10 0.173912 0.329862 0.282456 0.431282 0.00143705
6 0.241279 0.484637 0.191052 0.258529 0.0013475
10 0.214082 0.254461 0.0928925 0.222374 0.00133315
6 0.221384 0.489705 0.263594 0.158196 0.00132779
10 0.369495 0.51681 0.304299 0.435987 0.00132141
6 0.316184 0.518402 0.291915 0.174771 0.00127988
10 0.226995 0.382351 0.169761 0.592213 0.00122753
10 0.514304 0.698781 0.435792 0.380492 0.00114886
6 0.332648 0.524318 0.334272 0.365762 0.00108575
10 0.317143 0.23386 0.145558 0.326111 0.00105167
6 0.242948 0.43046 0.206582 0.266281 0.00100733
