5 0.587768 0.80086 0.233569 0.310477 0.913824
10 0.229205 0.704518 0.180348 0.315532 0.0236873
5 0.356819 0.701893 0.106725 0.293207 0.0159855
10 0.339492 0.715878 0.157454 0.316144 0.0155352
6 0.417002 0.675682 0.207403 0.0756226 0.0131601
1 0.24435 0.58551 0.167751 0.284522 0.0101003
10 0.37198 0.728515 0.155353 0.333834 0.00877008
10 0.329551 0.730403 0.241211 0.336439 0.0052611
5 0.374875 0.690579 0.140468 0.275144 0.00522882
10 0.35551 0.708508 0.107466 0.304722 0.00500587
10 0.225096 0.651139 0.198072 0.424336 0.00498411
6 0.995387 0.676296 0.00922569 0.248979 0.00442552
10 0.464188 0.761823 0.356093 0.352067 0.00408518
1 0.397288 0.660548 0.170154 0.198784 0.00399479
10 0.397708 0.742307 0.253678 0.357109 0.0037709
10 0.267598 0.72066 0.242212 0.302267 0.00302489
10 0.382704 0.676039 0.145455 0.23325 0.00287552
5 0.506603 0.725529 0.291005 0.0663452 0.00261005
6 0.994905 0.726315 0.0101901 0.265175 0.00243887
6 0.443947 0.710653 0.263214 0.14798 0.0024033
10 0.41794 0.658529 0.21794 0.190914 0.00237978
10 0.256065 0.684007 0.172027 0.35354 0.00209845
6 0.461977 0.68456 0.271201 0.0875219 0.00179446
1 0.222623 0.54857 0.157215 0.282018 0.00173384
6 0.983153 0.670455 0.0336931 0.231587 0.00155696
1 0.382409 0.672713 0.160331 0.2481 0.00141697
10 0.424456 0.695445 0.234937 0.261979 0.00139011
10 0.195149 0.723586 0.16637 0.268683 0.00136406
10 0.463122 0.701682 0.248649 0.098705 0.00117709
10 0.505199 0.716443 0.280535 0.0732465 0.00110874
5 0.517813 0.712268 0.274193 0.0774064 0.00101622
6 0.980352 0.52843 0.039297 0.26899 0.00101293
