10 0.289099 0.488725 0.118552 0.0894747 0.0714512
10 0.415885 0.693835 0.141772 0.0933449 0.027311
11 0.731014 0.340585 0.207526 0.0310933 0.0168672
11 0.307674 0.337308 0.14284 0.0270552 0.0155187
11 0.734801 0.376887 0.216244 0.0319382 0.0115059
11 0.428253 0.694782 0.122764 0.0892662 0.00973539
11 0.48161 0.625433 0.16077 0.0643667 0.00692401
11 0.280234 0.407499 0.131459 0.0394917 0.00619094
11 0.486375 0.639491 0.148245 0.0911249 0.00501199
3 0.415459 0.691909 0.143474 0.0925228 0.00455933
11 0.461486 0.693354 0.0596358 0.0881837 0.00391223
11 0.256335 0.407681 0.0869334 0.0393978 0.00366789
11 0.483702 0.648298 0.101332 0.102248 0.00349977
11 0.733693 0.370163 0.220546 0.0434523 0.00326736
11 0.733761 0.362634 0.219741 0.0372753 0.00310366
11 0.309477 0.334096 0.152161 0.0398884 0.00298105
11 0.243661 0.408817 0.0757598 0.0444163 0.00292029
11 0.103925 0.37029 0.0385152 0.0675146 0.00288677
11 0.462371 0.621247 0.124141 0.064961 0.00256891
11 0.473262 0.690074 0.0522177 0.0768153 0.00246594
11 0.226062 0.418995 0.0983578 0.0636834 0.00218433
11 0.288246 0.413098 0.145929 0.0465226 0.00200107
11 0.10914 0.365273 0.0437532 0.0712315 0.00192536
11 0.228957 0.402751 0.0994936 0.0605244 0.00185352
11 0.285217 0.34029 0.176812 0.0226216 0.0015819
11 0.732566 0.354844 0.212886 0.0258207 0.00157185
3 0.432916 0.70134 0.114254 0.0925296 0.00149923
11 0.346969 0.402816 0.0893321 0.0382339 0.00141046
3 0.654578 0.781493 0.0877366 0.118919 0.00138924
11 0.501381 0.651204 0.146875 0.0889917 0.00138566
11 0.327923 0.343994 0.152029 0.0301385 0.00128694
11 0.316236 0.408896 0.108613 0.040213 0.00116571
11 0.802068 0.704503 0.157108 0.0782022 0.00115525
11 0.24131 0.403211 0.0895489 0.0456076 0.00113567
11 0.42651 0.449281 0.0977399 0.0599981 0.00113288
11 0.494065 0.66676 0.0897463 0.0885412 0.00107791
11 0.426576 0.543466 0.0711706 0.0729776 0.00103708
11 0.447238 0.696738 0.101943 0.0928321 0.00100526
