0 0.602434 0.805443 0.327861 0.224269 0.898169
9 0.268964 0.887139 0.294546 0.0838531 0.724693
7 0.322949 0.699643 0.0513141 0.0502958 0.0138699
4 0.164164 0.888596 0.0880005 0.0430316 0.00661264
11 0.317229 0.887236 0.101225 0.0749619 0.00656532
4 0.179852 0.89174 0.119389 0.0339285 0.0040081
11 0.314041 0.886516 0.154858 0.0693154 0.00294673
9 0.290184 0.801567 0.30923 0.253237 0.00277614
6 0.268548 0.890018 0.280335 0.063633 0.00184621
9 0.330925 0.888572 0.159688 0.0764679 0.0013433
4 0.165728 0.886706 0.114368 0.0485822 0.00127443
