11 0.63395 0.50024 0.142466 0.159233 0.0307487
11 0.653819 0.515529 0.156052 0.14207 0.0146658
7 0.545875 0.695556 0.166417 0.0297012 0.0115488
11 0.698814 0.524955 0.139565 0.122636 0.00947809
11 0.676033 0.523719 0.146873 0.128244 0.0084262
11 0.733607 0.526803 0.122434 0.128475 0.00458917
7 0.550212 0.704312 0.161866 0.0518171 0.00449071
11 0.683668 0.600134 0.0981268 0.179611 0.00366375
11 0.697602 0.55609 0.128932 0.15231 0.00284091
11 0.608622 0.64296 0.114796 0.196281 0.00208993
11 0.752421 0.525167 0.0923914 0.128671 0.00168671
11 0.658052 0.549953 0.147899 0.164201 0.00112916
11 0.673823 0.567916 0.124493 0.157279 0.00101009
