4 0.397522 0.721742 0.398781 0.26367 0.890229
10 0.288371 0.491759 0.0665375 0.185201 0.707487
10 0.435297 0.673865 0.304352 0.17034 0.643298
2 0.52745 0.492663 0.539233 0.185179 0.630834
10 0.456496 0.694709 0.25734 0.125965 0.411321
4 0.424127 0.676104 0.32633 0.174152 0.22762
10 0.485796 0.726511 0.348531 0.208853 0.0896804
4 0.486753 0.727188 0.347702 0.20945 0.0284863
10 0.459366 0.713347 0.245718 0.0856686 0.0056292
10 0.454754 0.713776 0.275864 0.187407 0.00403308
4 0.368276 0.683573 0.30683 0.195141 0.00389285
10 0.256164 0.522829 0.127403 0.220354 0.00388025
2 0.557056 0.517427 0.615192 0.206045 0.00302384
3 0.379796 0.698729 0.33396 0.226011 0.00269281
10 0.53123 0.744354 0.262864 0.150694 0.0018464
2 0.473629 0.638723 0.445496 0.383151 0.00173519
10 0.240785 0.556752 0.106036 0.165181 0.00150412
10 0.244443 0.544742 0.147709 0.178283 0.00150044
