9 0.390244 0.487408 0.413181 0.451263 0.702454
0 0.362247 0.478461 0.416612 0.300161 0.0757437
6 0.352017 0.455051 0.332476 0.275039 0.0720007
0 0.383269 0.442161 0.26872 0.341916 0.0504922
6 0.345988 0.45632 0.253759 0.248548 0.0337474
0 0.336379 0.52661 0.369564 0.311353 0.0325834
7 0.346119 0.472743 0.308067 0.228485 0.0288278
7 0.735452 0.520644 0.0594229 0.06644 0.014841
0 0.508917 0.356438 0.270335 0.192329 0.0143614
6 0.363669 0.441499 0.251981 0.314146 0.00622062
0 0.362644 0.504722 0.382474 0.411612 0.00393753
0 0.555762 0.351046 0.174438 0.184108 0.00357456
0 0.480034 0.373871 0.322555 0.230582 0.00270462
6 0.315869 0.46394 0.208218 0.217776 0.00247599
0 0.419675 0.440629 0.303635 0.273322 0.00244435
7 0.31777 0.472116 0.228981 0.21315 0.00238857
0 0.395189 0.441672 0.417862 0.366111 0.00229788
7 0.289802 0.50366 0.152378 0.142758 0.00110843
7 0.285511 0.512626 0.124626 0.121995 0.00101748
