4 0.463754 0.528905 0.380177 0.23527 0.779459
10 0.388971 0.54313 0.320992 0.461637 0.725426
8 0.579924 0.742751 0.300121 0.279013 0.716308
3 0.523705 0.814738 0.259064 0.17245 0.321722
4 0.455631 0.510503 0.390464 0.38203 0.0701746
3 0.22756 0.673218 0.280175 0.24199 0.0406733
4 0.237746 0.655995 0.336949 0.263933 0.0124605
11 0.223088 0.657549 0.163109 0.155561 0.00243138
8 0.217251 0.655948 0.315428 0.236815 0.00220815
4 0.384332 0.587171 0.310151 0.192364 0.00161671
11 0.221547 0.654099 0.212095 0.184426 0.00161082
3 0.227258 0.699603 0.245391 0.19103 0.00132061
4 0.296075 0.639591 0.468472 0.288829 0.00101359
