3 0.0831289 0.564621 0.0633438 0.108511 0.0551099
3 0.0759499 0.572958 0.0601483 0.103276 0.0251726
3 0.565173 0.674919 0.0461277 0.155229 0.0225734
3 0.0967766 0.560684 0.0362618 0.101133 0.020445
11 0.144093 0.770742 0.0429094 0.0727783 0.00830646
3 0.548753 0.672614 0.0325231 0.138954 0.00399115
3 0.07072 0.584458 0.0507415 0.0831426 0.0037737
11 0.212618 0.669648 0.020925 0.0726864 0.00343577
3 0.0712625 0.562853 0.0418158 0.108989 0.00342875
11 0.207406 0.688558 0.0188181 0.0847485 0.00315996
11 0.227953 0.673361 0.0258897 0.0767792 0.00283498
11 0.208468 0.673294 0.0189642 0.0783892 0.00262061
11 0.69156 0.444419 0.0181588 0.0638582 0.00248298
11 0.211459 0.658854 0.0236802 0.0646116 0.00220969
11 0.239077 0.677789 0.0228327 0.0808695 0.0020493
11 0.148508 0.679071 0.0185914 0.0689409 0.00190721
11 0.212565 0.679887 0.0187288 0.0813745 0.00190148
11 0.134645 0.762601 0.0260726 0.0709455 0.00189762
11 0.205876 0.701273 0.0196953 0.0936611 0.00188291
11 0.148587 0.66011 0.0222025 0.0589911 0.0017754
11 0.692521 0.431126 0.0187794 0.0748669 0.00175358
11 0.604032 0.491878 0.0200884 0.0562042 0.00172414
11 0.749052 0.374284 0.0461428 0.0329606 0.00159768
11 0.154383 0.686966 0.0183857 0.070664 0.00142459
11 0.202736 0.692786 0.023951 0.0809666 0.00138636
11 0.15091 0.620538 0.0366192 0.0487005 0.00121302
11 0.693643 0.398278 0.0196506 0.0623997 0.00120882
11 0.633374 0.479595 0.0196705 0.0792779 0.00120382
11 0.206089 0.61923 0.0182117 0.066148 0.00119597
11 0.207751 0.656354 0.0185745 0.0817847 0.00115655
11 0.150688 0.633688 0.0318427 0.0460625 0.0011342
11 0.732221 0.379677 0.0312033 0.0442087 0.00108542
11 0.687952 0.448197 0.0207954 0.0611134 0.00108329
11 0.0681566 0.578916 0.0416931 0.0892536 0.00106349
11 0.606228 0.485858 0.0202988 0.0663163 0.00102893
11 0.531046 0.50816 0.0359061 0.0525979 0.00100932
11 0.202025 0.711181 0.0241132 0.0755182 0.00100517
