2 0.346542 0.674974 0.408558 0.171818 0.0587513
11 0.262082 0.183249 0.0487228 0.0690691 0.0384874
11 0.300239 0.104849 0.0461956 0.0742667 0.0101436
3 0.35038 0.101263 0.150629 0.0827783 0.00860874
7 0.347122 0.105031 0.153694 0.0764835 0.00641177
11 0.313301 0.105751 0.0742052 0.0722544 0.00638834
10 0.3534 0.117004 0.149706 0.0669097 0.00335264
10 0.354248 0.679895 0.394707 0.157436 0.00315568
10 0.175845 0.433175 0.0705992 0.283055 0.00183311
7 0.328316 0.105733 0.107069 0.0734235 0.00174571
10 0.360329 0.157961 0.122147 0.115311 0.00136375
