6 0.820855 0.538677 0.110706 0.454012 0.647054
6 0.788058 0.562452 0.157577 0.414127 0.288485
6 0.839823 0.532257 0.0700844 0.449216 0.0934905
6 0.777147 0.609903 0.155662 0.364109 0.0902095
6 0.810152 0.572825 0.106855 0.372436 0.0504103
6 0.82663 0.568745 0.0936726 0.268104 0.0433089
6 0.809866 0.625715 0.0890351 0.258419 0.0336121
6 0.782773 0.575003 0.11554 0.289001 0.00873464
6 0.802578 0.63811 0.0676017 0.241311 0.00722928
6 0.853199 0.519899 0.0441666 0.425404 0.0058641
6 0.79033 0.627816 0.075362 0.26343 0.0045539
6 0.812182 0.564147 0.0897911 0.304297 0.00305261
1 0.807203 0.646334 0.06992 0.216024 0.00181605
7 0.803298 0.68325 0.0560967 0.139472 0.0016441
1 0.808205 0.620143 0.1006 0.279167 0.00123919
