5 0.460797 0.52333 0.235671 0.354146 0.826192
2 0.654123 0.465011 0.395192 0.53046 0.68074
2 0.690413 0.467059 0.567853 0.520318 0.131924
2 0.615657 0.521465 0.467653 0.396882 0.0252318
1 0.610169 0.482176 0.328222 0.248036 0.0212881
5 0.504603 0.541636 0.160205 0.308211 0.0104518
5 0.628344 0.494279 0.289884 0.247205 0.00784161
1 0.563576 0.492011 0.488825 0.281688 0.00638521
1 0.47191 0.490142 0.271957 0.276344 0.00437039
5 0.501016 0.474599 0.160081 0.25036 0.00262014
5 0.453444 0.473466 0.254164 0.254397 0.0022235
1 0.4857 0.439734 0.331132 0.373852 0.00145772
1 0.503831 0.504094 0.325578 0.321489 0.00139391
5 0.516314 0.457095 0.132031 0.214822 0.00111351
1 0.617642 0.432055 0.357426 0.308435 0.00110699
