11 0.721588 0.487409 0.112871 0.132954 0.9215
8 0.632875 0.413932 0.296941 0.350575 0.906972
3 0.540483 0.673541 0.285745 0.27848 0.832557
11 0.511405 0.722228 0.0931029 0.131174 0.0203226
11 0.520958 0.710571 0.0956312 0.134222 0.019782
4 0.570917 0.682708 0.193334 0.190857 0.0185158
4 0.54574 0.682245 0.276725 0.256319 0.018391
11 0.584381 0.56816 0.112091 0.071628 0.0147577
11 0.498065 0.739318 0.111275 0.107493 0.00948864
11 0.509836 0.714369 0.124396 0.147894 0.00814747
11 0.539255 0.705529 0.108691 0.14393 0.00730894
11 0.572323 0.551221 0.0948622 0.0876271 0.00696509
4 0.546936 0.697458 0.145027 0.171217 0.00624205
11 0.586608 0.584631 0.116173 0.072453 0.00620425
11 0.53156 0.724588 0.0900671 0.131933 0.00564462
11 0.569823 0.560283 0.114499 0.0803369 0.00423073
11 0.510809 0.694397 0.160604 0.144867 0.00371586
11 0.535345 0.549659 0.10115 0.091598 0.003092
4 0.619974 0.603902 0.300649 0.317158 0.00160746
11 0.565495 0.530983 0.111032 0.124506 0.00159312
