3 0.788173 0.315441 0.037266 0.0565544 0.0675255
3 0.448048 0.817644 0.0365526 0.0759263 0.0394469
10 0.631206 0.483219 0.0721175 0.0502183 0.0255326
3 0.624745 0.490551 0.0982273 0.0838002 0.00783632
11 0.607833 0.452617 0.0394708 0.0540602 0.00663958
10 0.621442 0.486898 0.0862639 0.0611856 0.00654184
11 0.0429347 0.578226 0.0202534 0.109361 0.0038399
11 0.559171 0.491873 0.048404 0.0479629 0.00313427
11 0.55976 0.501164 0.047582 0.0435198 0.00255585
10 0.640353 0.482604 0.0700017 0.0449128 0.001889
11 0.609465 0.493336 0.0687231 0.0562788 0.0017595
11 0.824864 0.317512 0.0442217 0.0341723 0.00155384
11 0.835246 0.321199 0.0426275 0.0328333 0.00154569
11 0.611195 0.463501 0.0326965 0.0626406 0.00146923
11 0.586326 0.494966 0.0385361 0.0495564 0.00142839
11 0.879056 0.364072 0.0310816 0.0589238 0.00141167
3 0.791389 0.317461 0.0497704 0.0617862 0.00140968
11 0.654456 0.50404 0.0434518 0.044464 0.00134152
11 0.832968 0.315313 0.0392105 0.0296945 0.0012949
11 0.824968 0.35856 0.0291458 0.0422001 0.00129422
11 0.871779 0.359813 0.0304016 0.0530192 0.00125565
11 0.605256 0.477863 0.0520618 0.051733 0.00125223
11 0.600372 0.551391 0.0324205 0.0563614 0.00117903
11 0.59033 0.500189 0.0483935 0.0452261 0.00116442
10 0.634156 0.474095 0.0640334 0.050496 0.00114904
10 0.0764858 0.56875 0.0300812 0.10344 0.00114136
11 0.853528 0.356217 0.0414669 0.0465195 0.0011412
11 0.601102 0.49715 0.0533206 0.0491387 0.0011348
11 0.844264 0.453903 0.0563038 0.0376315 0.00112517
11 0.867288 0.351445 0.0294999 0.0509152 0.00110985
11 0.847779 0.328289 0.0446058 0.038397 0.00109064
11 0.852885 0.343597 0.0391544 0.0377924 0.00107961
11 0.648309 0.516297 0.0450195 0.051414 0.00102732
11 0.642557 0.489925 0.0661026 0.0450807 0.00102322
11 0.839719 0.357121 0.0405392 0.0442445 0.00101248
