7 0.814511 0.369236 0.0641716 0.0674664 0.192953
7 0.535485 0.723872 0.0360876 0.0400639 0.0942968
7 0.685535 0.425482 0.0702381 0.0545472 0.0442267
7 0.804544 0.373562 0.0431235 0.0751756 0.041338
7 0.451041 0.683374 0.0547412 0.0577132 0.0335671
7 0.551367 0.719096 0.0664143 0.0554585 0.0269557
7 0.353212 0.553149 0.0262816 0.0598957 0.0230364
11 0.864588 0.491891 0.137654 0.176353 0.0181724
7 0.407596 0.581125 0.0462125 0.0462564 0.0104855
7 0.811819 0.679401 0.0674538 0.0575278 0.00769493
7 0.732912 0.708607 0.0456631 0.0580955 0.00616274
7 0.446375 0.695535 0.0628393 0.0374851 0.00524476
7 0.798571 0.380746 0.0463314 0.0853231 0.0035126
7 0.539189 0.721212 0.0438094 0.0500971 0.00336979
7 0.407556 0.549671 0.059745 0.0378666 0.00318787
7 0.418889 0.544982 0.0346471 0.0379124 0.00291643
7 0.406388 0.559029 0.0625587 0.0453537 0.00279469
7 0.58744 0.498123 0.0514526 0.0436149 0.00198162
7 0.454892 0.676738 0.0639991 0.0491257 0.00185781
7 0.404957 0.574326 0.0544262 0.0576636 0.00151718
11 0.856256 0.515109 0.16661 0.18766 0.00142699
11 0.862984 0.50369 0.151006 0.108402 0.00139199
7 0.420021 0.541649 0.0312235 0.0611372 0.00132404
7 0.719966 0.715664 0.0550447 0.061893 0.00107942
