6 0.770625 0.560602 0.207662 0.316555 0.334717
6 0.753097 0.510717 0.212516 0.196007 0.0106823
7 0.708075 0.452013 0.112588 0.0565071 0.0101886
6 0.833524 0.640592 0.108456 0.151741 0.00764451
7 0.853737 0.608901 0.0501444 0.190405 0.00285713
6 0.828444 0.599167 0.130045 0.239802 0.00249943
6 0.724366 0.464701 0.150097 0.0918033 0.00248657
7 0.83546 0.64607 0.101601 0.139713 0.00210309
7 0.860678 0.600319 0.0464763 0.202769 0.00201788
7 0.818888 0.63716 0.0759308 0.155892 0.0015967
6 0.818864 0.6263 0.0842297 0.179539 0.00136302
7 0.814782 0.647428 0.0607729 0.137115 0.00130253
7 0.808556 0.378906 0.0405515 0.0645351 0.00117055
6 0.794481 0.578023 0.0998072 0.200849 0.00100291
6 0.788722 0.554976 0.0841923 0.263125 0.00100266
