5 0.772401 0.603449 0.210726 0.363152 0.725517
1 0.764078 0.604676 0.227036 0.364286 0.62251
5 0.714668 0.642429 0.164585 0.438124 0.561525
2 0.517403 0.349712 0.459512 0.167905 0.516954
1 0.712968 0.624752 0.248368 0.399008 0.381992
5 0.728511 0.64467 0.255226 0.443703 0.274499
1 0.715936 0.650373 0.162718 0.421007 0.0477942
10 0.713811 0.602209 0.156851 0.379921 0.00299804
5 0.748304 0.581294 0.163547 0.331092 0.00244248
5 0.704253 0.593562 0.131465 0.342106 0.00152435
10 0.746068 0.594422 0.166169 0.335719 0.00137861
1 0.692634 0.562326 0.217238 0.271002 0.00103894
