10 0.0564388 0.471489 0.019121 0.0913653 0.0128457
3 0.138457 0.520291 0.0428133 0.0798049 0.01113
11 0.857752 0.665268 0.0314941 0.0834121 0.00823496
11 0.227806 0.60592 0.0268336 0.0525763 0.007712
3 0.14353 0.516867 0.0467405 0.0679764 0.00500693
3 0.132709 0.514101 0.0341614 0.0803305 0.00396897
11 0.156119 0.512284 0.0349837 0.0506488 0.0034526
11 0.195541 0.489535 0.0287689 0.0500884 0.00323557
11 0.857472 0.653928 0.0378843 0.0711834 0.00317999
3 0.366481 0.373027 0.0861401 0.0718717 0.00314967
11 0.795249 0.390469 0.0433351 0.0361448 0.00276394
11 0.145995 0.513859 0.0417716 0.069487 0.00271503
11 0.864646 0.664621 0.0299204 0.0837047 0.00265545
11 0.80118 0.393136 0.0477211 0.0329436 0.00261636
11 0.192868 0.475611 0.0250646 0.0579957 0.00257258
11 0.841934 0.664914 0.0241644 0.0791843 0.00231782
11 0.0987179 0.431484 0.0384027 0.0498799 0.00226912
11 0.190965 0.45229 0.0225876 0.0706782 0.00216151
10 0.060509 0.472885 0.0209998 0.088512 0.00209399
11 0.125405 0.431584 0.0286859 0.0542158 0.00197038
11 0.82454 0.391205 0.0348114 0.0293094 0.00182793
11 0.0878174 0.428085 0.0345019 0.045007 0.00181406
11 0.623463 0.625408 0.0464703 0.0313966 0.00179212
11 0.813459 0.395221 0.0340928 0.0306803 0.00178043
11 0.294816 0.528144 0.0164597 0.069824 0.00175361
11 0.112214 0.433082 0.0340911 0.0570162 0.0017484
11 0.197521 0.500963 0.0336741 0.0555789 0.00171935
11 0.184132 0.492586 0.0377972 0.0456505 0.00167172
11 0.186349 0.475862 0.0302448 0.048788 0.00165751
10 0.814741 0.646166 0.0467197 0.0972169 0.00162305
11 0.802667 0.384131 0.0437441 0.0329043 0.00152492
11 0.163672 0.614571 0.0435792 0.0467632 0.00152403
11 0.130405 0.518168 0.033388 0.082911 0.00151839
11 0.791156 0.402765 0.0352642 0.043817 0.00144614
11 0.200638 0.489366 0.0306379 0.0553325 0.0014409
11 0.171767 0.615352 0.0300336 0.046137 0.00143921
11 0.0532058 0.399235 0.0248153 0.0422382 0.00143446
11 0.83159 0.389105 0.040622 0.0294524 0.00139956
11 0.0976625 0.442099 0.0401516 0.0510375 0.00139292
11 0.118243 0.571502 0.0548696 0.0407573 0.00138861
11 0.126072 0.44343 0.0279678 0.0558756 0.00136791
11 0.828153 0.381299 0.0361927 0.0295133 0.00135864
11 0.833716 0.379109 0.0421133 0.0285084 0.00133273
11 0.233342 0.604216 0.0387424 0.0551841 0.00133164
10 0.0526537 0.471183 0.0224604 0.0978168 0.00131881
11 0.101271 0.557654 0.04059 0.0391238 0.00130713
11 0.185939 0.446459 0.0263467 0.0539893 0.0012816
11 0.855829 0.692225 0.0358433 0.0738128 0.00125926
11 0.113306 0.562718 0.0454059 0.0369796 0.00122147
11 0.0847152 0.407444 0.0322828 0.0378982 0.00119036
11 0.842686 0.65377 0.0285988 0.0788173 0.00116787
10 0.903633 0.531029 0.0501522 0.0494929 0.00116247
11 0.450312 0.667833 0.0226332 0.0795114 0.0011521
10 0.916909 0.443922 0.0270599 0.0546804 0.00113627
11 0.0977096 0.412493 0.0380875 0.0444627 0.00111271
11 0.731406 0.481437 0.0190821 0.0755883 0.00109359
11 0.813102 0.675028 0.051678 0.0571671 0.00109352
11 0.816262 0.383727 0.0334141 0.0325188 0.00106894
11 0.0870933 0.443079 0.0366018 0.0529875 0.00103919
11 0.755279 0.710907 0.0213159 0.0672706 0.00103286
11 0.135747 0.424736 0.0313653 0.0471513 0.00102296
