10 0.593144 0.52997 0.813713 0.377968 0.955844
10 0.265451 0.297235 0.329219 0.191722 0.909637
4 0.527855 0.546378 0.360394 0.420047 0.684926
10 0.475432 0.509398 0.581281 0.356323 0.491083
4 0.504241 0.521297 0.637124 0.355244 0.0610206
4 0.572177 0.484169 0.236173 0.376516 0.0456841
4 0.547721 0.434379 0.281176 0.272214 0.00696989
10 0.549474 0.495258 0.411807 0.259784 0.00672297
10 0.527976 0.460574 0.326371 0.329386 0.00544774
8 0.708641 0.422823 0.28831 0.253655 0.0032261
10 0.451675 0.431426 0.478931 0.271578 0.0016429
3 0.691282 0.438571 0.336962 0.263511 0.00156429
4 0.606037 0.437323 0.252339 0.283373 0.00129995
3 0.558186 0.43544 0.271214 0.271818 0.00116275
8 0.635014 0.503482 0.400926 0.270037 0.00115229
