11 0.542247 0.407803 0.167547 0.0221649 0.0132461
11 0.503235 0.310447 0.174708 0.0184951 0.012361
11 0.703129 0.303742 0.133273 0.0349003 0.0119282
11 0.549362 0.403973 0.179645 0.0255409 0.00869188
11 0.50253 0.316738 0.170899 0.0195822 0.00816399
10 0.498441 0.316078 0.176285 0.0184557 0.00591655
11 0.656314 0.31975 0.198513 0.0207568 0.00571452
11 0.547298 0.309396 0.154002 0.0197755 0.00504524
11 0.638064 0.327117 0.196106 0.0178827 0.00475117
11 0.68604 0.315927 0.153955 0.0215162 0.00464347
11 0.414072 0.290184 0.166501 0.0317304 0.00396555
11 0.424552 0.298025 0.155302 0.0444709 0.00372502
11 0.688443 0.307555 0.150362 0.0333765 0.00313743
11 0.445701 0.291468 0.146362 0.0293473 0.003097
11 0.595288 0.402124 0.167938 0.022509 0.00294846
11 0.703822 0.311953 0.124291 0.0247836 0.00274718
11 0.456842 0.301675 0.163353 0.036377 0.00246804
11 0.6444 0.300078 0.193691 0.0349222 0.00224037
11 0.618851 0.309117 0.176835 0.025873 0.00217003
11 0.387926 0.28707 0.186957 0.0305818 0.00204243
11 0.631172 0.321818 0.172229 0.0195892 0.00201707
11 0.65045 0.309661 0.202192 0.0320785 0.0019856
11 0.581591 0.404728 0.216468 0.0232301 0.00194009
11 0.462396 0.288017 0.122345 0.0224204 0.00189225
11 0.482838 0.309786 0.175886 0.0218932 0.00180175
11 0.714027 0.31508 0.110581 0.0200833 0.00176271
11 0.52977 0.411516 0.148955 0.0239713 0.00170222
11 0.607109 0.297275 0.180819 0.0277885 0.00167336
11 0.366716 0.282289 0.148025 0.0225042 0.00164135
11 0.565126 0.401713 0.183464 0.0197771 0.00161918
11 0.53409 0.404475 0.155103 0.0317107 0.00155889
11 0.469286 0.312591 0.165764 0.0253476 0.00153482
11 0.570346 0.319812 0.116478 0.0197207 0.0015251
11 0.465886 0.294061 0.141101 0.0249287 0.00150171
11 0.51145 0.298742 0.192707 0.0242687 0.00148542
11 0.424541 0.3053 0.134398 0.0420019 0.00147537
11 0.640699 0.403156 0.140699 0.0289355 0.00143051
11 0.482109 0.297327 0.159892 0.0250349 0.00142612
11 0.565741 0.297664 0.199568 0.0228772 0.0013843
11 0.502866 0.323886 0.182304 0.0197089 0.00135537
11 0.665189 0.324771 0.185443 0.0251062 0.00113469
11 0.611479 0.405964 0.18109 0.0331517 0.00108889
