3 0.578011 0.565189 0.0439326 0.115776 0.265943
11 0.785987 0.466149 0.0327 0.099506 0.0289231
11 0.945642 0.534621 0.0439362 0.0845407 0.0134601
3 0.617336 0.73119 0.0436852 0.166659 0.0094719
3 0.623809 0.569447 0.0356947 0.161924 0.00749471
10 0.626188 0.567639 0.0324715 0.15604 0.00596183
11 0.941581 0.54436 0.0435018 0.0712804 0.00568411
11 0.936572 0.621856 0.033741 0.0758347 0.00532901
11 0.916636 0.485083 0.0288307 0.081148 0.00525785
11 0.883922 0.685599 0.0481731 0.0481231 0.0044282
11 0.888254 0.689857 0.0422352 0.0427374 0.00377543
11 0.21342 0.41139 0.0348021 0.035202 0.00377302
11 0.906983 0.688033 0.0255848 0.0510938 0.0033309
11 0.205334 0.41358 0.0332511 0.0295555 0.00317553
11 0.930737 0.617255 0.024702 0.0801351 0.00307155
11 0.878106 0.667613 0.0509584 0.0384818 0.00287485
11 0.890491 0.699853 0.0384949 0.042663 0.00285705
11 0.897786 0.697134 0.0386394 0.047 0.00277947
3 0.627642 0.558109 0.0300076 0.131987 0.00268779
11 0.214414 0.405047 0.0320567 0.0380206 0.0022753
11 0.923545 0.608957 0.029504 0.081433 0.00218964
11 0.919881 0.590499 0.0361237 0.0761547 0.00218775
11 0.886799 0.669539 0.0448635 0.043357 0.00216957
11 0.917615 0.676396 0.0226658 0.0734013 0.00206764
11 0.14926 0.601368 0.0485579 0.0695689 0.00205658
11 0.224666 0.411215 0.0338006 0.0408113 0.00201398
11 0.930518 0.558237 0.0378762 0.0484276 0.00188693
11 0.927846 0.596229 0.0309166 0.0770714 0.00183398
11 0.191755 0.41282 0.0477271 0.0219503 0.00177899
11 0.925849 0.637516 0.0247993 0.0868522 0.00168936
11 0.206847 0.404286 0.033028 0.0313956 0.00166391
11 0.908381 0.602011 0.0229538 0.0656926 0.00157689
11 0.20601 0.424295 0.0284208 0.0469588 0.00151964
11 0.942224 0.616022 0.0457649 0.0867552 0.00151689
11 0.00970509 0.69422 0.0184055 0.0747105 0.00147966
11 0.911823 0.669284 0.0256889 0.0685207 0.00145393
11 0.936307 0.533982 0.0266735 0.0749648 0.00144967
11 0.891312 0.710335 0.0375809 0.0517534 0.00135232
11 0.937753 0.545274 0.0336266 0.0608153 0.00134383
11 0.184389 0.410674 0.0442734 0.0207078 0.00132764
11 0.919566 0.661552 0.0247995 0.0836138 0.00130794
11 0.937162 0.592245 0.0399803 0.0825436 0.00125948
11 0.927356 0.515022 0.0236706 0.0995825 0.00115711
11 0.923333 0.668612 0.025213 0.0849214 0.00113138
11 0.788267 0.465157 0.0449489 0.10543 0.00109162
11 0.00671381 0.396768 0.0134276 0.0861218 0.00108924
11 0.581915 0.486513 0.0304064 0.0691243 0.00108722
11 0.907541 0.589463 0.0247875 0.072449 0.00105332
11 0.560886 0.476148 0.0313385 0.0575214 0.00103509
