11 0.524116 0.391934 0.0835922 0.0338733 0.113424
11 0.366736 0.435724 0.0379813 0.0792568 0.014206
11 0.492046 0.426455 0.0296317 0.0689688 0.0132253
11 0.517556 0.397203 0.0727661 0.0392765 0.010873
11 0.180706 0.537629 0.0584781 0.0496125 0.0107381
11 0.619984 0.38643 0.079226 0.0320773 0.0107159
11 0.203603 0.482675 0.0587303 0.0287349 0.0095576
11 0.175744 0.54333 0.0670883 0.0545355 0.00872033
11 0.537308 0.39132 0.0570704 0.0333251 0.00730578
11 0.788996 0.467847 0.0313856 0.045623 0.00689235
11 0.189908 0.539559 0.0567435 0.0466666 0.00579838
11 0.79897 0.475465 0.0299382 0.062362 0.00551884
11 0.169745 0.541975 0.0737072 0.0733196 0.00507595
11 0.803141 0.487419 0.0325457 0.0752418 0.00504043
11 0.176974 0.529999 0.0644254 0.0612973 0.00493941
11 0.79306 0.398622 0.0359705 0.0544062 0.00491571
11 0.371548 0.443866 0.032875 0.0790835 0.00488556
11 0.193845 0.549003 0.0538968 0.047248 0.00485354
11 0.551654 0.416573 0.0631031 0.0564073 0.00450718
11 0.7932 0.391081 0.0405102 0.0531481 0.0042843
11 0.168064 0.553159 0.0689901 0.0682878 0.00420446
11 0.550047 0.421425 0.0594528 0.0391799 0.00405367
11 0.496991 0.413895 0.0338689 0.0575766 0.00396616
11 0.186383 0.572277 0.0624565 0.0438738 0.00395407
11 0.549767 0.427128 0.0575782 0.025575 0.00395058
11 0.366879 0.450409 0.0314387 0.0930956 0.003487
11 0.192234 0.528969 0.0501368 0.0453479 0.00333564
11 0.796063 0.46714 0.0305488 0.0532733 0.00332099
11 0.184255 0.55942 0.0622148 0.056486 0.00331243
11 0.243417 0.506126 0.0692359 0.0327274 0.00322314
11 0.155388 0.377533 0.021366 0.0874171 0.00321505
11 0.79617 0.403846 0.0360842 0.0675675 0.00311047
11 0.218264 0.483672 0.0790706 0.0306335 0.00302839
11 0.360248 0.406913 0.0352302 0.109626 0.00297657
11 0.169678 0.525656 0.0703064 0.0744901 0.00275635
11 0.209038 0.538984 0.0431326 0.0416418 0.00268724
11 0.208472 0.550573 0.0408635 0.0409823 0.00266777
11 0.156364 0.561117 0.0622272 0.0697906 0.0025119
11 0.20129 0.488964 0.0533975 0.0304149 0.00244975
11 0.210147 0.490315 0.0570775 0.030307 0.0023743
11 0.282827 0.525594 0.0351189 0.0707176 0.00234714
11 0.232847 0.506821 0.0610593 0.0288122 0.00227635
11 0.197527 0.573826 0.0510393 0.0450131 0.00227557
11 0.228215 0.515758 0.048143 0.036296 0.00219531
11 0.211491 0.522121 0.0395033 0.0361383 0.00217597
11 0.799574 0.439639 0.0376 0.0860521 0.00216711
11 0.79879 0.455341 0.0360398 0.0691866 0.0021457
11 0.198896 0.482918 0.0586338 0.0456833 0.00211078
11 0.808604 0.488862 0.0402308 0.0837503 0.00196218
11 0.259156 0.507656 0.0550709 0.038959 0.00193379
11 0.210004 0.479097 0.0634552 0.0357119 0.0019045
11 0.535681 0.397766 0.0652435 0.044935 0.0018872
11 0.355107 0.38351 0.028927 0.0790365 0.00188475
11 0.491265 0.459263 0.0341874 0.0449842 0.00181269
11 0.496244 0.43247 0.0359165 0.0805599 0.00180369
11 0.273388 0.524508 0.0366922 0.0668737 0.00174928
11 0.207167 0.573158 0.0419416 0.0485728 0.0016995
11 0.246586 0.512751 0.0636099 0.0428199 0.0016663
11 0.798796 0.414975 0.038341 0.0819498 0.0016236
11 0.262707 0.516011 0.0473435 0.0494287 0.00160899
11 0.196756 0.563666 0.0499407 0.0519703 0.00156179
11 0.224735 0.495573 0.0754829 0.0300522 0.00154158
11 0.178761 0.577934 0.0688321 0.0497498 0.00153839
11 0.289826 0.522058 0.0510422 0.0749521 0.00151906
11 0.240252 0.50058 0.0723638 0.0359849 0.00150766
11 0.348444 0.371336 0.0400432 0.0606456 0.00147964
11 0.172961 0.568475 0.0636808 0.0536177 0.00146405
11 0.185419 0.491646 0.0688203 0.0370581 0.00144775
11 0.176766 0.515823 0.0660625 0.0630399 0.00143014
11 0.494811 0.408215 0.0272219 0.0434911 0.0014272
11 0.602871 0.388231 0.0827433 0.0259 0.00138684
11 0.208531 0.564169 0.0384275 0.051098 0.0013381
11 0.374731 0.436402 0.031526 0.0643963 0.00129305
11 0.214989 0.507131 0.0450865 0.0289888 0.00128045
11 0.179595 0.50208 0.0685622 0.0410414 0.0012321
11 0.446898 0.367603 0.0230896 0.0504761 0.00121972
11 0.222995 0.534148 0.0384585 0.0432084 0.00120293
11 0.156933 0.525217 0.0677664 0.0758231 0.00118713
11 0.798675 0.386957 0.0427086 0.0473621 0.00118279
11 0.352988 0.374229 0.0358695 0.0750244 0.00114741
11 0.939768 0.34994 0.0289191 0.0458294 0.00111604
11 0.196886 0.50811 0.0472127 0.0369479 0.00104187
11 0.777028 0.469722 0.0407999 0.0399432 0.00103799
11 0.302867 0.36046 0.0724913 0.0355345 0.00102119
11 0.13849 0.56402 0.0391349 0.0657175 0.00101554
11 0.933992 0.348625 0.0272448 0.0405669 0.00100403
