9 0.573402 0.476153 0.299079 0.248987 0.913315
6 0.558303 0.548419 0.292792 0.108654 0.0438748
6 0.556557 0.570195 0.281451 0.0650258 0.0381981
7 0.372927 0.55529 0.161707 0.030448 0.0218852
7 0.622392 0.550528 0.138048 0.0641377 0.00719101
6 0.562701 0.526719 0.31196 0.151361 0.00620042
6 0.522104 0.555028 0.457359 0.0964197 0.00477341
6 0.568699 0.488776 0.293847 0.225491 0.00377421
6 0.554081 0.559347 0.248402 0.0793267 0.0027901
7 0.551029 0.570513 0.242699 0.0581604 0.00267209
6 0.539029 0.538567 0.440836 0.125038 0.00249596
7 0.635015 0.552806 0.11373 0.0523429 0.00194349
7 0.632429 0.541228 0.118173 0.0769839 0.0019144
7 0.627059 0.529293 0.127078 0.104888 0.00174111
7 0.535102 0.55266 0.217884 0.0813813 0.00129034
6 0.531804 0.563675 0.342901 0.115892 0.00122257
7 0.613859 0.51621 0.154214 0.137368 0.00105447
7 0.610402 0.54453 0.164823 0.0881715 0.00100644
