3 0.397527 0.484165 0.431629 0.212382 0.763971
4 0.591876 0.456443 0.724597 0.165486 0.433644
10 0.38613 0.446803 0.405976 0.132144 0.23069
4 0.389082 0.465925 0.408125 0.169017 0.13064
10 0.414065 0.447743 0.347021 0.107425 0.0569289
4 0.583916 0.489232 0.738266 0.161201 0.0147258
4 0.444054 0.448153 0.460247 0.154953 0.00431282
4 0.443426 0.432328 0.287841 0.0873702 0.00388435
4 0.389086 0.453727 0.386077 0.120795 0.00356661
4 0.512581 0.479803 0.658114 0.197499 0.00225705
10 0.371826 0.461951 0.354617 0.108066 0.00209707
4 0.427385 0.449068 0.323644 0.0993 0.00123786
