9 0.520254 0.701955 0.325093 0.221509 0.881327
0 0.615282 0.800501 0.627048 0.0984347 0.692805
6 0.545099 0.79929 0.580894 0.124015 0.375807
0 0.489879 0.817044 0.494184 0.11404 0.105669
7 0.499923 0.810363 0.511797 0.123385 0.0820652
0 0.270126 0.809123 0.193901 0.102533 0.0461181
0 0.322579 0.81387 0.302582 0.109271 0.0124464
0 0.406866 0.811697 0.468154 0.111197 0.00563201
6 0.452375 0.820449 0.383769 0.0934162 0.00355991
6 0.599678 0.813012 0.392747 0.0759381 0.0026928
7 0.439259 0.818606 0.389911 0.0953211 0.00260023
6 0.589558 0.804066 0.684542 0.157762 0.00252528
0 0.387042 0.742811 0.451272 0.261659 0.00162115
0 0.316658 0.79048 0.295188 0.139361 0.00155034
6 0.546341 0.769406 0.38615 0.168673 0.00150456
7 0.404898 0.831426 0.323977 0.0794033 0.0014076
0 0.617866 0.815974 0.628999 0.148996 0.00128412
7 0.265415 0.808191 0.200614 0.0961269 0.00117733
