3 0.133644 0.553425 0.148554 0.122308 0.775328
10 0.829642 0.480653 0.0361729 0.105471 0.0113122
10 0.820448 0.480957 0.0532424 0.0992464 0.00632613
11 0.7986 0.483408 0.0412368 0.0728624 0.00433456
10 0.816223 0.469183 0.0639559 0.111868 0.00330878
11 0.808394 0.481225 0.0564657 0.0767441 0.00172479
11 0.789942 0.481215 0.0402771 0.0779478 0.00171801
11 0.793616 0.47808 0.0305477 0.0635814 0.00156023
11 0.766155 0.479523 0.063743 0.0822919 0.00137969
11 0.5139 0.532753 0.0292811 0.100202 0.00108498
11 0.863077 0.603649 0.0358028 0.0776181 0.00106604
11 0.710894 0.438526 0.0527187 0.0889509 0.00103827
