3 0.42085 0.629199 0.383343 0.127129 0.769089
11 0.582863 0.326663 0.14511 0.0337017 0.00395626
11 0.390579 0.292412 0.205589 0.0275474 0.00258265
11 0.560607 0.316845 0.170483 0.0173881 0.00257617
11 0.432477 0.29316 0.212479 0.024882 0.00250109
11 0.58555 0.320867 0.134444 0.0190946 0.00201791
11 0.476575 0.293872 0.170808 0.0228541 0.00128323
11 0.595103 0.330219 0.126399 0.0325183 0.00119737
11 0.494205 0.296073 0.157554 0.0185909 0.00103342
11 0.353527 0.297616 0.209031 0.0323881 0.00102327
