3 0.718237 0.603802 0.112875 0.0986356 0.152853
3 0.266239 0.632458 0.113952 0.0388049 0.0871413
11 0.390327 0.50598 0.137588 0.0476395 0.0247646
3 0.251605 0.55807 0.240554 0.056714 0.00792541
11 0.577785 0.587808 0.0628888 0.0717083 0.00787563
11 0.417782 0.50349 0.0934149 0.0483938 0.00543787
11 0.578424 0.588607 0.0807754 0.0611866 0.0050758
11 0.481015 0.475458 0.104346 0.0679837 0.00446119
11 0.431852 0.500353 0.102102 0.0560332 0.00437689
11 0.46745 0.48376 0.119769 0.0790491 0.00390214
11 0.451347 0.488673 0.124629 0.0775313 0.00342773
11 0.595794 0.588049 0.105846 0.0560486 0.00341581
11 0.641255 0.447081 0.0893611 0.0403397 0.00339221
11 0.568551 0.590855 0.0654761 0.0744545 0.00336215
3 0.269 0.627952 0.0920292 0.0438407 0.00263383
11 0.413239 0.496361 0.0994112 0.0550875 0.00197567
11 0.33757 0.552425 0.132234 0.0603607 0.00196647
11 0.624472 0.590018 0.106814 0.0507646 0.00177628
11 0.326166 0.570744 0.107927 0.0356505 0.00166542
11 0.593886 0.589304 0.0858237 0.0675007 0.00152997
3 0.204774 0.559654 0.144333 0.051122 0.00137199
11 0.414222 0.473092 0.0989909 0.067017 0.00135337
11 0.389908 0.496556 0.128485 0.0532642 0.00126153
11 0.441543 0.477046 0.122955 0.0748764 0.00101036
