3 0.731756 0.561906 0.367696 0.297919 0.89265
4 0.73589 0.399239 0.358714 0.184713 0.85245
4 0.773123 0.483592 0.240907 0.126219 0.0332749
11 0.834478 0.542626 0.164346 0.102742 0.0201071
4 0.713279 0.431078 0.357676 0.192344 0.00886038
11 0.841079 0.526476 0.148441 0.0881946 0.00849031
7 0.108788 0.254829 0.0736316 0.0382542 0.00762444
7 0.12154 0.255801 0.0483301 0.0371866 0.00398193
4 0.743968 0.470078 0.323629 0.177365 0.00382067
11 0.837507 0.560352 0.162957 0.108571 0.00319264
4 0.651478 0.424424 0.271078 0.182731 0.00316961
4 0.598423 0.412497 0.282387 0.17481 0.00221467
4 0.829811 0.516679 0.170203 0.0858919 0.00205442
4 0.62358 0.424256 0.224572 0.135696 0.00134632
7 0.118268 0.218283 0.0575028 0.0379336 0.00121111
4 0.805647 0.495148 0.171758 0.114754 0.0011288
