11 0.292633 0.480869 0.163993 0.0349024 0.412056
11 0.271643 0.476234 0.124482 0.0345306 0.0408769
11 0.27638 0.483513 0.136304 0.0452145 0.0325311
11 0.252124 0.549449 0.0732274 0.0845699 0.0220225
11 0.299176 0.486985 0.171929 0.0388411 0.0194467
11 0.421363 0.516277 0.0867985 0.0809563 0.0133854
11 0.283809 0.537084 0.0660589 0.0678738 0.010818
11 0.260809 0.477686 0.107939 0.0480973 0.00985543
11 0.271954 0.546501 0.067814 0.0773989 0.00623959
11 0.366923 0.522237 0.0568485 0.0556264 0.00561686
11 0.338034 0.530287 0.102964 0.0709048 0.00515378
11 0.349489 0.52331 0.0775308 0.0614626 0.00497964
11 0.309034 0.534645 0.109029 0.0747353 0.0043987
11 0.388178 0.519916 0.0627099 0.056231 0.004333
11 0.362709 0.527669 0.0697877 0.0632176 0.00429982
11 0.237411 0.55155 0.080268 0.0875598 0.0041124
11 0.406778 0.515046 0.0633298 0.0644636 0.00390001
11 0.41578 0.512019 0.0661948 0.0742355 0.00363654
11 0.319416 0.492439 0.144128 0.0389817 0.00294433
11 0.43824 0.519416 0.120328 0.0846774 0.0028633
11 0.344747 0.510566 0.0897557 0.0465738 0.00284612
11 0.331554 0.541204 0.124228 0.0630338 0.00235053
11 0.317356 0.526501 0.11661 0.0695168 0.00233164
11 0.347596 0.501802 0.108773 0.0502432 0.00142309
11 0.343932 0.55329 0.127368 0.0570826 0.00135713
11 0.316207 0.544677 0.107889 0.0639717 0.00117124
11 0.372638 0.536724 0.0906259 0.0672276 0.00116943
