7 0.222809 0.661252 0.0579539 0.0614491 0.832084
7 0.192137 0.692563 0.0412516 0.0744131 0.0204402
7 0.19994 0.702604 0.0493613 0.0661207 0.0121987
7 0.207733 0.699423 0.0505621 0.0739142 0.0101007
7 0.184583 0.670146 0.0415372 0.0802673 0.00952712
7 0.26082 0.429887 0.097629 0.0695664 0.00942452
7 0.194199 0.651675 0.0776327 0.0542084 0.00926162
7 0.260515 0.417953 0.090436 0.0404427 0.00654905
7 0.242143 0.4136 0.0526962 0.0379472 0.00593186
7 0.182679 0.647698 0.0510053 0.0494959 0.00539354
7 0.185857 0.687244 0.0384311 0.0727148 0.00509772
7 0.381325 0.705679 0.0698595 0.0643704 0.00506053
7 0.183033 0.658283 0.0503765 0.0704703 0.00343875
7 0.209468 0.687706 0.0594135 0.0961582 0.00318925
7 0.538582 0.748898 0.0681376 0.0464352 0.00192429
7 0.212289 0.566245 0.0604611 0.0537261 0.00176174
