11 0.832719 0.406006 0.0697215 0.172668 0.18383
11 0.833663 0.381005 0.0648209 0.13435 0.0729996
11 0.828762 0.416411 0.0899673 0.172441 0.0246435
11 0.861532 0.321313 0.0503496 0.182965 0.0241104
11 0.857723 0.304185 0.0573563 0.133852 0.0080826
11 0.85 0.312723 0.0671654 0.149532 0.00680498
11 0.860849 0.333111 0.0377384 0.198928 0.00437245
11 0.86368 0.313735 0.0738681 0.161908 0.0043254
11 0.847086 0.377018 0.0443122 0.135828 0.00253026
7 0.279902 0.727959 0.0474942 0.0438845 0.00168283
11 0.82271 0.377413 0.0484722 0.13062 0.00166234
11 0.417681 0.621892 0.062838 0.0731796 0.00139824
11 0.852683 0.369144 0.0375027 0.152576 0.00130451
