3 0.108405 0.392342 0.0711043 0.130721 0.790825
3 0.183779 0.396073 0.0722944 0.089399 0.473312
3 0.187159 0.468862 0.0559761 0.0566958 0.00794803
11 0.491165 0.327182 0.0392902 0.0302726 0.00549233
11 0.84408 0.334163 0.036435 0.0820783 0.00312562
11 0.491879 0.316548 0.0415443 0.035363 0.00299517
11 0.836076 0.337835 0.0245704 0.0834593 0.00250136
11 0.528984 0.366752 0.0163421 0.0686154 0.00235237
11 0.794421 0.573282 0.0215706 0.0828167 0.00167564
11 0.836037 0.354762 0.0221748 0.0897325 0.00154216
11 0.832304 0.34105 0.0222958 0.084264 0.00148656
11 0.480629 0.332643 0.0579769 0.0261694 0.00139357
11 0.440159 0.447191 0.0415825 0.0444585 0.00130913
11 0.7778 0.345158 0.0440235 0.0476539 0.00128946
11 0.159149 0.474044 0.0303807 0.0513617 0.001288
11 0.770984 0.350323 0.0408508 0.0499345 0.00103694
11 0.830598 0.35931 0.0229187 0.0853509 0.00103429
