11 0.623402 0.471736 0.228775 0.174666 0.0949045
11 0.622532 0.465856 0.268864 0.108806 0.0192664
11 0.673296 0.569477 0.126982 0.0773804 0.00410933
11 0.606283 0.45399 0.160101 0.170393 0.00390217
11 0.656905 0.574226 0.163225 0.0866762 0.00378537
7 0.662179 0.369691 0.102872 0.0358229 0.00336044
11 0.689924 0.566532 0.0956062 0.0801078 0.00263402
11 0.665673 0.466 0.199261 0.0695456 0.00215921
11 0.662556 0.587993 0.143445 0.0966642 0.00175611
11 0.644054 0.587793 0.19579 0.104748 0.00137683
7 0.667183 0.37334 0.0893365 0.0285491 0.00120234
11 0.662561 0.560388 0.163343 0.0858681 0.00113154
11 0.701203 0.558925 0.0844608 0.0930202 0.00111113
11 0.631087 0.46579 0.257681 0.080349 0.00107897
