3 0.454311 0.701122 0.243738 0.168511 0.870161
8 0.772135 0.670929 0.1408 0.255755 0.796516
11 0.740021 0.889435 0.0494509 0.0951994 0.714037
11 0.448541 0.719438 0.0996751 0.0822932 0.0621954
4 0.434531 0.761777 0.125129 0.148671 0.0503583
11 0.745099 0.767071 0.0939184 0.129171 0.0391507
11 0.460959 0.726541 0.100231 0.103651 0.0246427
11 0.440968 0.70603 0.0871029 0.0898102 0.0181054
4 0.441833 0.743306 0.126287 0.125342 0.00801015
11 0.486948 0.736062 0.121535 0.0932894 0.00642189
11 0.647923 0.740426 0.124617 0.103039 0.00537041
4 0.420201 0.74129 0.153754 0.155365 0.00514228
11 0.737291 0.781029 0.0772511 0.103098 0.00506559
11 0.510001 0.752246 0.103059 0.0656638 0.00477165
4 0.437065 0.722758 0.113845 0.0998772 0.00441452
11 0.417528 0.708299 0.129557 0.0876402 0.00376616
4 0.442223 0.73887 0.136267 0.178529 0.00312053
11 0.757415 0.780794 0.0845236 0.102052 0.00307554
4 0.445121 0.719759 0.210875 0.214085 0.00278474
11 0.526208 0.687923 0.0965616 0.0831736 0.00257082
11 0.52874 0.709926 0.0903024 0.114533 0.0024739
11 0.445679 0.734385 0.122254 0.107804 0.00202027
11 0.652358 0.767348 0.112633 0.0699324 0.0019487
11 0.498693 0.743742 0.119287 0.0797291 0.00175448
11 0.536161 0.726284 0.0753977 0.110376 0.00158758
11 0.545245 0.741995 0.0816394 0.0869683 0.00148888
11 0.659884 0.775599 0.100298 0.0638945 0.00141709
11 0.529723 0.751897 0.0853807 0.0688626 0.00137337
4 0.452003 0.760127 0.158616 0.189861 0.00128118
11 0.763825 0.763332 0.0786039 0.128868 0.00120623
11 0.663849 0.734043 0.0959171 0.0939888 0.00117173
