11 0.25374 0.676005 0.0354444 0.0550149 0.0653126
11 0.0898376 0.5126 0.0346579 0.0599701 0.0246382
11 0.607058 0.410277 0.0744404 0.0397764 0.0122111
11 0.13674 0.515824 0.0251247 0.0670387 0.00673995
11 0.550964 0.436875 0.0521646 0.0574659 0.00587217
11 0.0959642 0.519373 0.0314992 0.0473641 0.00542534
11 0.248252 0.674974 0.0487752 0.0597709 0.00468962
11 0.73663 0.405508 0.0944674 0.0523075 0.00437775
11 0.546949 0.428388 0.053437 0.046214 0.00432766
11 0.557503 0.440532 0.0475036 0.0643608 0.0035642
11 0.798179 0.375922 0.069401 0.0258737 0.0034292
11 0.823045 0.374063 0.0560336 0.0280269 0.0032355
11 0.825435 0.425352 0.0572506 0.0324714 0.00278663
11 0.261102 0.662011 0.038459 0.058114 0.00261845
11 0.578995 0.358705 0.0661578 0.0214333 0.0025966
11 0.180738 0.531012 0.0489997 0.0460929 0.00257235
11 0.74478 0.401934 0.0723744 0.0435047 0.00256854
11 0.835223 0.371011 0.0458645 0.0231185 0.00256175
11 0.183063 0.523606 0.0525609 0.0501675 0.00253434
11 0.102631 0.51737 0.054776 0.0507253 0.00235157
11 0.558852 0.365879 0.0454903 0.0294531 0.0023246
11 0.829361 0.42045 0.0563488 0.031385 0.00229607
11 0.816159 0.422767 0.0555665 0.0307581 0.00218657
11 0.547571 0.380913 0.0421132 0.0452023 0.0021393
11 0.160528 0.548322 0.0416256 0.0361477 0.00206081
11 0.549553 0.374828 0.0410639 0.0440897 0.00204437
10 0.119893 0.586963 0.013427 0.0798039 0.0020213
11 0.850397 0.371384 0.0599461 0.0240689 0.00201902
11 0.587167 0.413339 0.0566046 0.034474 0.00198593
11 0.172347 0.525074 0.0564016 0.0537783 0.00198038
11 0.270494 0.662883 0.0401374 0.0602469 0.0018602
11 0.538682 0.384213 0.0452055 0.0503774 0.0018468
11 0.803778 0.386098 0.068695 0.0232422 0.00177256
11 0.0807194 0.50847 0.0415629 0.0668117 0.00175983
11 0.614956 0.41411 0.0677134 0.0359314 0.00174465
11 0.607489 0.420642 0.0653517 0.0438783 0.00170975
11 0.251643 0.662557 0.0342895 0.0670893 0.00169176
11 0.579764 0.433472 0.0288517 0.0506632 0.00164317
11 0.553442 0.418337 0.0447452 0.0363039 0.00160104
11 0.781235 0.376804 0.0678907 0.0265547 0.00157629
11 0.743197 0.41019 0.0802624 0.0421906 0.00153456
11 0.135639 0.496713 0.0324436 0.0750851 0.0015214
11 0.8718 0.371856 0.0762779 0.0258804 0.00151071
11 0.88405 0.372489 0.0649707 0.0259251 0.0014605
11 0.13151 0.509212 0.0351517 0.0658164 0.00143672
11 0.57233 0.354281 0.0491619 0.0240435 0.0014304
11 0.163522 0.516917 0.0714923 0.0535679 0.00142942
11 0.81391 0.428041 0.0635694 0.0321905 0.00142527
11 0.54545 0.419449 0.0541419 0.040611 0.00141024
11 0.627085 0.364541 0.064151 0.0256529 0.00138436
11 0.625094 0.49205 0.0726808 0.0321092 0.00136492
11 0.822792 0.388456 0.058636 0.0215112 0.00136157
11 0.600964 0.405963 0.0759184 0.0337104 0.00135726
11 0.72683 0.402812 0.0655775 0.0478602 0.00132755
11 0.627231 0.486603 0.070543 0.0345886 0.00132713
11 0.579155 0.502989 0.0740789 0.0255876 0.00129794
11 0.521705 0.388346 0.0322731 0.057747 0.00128166
11 0.1747 0.543189 0.0350896 0.0340356 0.00127109
11 0.156734 0.493264 0.0656236 0.0278102 0.0012572
11 0.794281 0.422992 0.0533978 0.0313607 0.00125309
11 0.833297 0.410081 0.0525816 0.0294892 0.00124783
11 0.143623 0.499558 0.0413627 0.0398272 0.00124244
11 0.561679 0.358177 0.045094 0.0336439 0.00123818
11 0.596352 0.425246 0.0457782 0.039605 0.0011819
11 0.121967 0.420465 0.0723893 0.0594769 0.00117751
11 0.785512 0.384075 0.0570251 0.0294374 0.00115375
11 0.684393 0.402256 0.044051 0.0399644 0.00112019
11 0.580844 0.353209 0.0576664 0.0210101 0.00111341
11 0.557053 0.50254 0.0645146 0.0298911 0.00109989
11 0.106429 0.511046 0.0632722 0.0604203 0.00109803
11 0.132626 0.482908 0.0453646 0.0662668 0.00109624
11 0.5383 0.434379 0.0554481 0.0591545 0.00107786
11 0.824375 0.365678 0.0356197 0.0279507 0.00105401
11 0.58247 0.496905 0.0701035 0.0255735 0.00105091
11 0.522853 0.400323 0.0330906 0.0577896 0.00105048
11 0.567929 0.502826 0.0725071 0.0281236 0.00104229
11 0.91651 0.401416 0.0311432 0.0335013 0.00102769
11 0.627311 0.370924 0.0681944 0.0325961 0.00102477
11 0.168444 0.540166 0.0425493 0.0332505 0.00102402
11 0.768065 0.417703 0.0489929 0.03161 0.00102389
