9 0.54424 0.376344 0.386739 0.151641 0.860946
7 0.560504 0.394411 0.183807 0.0586987 0.011652
7 0.548966 0.406071 0.145569 0.0407646 0.0100012
7 0.540121 0.18496 0.0682417 0.0187035 0.00742325
7 0.534838 0.256422 0.146346 0.024127 0.00735263
7 0.542545 0.389585 0.213803 0.0717199 0.00680414
7 0.527291 0.402484 0.186065 0.0559906 0.00572361
7 0.557262 0.410379 0.173165 0.0514635 0.00571623
7 0.538491 0.260941 0.16065 0.0252135 0.00290164
7 0.51568 0.396805 0.212753 0.0915221 0.00289393
6 0.622651 0.33996 0.351483 0.23545 0.00148075
7 0.537618 0.251016 0.157076 0.0343999 0.00144968
7 0.434461 0.399873 0.174212 0.0468737 0.00113046
7 0.5539 0.414727 0.20379 0.0637177 0.00107364
7 0.54935 0.37773 0.273223 0.103617 0.00100785
