3 0.548445 0.367775 0.335043 0.136321 0.612368
3 0.608764 0.444441 0.345923 0.150191 0.0718932
11 0.221478 0.749626 0.143199 0.0274625 0.020389
11 0.21079 0.742208 0.154904 0.0425448 0.0173192
11 0.377029 0.746741 0.208619 0.0265448 0.00762725
11 0.841516 0.340792 0.0626718 0.0594005 0.00427641
11 0.253859 0.652135 0.0858378 0.0817368 0.00262458
11 0.71634 0.520539 0.11714 0.0901304 0.00245687
11 0.390095 0.751652 0.203189 0.0276811 0.00219244
3 0.601456 0.412246 0.358221 0.214108 0.00196618
11 0.351211 0.650907 0.138881 0.0551804 0.00165374
11 0.730312 0.524157 0.0796525 0.0917641 0.0016215
11 0.285489 0.650787 0.120764 0.0790044 0.00157599
11 0.232929 0.649948 0.0626738 0.0785355 0.00147056
11 0.213243 0.649762 0.0466266 0.0751087 0.00129107
11 0.42038 0.753599 0.233207 0.0271458 0.00123281
11 0.243746 0.742206 0.139383 0.0408556 0.00108253
11 0.388564 0.742704 0.206377 0.0338472 0.00103025
