11 0.662026 0.489554 0.153397 0.10261 0.0143162
8 0.585035 0.498357 0.352069 0.173802 0.0136478
11 0.485686 0.495958 0.083977 0.0850002 0.00938215
11 0.470222 0.473269 0.0493931 0.132422 0.00749523
11 0.469509 0.497476 0.0482647 0.0825955 0.0064167
11 0.614846 0.522916 0.241886 0.110165 0.00563172
11 0.489798 0.480668 0.0933226 0.116222 0.00535396
8 0.586196 0.521297 0.316649 0.229944 0.00481071
8 0.591118 0.474391 0.408415 0.220904 0.00358784
11 0.464603 0.488943 0.0424312 0.0998299 0.00344521
11 0.497812 0.502953 0.111205 0.105786 0.00302729
8 0.488011 0.580712 0.113084 0.163599 0.00287043
11 0.491693 0.507916 0.09485 0.0744256 0.00269985
11 0.586699 0.638723 0.0879924 0.0770653 0.00244874
8 0.527259 0.533958 0.189732 0.318719 0.00182621
11 0.456938 0.46809 0.0807316 0.15818 0.00157853
8 0.522588 0.468809 0.285835 0.216711 0.00150414
11 0.443408 0.46776 0.090481 0.145789 0.00129049
8 0.789596 0.468634 0.254216 0.0825113 0.0012546
11 0.596775 0.477836 0.250955 0.0810729 0.00104512
