3 0.758328 0.690864 0.0895378 0.179116 0.554979
11 0.174534 0.6106 0.0590381 0.0414901 0.00560511
11 0.188051 0.496853 0.0647862 0.0361319 0.00466078
11 0.120605 0.440127 0.0505147 0.0779063 0.0036103
11 0.323036 0.38962 0.0264899 0.0811363 0.00346773
11 0.110012 0.373194 0.0258481 0.053275 0.00314634
11 0.178364 0.615964 0.0642385 0.0391138 0.00305542
11 0.119368 0.431561 0.0448772 0.0579944 0.0019512
11 0.179687 0.595239 0.0671849 0.0514777 0.00152982
11 0.214715 0.587139 0.0564284 0.0475895 0.00142151
11 0.187712 0.612742 0.0629354 0.0393299 0.00130253
11 0.172391 0.603331 0.0553257 0.0437277 0.00128262
11 0.124248 0.433305 0.0411845 0.0477738 0.00127765
11 0.201909 0.58558 0.0654376 0.0505525 0.00120013
11 0.18823 0.620793 0.0582341 0.0377097 0.00118721
11 0.218175 0.60763 0.0494444 0.0463816 0.00114317
11 0.136703 0.420476 0.0563813 0.034112 0.00107701
