3 0.295759 0.490802 0.123225 0.172538 0.789322
3 0.325029 0.698517 0.128956 0.18469 0.0071966
11 0.812441 0.577731 0.0411128 0.0734606 0.00398862
11 0.778511 0.478552 0.0473433 0.0735216 0.00393127
11 0.742696 0.649848 0.10076 0.036058 0.00386653
11 0.777978 0.489909 0.0439958 0.0637157 0.00306188
11 0.761399 0.43301 0.062261 0.0540432 0.00265161
11 0.806014 0.573684 0.0476176 0.074953 0.00261733
11 0.759175 0.425914 0.0543095 0.0456607 0.00250003
11 0.764331 0.4435 0.0778595 0.0498703 0.00247629
10 0.811868 0.466094 0.0236031 0.0880438 0.0022238
11 0.762162 0.413044 0.0547276 0.0433759 0.00206003
11 0.748427 0.563825 0.0550476 0.0860838 0.00205214
11 0.734706 0.563417 0.0705086 0.0926666 0.00203748
11 0.765731 0.575592 0.0428451 0.0619465 0.00190426
11 0.768651 0.428353 0.0526714 0.0440785 0.00184687
11 0.753196 0.432354 0.0528494 0.0592775 0.00173681
11 0.746897 0.65729 0.0940784 0.0533038 0.00169349
11 0.765965 0.466415 0.0742672 0.0775585 0.00160784
11 0.810783 0.565283 0.040668 0.0760654 0.00158311
11 0.80363 0.563121 0.0503244 0.0763578 0.00152879
11 0.780683 0.500991 0.045752 0.0602741 0.00144891
11 0.73765 0.426163 0.0597604 0.0789663 0.00140711
11 0.750149 0.410892 0.0591526 0.0534843 0.00121314
11 0.776799 0.574884 0.0492291 0.0652307 0.00115856
11 0.778482 0.468628 0.0569258 0.0865707 0.00110569
11 0.733402 0.541613 0.055689 0.0624437 0.0010112
