7 0.561188 0.416362 0.0275892 0.0677071 0.160556
7 0.565083 0.409197 0.0266479 0.0497008 0.158224
7 0.555092 0.420542 0.0315172 0.0773063 0.0842294
7 0.568617 0.410623 0.0375856 0.0515977 0.0557638
7 0.796624 0.371173 0.0754603 0.0297543 0.0504893
7 0.787809 0.373083 0.0581217 0.0331735 0.0449421
7 0.544256 0.405961 0.0363214 0.0893235 0.0310065
7 0.536969 0.392801 0.0341739 0.0759187 0.0285866
7 0.395103 0.753677 0.0653394 0.0402752 0.0278808
7 0.394972 0.76284 0.0643008 0.0260794 0.0254195
7 0.403659 0.750275 0.0819051 0.0448066 0.0237012
7 0.667416 0.359984 0.0529598 0.0604489 0.0157172
7 0.806482 0.3663 0.0895706 0.0233213 0.0140334
7 0.415861 0.744155 0.106769 0.0429078 0.0139079
7 0.577681 0.413922 0.0544763 0.0590651 0.0108396
7 0.537867 0.379229 0.0304297 0.0664298 0.00714413
7 0.669198 0.350574 0.0531361 0.0516337 0.00682424
7 0.196861 0.629794 0.0427085 0.0460736 0.00592775
7 0.843283 0.344702 0.0482242 0.0508685 0.00528197
7 0.419131 0.736722 0.113073 0.048043 0.00460879
7 0.533275 0.386241 0.0372047 0.0622645 0.0041464
7 0.435723 0.735263 0.0801586 0.0520874 0.00377869
7 0.841447 0.35177 0.047446 0.0449265 0.00331701
7 0.387593 0.753249 0.0485605 0.0471658 0.00298078
7 0.788436 0.383417 0.0567792 0.0573252 0.0024036
7 0.791104 0.393579 0.0544325 0.0608636 0.002316
7 0.391391 0.767713 0.0565004 0.0291546 0.00151808
7 0.551933 0.377834 0.0632174 0.0885304 0.00151101
11 0.29491 0.565202 0.0966337 0.221596 0.00135132
11 0.187631 0.640756 0.0844411 0.0740217 0.00121974
7 0.532936 0.401581 0.0392671 0.0882974 0.00112141
11 0.304793 0.588721 0.0633839 0.214378 0.00103642
