11 0.645677 0.4125 0.161185 0.0459126 0.600371
11 0.517247 0.428226 0.118974 0.0474045 0.016818
11 0.636386 0.406973 0.145286 0.0367732 0.0129567
11 0.567336 0.604501 0.118421 0.0831171 0.00568323
11 0.606581 0.442157 0.106205 0.0546288 0.00478021
11 0.580484 0.611397 0.0856859 0.0773157 0.00313398
11 0.539142 0.430606 0.156409 0.0551318 0.00289091
11 0.662299 0.491614 0.106591 0.057098 0.00204391
11 0.651745 0.497494 0.109073 0.0614652 0.00166911
11 0.554926 0.595688 0.129073 0.0745808 0.00160818
11 0.499045 0.43277 0.0936298 0.0576026 0.00110503
11 0.615531 0.449784 0.117549 0.0556367 0.0010387
