11 0.209739 0.498766 0.124213 0.0947168 0.12076
11 0.195027 0.491791 0.12819 0.0787821 0.0196041
11 0.199906 0.513921 0.134511 0.080479 0.0174151
11 0.18996 0.480269 0.110797 0.0664119 0.0136993
11 0.179119 0.434779 0.197765 0.0281487 0.0131857
11 0.0726525 0.532867 0.0551667 0.0558805 0.0119521
11 0.221164 0.441559 0.121954 0.0363646 0.00911656
11 0.207546 0.480823 0.119877 0.0842651 0.00818401
11 0.187442 0.430364 0.194383 0.034564 0.00578965
11 0.181652 0.472373 0.0907703 0.0651794 0.00573411
11 0.215304 0.436031 0.132893 0.0275525 0.00566771
11 0.0636686 0.527395 0.0484237 0.0569582 0.0056089
11 0.239018 0.508919 0.167803 0.0787996 0.005427
11 0.214162 0.453377 0.120895 0.0547169 0.00537363
11 0.165395 0.468207 0.108658 0.0655138 0.00488161
11 0.156574 0.48708 0.178617 0.0551182 0.00459481
11 0.153049 0.477217 0.156848 0.0551824 0.00445444
11 0.632544 0.492756 0.126453 0.0465499 0.00438689
11 0.556427 0.53775 0.143242 0.03715 0.00427267
11 0.175953 0.445866 0.193362 0.048879 0.00396246
11 0.102143 0.530482 0.0995645 0.0507901 0.00388269
11 0.632552 0.473724 0.127669 0.0732251 0.00361662
11 0.540983 0.453552 0.115939 0.0565527 0.00348
11 0.235518 0.519149 0.131788 0.0922281 0.0033307
11 0.146252 0.530487 0.0988367 0.0458922 0.00322583
11 0.594812 0.537605 0.117762 0.0371632 0.00312831
11 0.165982 0.46067 0.144242 0.0709897 0.00310475
11 0.547221 0.465985 0.110993 0.0474451 0.00308112
11 0.073064 0.556031 0.0668866 0.10061 0.00304592
11 0.534126 0.537793 0.156497 0.0447624 0.0028817
11 0.0650884 0.601989 0.0658284 0.066724 0.00283458
11 0.245231 0.615812 0.0645841 0.0649882 0.0026679
11 0.303448 0.512441 0.079025 0.07365 0.00263067
11 0.195574 0.461048 0.114921 0.0635242 0.00255317
11 0.521341 0.530406 0.150008 0.0655573 0.00248663
11 0.179035 0.523904 0.134829 0.0570606 0.002381
11 0.0556078 0.57466 0.0686371 0.0728014 0.00235825
11 0.0619758 0.559096 0.0616198 0.0950487 0.00235466
11 0.129898 0.486355 0.166645 0.0405006 0.0023505
11 0.172063 0.513543 0.150937 0.0547162 0.00232315
11 0.072918 0.601833 0.0616551 0.0523774 0.00230384
11 0.218606 0.534682 0.124958 0.0834886 0.00228566
11 0.615072 0.499336 0.15051 0.0395058 0.00225122
11 0.0729785 0.613678 0.0637744 0.0798033 0.00218573
11 0.545007 0.475713 0.109036 0.037676 0.00217308
11 0.0221132 0.584396 0.0319459 0.0448459 0.00206304
11 0.761136 0.665382 0.130372 0.0233213 0.00202825
11 0.69221 0.437775 0.163611 0.048168 0.00201228
11 0.575741 0.469892 0.123287 0.0511037 0.00199194
11 0.382118 0.51786 0.168347 0.0497618 0.00197206
11 0.027185 0.580584 0.0363776 0.053456 0.00194445
11 0.242884 0.449586 0.115337 0.0523605 0.00193033
11 0.538227 0.528768 0.140874 0.0573773 0.00192745
11 0.645931 0.482106 0.102773 0.0630257 0.00192151
11 0.549891 0.443354 0.112696 0.0399543 0.00190579
11 0.618576 0.516376 0.148764 0.0572482 0.00187895
11 0.492765 0.528261 0.182512 0.070063 0.00182595
11 0.131437 0.467718 0.157745 0.0640361 0.00180449
11 0.607106 0.542471 0.0836559 0.0439771 0.0017911
11 0.55332 0.450722 0.111312 0.0426113 0.00178136
11 0.647566 0.462255 0.119091 0.0760933 0.00178011
11 0.590415 0.482441 0.159269 0.0498532 0.00176882
11 0.0549019 0.586728 0.0672724 0.0530905 0.00167724
11 0.270717 0.446455 0.192856 0.0499029 0.00159258
11 0.0604309 0.593995 0.0686601 0.0501261 0.00158762
11 0.693657 0.426837 0.162733 0.0478859 0.00157969
11 0.166248 0.529955 0.113653 0.0461094 0.00150625
11 0.624324 0.53748 0.1072 0.0394396 0.00145979
11 0.621482 0.457849 0.124407 0.0604721 0.00144644
11 0.592759 0.522038 0.150452 0.0491337 0.00136481
11 0.778493 0.580148 0.0833577 0.0922416 0.00135691
11 0.217852 0.472144 0.121339 0.072761 0.00134772
11 0.286077 0.508223 0.118808 0.0656483 0.00133401
11 0.0354701 0.597189 0.053906 0.0731996 0.00133321
11 0.542442 0.408151 0.134902 0.0220768 0.00132631
11 0.0760731 0.575043 0.0718162 0.0763407 0.00130923
11 0.138679 0.512593 0.154767 0.0462372 0.00129956
11 0.544384 0.421113 0.126443 0.0217976 0.00129916
11 0.363325 0.51208 0.11981 0.0494904 0.00129519
11 0.573571 0.506811 0.151985 0.0364202 0.00123323
11 0.687252 0.445876 0.167359 0.0468103 0.00122355
11 0.539227 0.434494 0.122755 0.0385674 0.0012104
11 0.582607 0.407039 0.157452 0.0186476 0.00118117
11 0.39731 0.512236 0.177125 0.0503359 0.00115834
11 0.357625 0.475382 0.102389 0.0360731 0.00115046
11 0.63294 0.50988 0.144297 0.0695846 0.00114996
10 0.157498 0.630648 0.0700731 0.107835 0.00114515
11 0.301791 0.606956 0.123424 0.0728377 0.00113027
11 0.312231 0.522458 0.0586272 0.0897556 0.00107494
11 0.379838 0.481363 0.141328 0.0298785 0.00106859
11 0.792361 0.581816 0.0654462 0.0953737 0.00106663
11 0.619365 0.404938 0.140418 0.0196049 0.00106108
11 0.0579043 0.514609 0.0503288 0.0774486 0.00105856
11 0.321495 0.516474 0.0543425 0.0609474 0.00105036
11 0.300029 0.454035 0.151806 0.0595642 0.00104214
11 0.738153 0.439418 0.0920392 0.0508081 0.00104093
11 0.741057 0.49571 0.091082 0.0767367 0.00100793
11 0.624644 0.419854 0.126474 0.0403291 0.0010057
