11 0.670647 0.254375 0.117714 0.0634046 0.433006
11 0.675907 0.233598 0.0962415 0.101406 0.0789397
11 0.676685 0.499443 0.0871872 0.0498976 0.0473873
11 0.400184 0.586308 0.0716996 0.133122 0.00786446
11 0.392273 0.572082 0.0548471 0.112738 0.00420005
11 0.672996 0.508008 0.0970976 0.0625983 0.00331295
11 0.403106 0.585295 0.0962824 0.142569 0.00287954
11 0.632429 0.710576 0.0303743 0.0845466 0.00201992
11 0.404839 0.60836 0.090085 0.110153 0.0019993
11 0.638263 0.708893 0.0321045 0.0843676 0.00196039
11 0.421995 0.406707 0.0842535 0.0772123 0.00129069
11 0.640224 0.782035 0.0304996 0.0781913 0.00127415
11 0.441579 0.380352 0.143956 0.124612 0.00124909
11 0.677103 0.518404 0.0783794 0.0898532 0.00121565
11 0.362247 0.723873 0.0355564 0.058666 0.00115754
11 0.674839 0.490508 0.0811075 0.0629736 0.00115184
11 0.36327 0.74236 0.0382156 0.0811486 0.0011337
11 0.616855 0.402701 0.117729 0.0629503 0.00110004
11 0.382914 0.565977 0.0588508 0.0930574 0.00101602
