7 0.341658 0.425628 0.0562345 0.0403874 0.632829
7 0.315777 0.670385 0.0312062 0.0586351 0.453977
7 0.348998 0.418211 0.06834 0.0439961 0.304029
7 0.321082 0.727933 0.0572368 0.0401932 0.117874
7 0.342286 0.421697 0.0594758 0.060853 0.031104
7 0.35177 0.41131 0.080163 0.0446878 0.0142765
7 0.337431 0.418657 0.0566273 0.0492618 0.00526178
7 0.319541 0.720033 0.0501862 0.0546023 0.00427708
7 0.323439 0.417888 0.0839812 0.0328893 0.00364812
7 0.330865 0.672189 0.0561032 0.0561868 0.00275821
7 0.312206 0.67004 0.0420451 0.0670312 0.00217318
7 0.350532 0.419035 0.0849063 0.0517672 0.00195038
7 0.116585 0.731095 0.0451651 0.0318688 0.0013555
7 0.326237 0.412664 0.0963665 0.0392083 0.00112904
