10 0.39026 0.413146 0.143504 0.0322822 0.0879191
3 0.64652 0.596689 0.274976 0.172527 0.0639315
11 0.492801 0.443362 0.102798 0.0346371 0.0243678
11 0.29257 0.460674 0.0937255 0.0623861 0.00562205
11 0.487727 0.451427 0.114246 0.0483279 0.00353812
11 0.528614 0.437714 0.173459 0.0386818 0.00224156
10 0.855982 0.597027 0.0550806 0.0995527 0.00224106
11 0.829225 0.527495 0.0893119 0.0566963 0.00211083
11 0.302073 0.454372 0.101096 0.0517566 0.00167926
3 0.391135 0.414015 0.149531 0.0316027 0.00167009
11 0.278817 0.460856 0.0737274 0.060552 0.00161176
11 0.836425 0.53498 0.0861581 0.0679279 0.00156818
11 0.643416 0.582141 0.0881087 0.070653 0.00147893
11 0.838365 0.548833 0.0753548 0.0903438 0.00135683
10 0.787095 0.519001 0.0851362 0.0761831 0.00131408
11 0.665473 0.579566 0.0763067 0.0709682 0.00130233
11 0.287338 0.468415 0.110774 0.0757061 0.00113278
11 0.799358 0.490348 0.0896105 0.0797018 0.00111811
11 0.270544 0.46802 0.103716 0.0675278 0.00105252
11 0.862609 0.600841 0.0572514 0.0933359 0.00104933
