2 0.410734 0.410225 0.480873 0.338085 0.209281
11 0.176811 0.480542 0.0459801 0.212533 0.106114
5 0.253511 0.418747 0.0390482 0.346061 0.0442774
2 0.418703 0.344417 0.464474 0.201905 0.0189921
1 0.177693 0.482404 0.0422183 0.216304 0.0181015
10 0.176715 0.480619 0.0454692 0.219679 0.0172623
7 0.177426 0.482332 0.0424044 0.216054 0.0132046
7 0.645301 0.291923 0.091835 0.0751432 0.0091776
2 0.22102 0.482251 0.127654 0.217037 0.00584274
5 0.237296 0.414326 0.0939195 0.332161 0.00292199
1 0.251267 0.415642 0.0438229 0.343349 0.00214429
2 0.220655 0.421824 0.125699 0.333705 0.00173744
5 0.177964 0.482565 0.0400456 0.216204 0.00125264
