3 0.82906 0.514153 0.0867061 0.0962851 0.0647469
11 0.225691 0.597529 0.0637684 0.048714 0.0546841
10 0.218121 0.482726 0.0234924 0.0736622 0.0387688
11 0.238635 0.592167 0.0534358 0.0455951 0.0239467
11 0.150872 0.563138 0.0537482 0.0713429 0.00975522
11 0.230681 0.584275 0.0504719 0.0631114 0.00797423
11 0.156367 0.568995 0.0541361 0.0694361 0.00748608
11 0.159177 0.58745 0.0529963 0.0343947 0.00738164
11 0.22236 0.584984 0.0535767 0.0673094 0.00675488
11 0.253185 0.588049 0.0503079 0.0481255 0.00640034
11 0.248494 0.576864 0.0432564 0.0591293 0.0063817
11 0.296812 0.546557 0.058658 0.0441041 0.00505055
11 0.252264 0.553273 0.0423052 0.0455271 0.00496155
11 0.134918 0.556821 0.0745713 0.0763452 0.00479976
11 0.223353 0.607928 0.0600352 0.064125 0.00449986
11 0.254901 0.56958 0.0444711 0.0583621 0.00426677
11 0.23348 0.559974 0.0447865 0.0611114 0.00417886
11 0.214573 0.580989 0.0523788 0.061489 0.00405231
10 0.218803 0.502018 0.0248429 0.0433379 0.00402676
11 0.125373 0.538713 0.0629194 0.0693801 0.00387184
10 0.139902 0.523415 0.0532788 0.0539753 0.00363533
11 0.220496 0.557012 0.0428641 0.0612909 0.00346489
11 0.146657 0.54426 0.050857 0.0551143 0.00322803
11 0.276115 0.546237 0.040411 0.039771 0.00308596
11 0.171003 0.589668 0.070825 0.0365775 0.00289122
11 0.291407 0.540153 0.0587225 0.0417211 0.00274428
11 0.138246 0.534985 0.0653223 0.0577402 0.00267087
11 0.250559 0.599594 0.0578525 0.0477419 0.00264237
11 0.258359 0.550524 0.047302 0.0407337 0.00257802
10 0.133397 0.527444 0.0682186 0.0586975 0.00253125
11 0.125457 0.527922 0.0553432 0.0581643 0.00250612
11 0.209582 0.553566 0.0482136 0.0499178 0.00233078
11 0.172778 0.57396 0.0652607 0.0603084 0.00206787
11 0.198342 0.592274 0.0532355 0.0465826 0.00203627
11 0.21985 0.526684 0.0304241 0.0260576 0.00193772
11 0.213074 0.613335 0.0485263 0.0644016 0.00177169
11 0.225855 0.53284 0.034311 0.0293026 0.00175763
10 0.216432 0.509999 0.0286826 0.0266687 0.00174057
11 0.140546 0.585824 0.0579958 0.035249 0.0016821
11 0.180027 0.555174 0.0555133 0.0665992 0.00165264
11 0.249061 0.537911 0.0449957 0.0313694 0.00164417
11 0.282795 0.537768 0.048811 0.0354715 0.00163963
11 0.309547 0.551081 0.0474955 0.0444465 0.00154794
11 0.328454 0.518402 0.0297085 0.0996101 0.00152623
11 0.240885 0.611527 0.0448516 0.0629525 0.00147832
11 0.197581 0.550057 0.0475408 0.0505848 0.0014609
11 0.282811 0.514431 0.0394648 0.0348458 0.00142787
10 0.147112 0.521876 0.042262 0.0465743 0.00141082
11 0.031115 0.499501 0.023061 0.0871485 0.00140143
11 0.118505 0.557668 0.0598712 0.0650084 0.00138874
11 0.224973 0.684718 0.0463119 0.0459828 0.00130289
11 0.334737 0.499515 0.0389897 0.0707806 0.0012794
11 0.340829 0.589153 0.0506706 0.0719221 0.00127143
11 0.297021 0.564286 0.0478822 0.0669688 0.0012173
11 0.110119 0.467074 0.0513238 0.0280531 0.00115339
11 0.317777 0.551042 0.0369924 0.0429948 0.00113468
11 0.305137 0.544348 0.0570857 0.0435612 0.00112299
11 0.0252761 0.689275 0.0347276 0.0568795 0.00112146
11 0.198635 0.575965 0.0451321 0.0573634 0.00112043
11 0.348327 0.576072 0.043762 0.0764115 0.00109816
11 0.212754 0.527932 0.0385182 0.0260879 0.0010909
11 0.105229 0.465995 0.0477907 0.0342134 0.00106792
11 0.263774 0.678628 0.0654081 0.0472801 0.00101199
