4 0.506313 0.46457 0.54482 0.111962 0.722073
7 0.413044 0.454796 0.311314 0.0605114 0.120354
7 0.292851 0.456627 0.0552074 0.0269818 0.012636
7 0.413711 0.462156 0.304668 0.0415241 0.00901761
7 0.348944 0.437332 0.105392 0.0654383 0.00560883
7 0.332365 0.454208 0.131033 0.0331006 0.00498387
7 0.339547 0.445841 0.124805 0.0500108 0.00470604
7 0.31609 0.452796 0.104804 0.0279036 0.00284647
7 0.632764 0.371836 0.0440716 0.0491929 0.00142944
4 0.538217 0.462803 0.327751 0.0744135 0.00132362
0 0.469407 0.459885 0.480023 0.226553 0.00130058
4 0.52183 0.434505 0.32519 0.0599865 0.00105399
