7 0.70922 0.399478 0.0492281 0.127456 0.0350923
7 0.71352 0.381535 0.0660613 0.125472 0.0151342
7 0.718388 0.616562 0.0565031 0.0775358 0.00910886
11 0.871906 0.492339 0.0564901 0.0781663 0.00533075
4 0.686683 0.444292 0.200496 0.297526 0.00409116
7 0.724177 0.357063 0.0457812 0.0703781 0.00286847
7 0.732343 0.351085 0.0503717 0.0607113 0.00209669
7 0.719265 0.368412 0.0551624 0.0945052 0.00196609
7 0.727353 0.596274 0.0343244 0.0559473 0.00173359
7 0.705186 0.426847 0.0434843 0.0822769 0.00155939
7 0.742762 0.350142 0.0460617 0.0618529 0.0013506
