3 0.40288 0.715767 0.0576497 0.20157 0.424263
3 0.386559 0.710542 0.0910398 0.189309 0.283652
3 0.977748 0.665431 0.0445036 0.117154 0.230424
3 0.361033 0.67652 0.0443401 0.126417 0.213048
3 0.382159 0.677904 0.0883147 0.126992 0.0901147
11 0.20715 0.377294 0.0361582 0.0727861 0.0146315
11 0.201665 0.366473 0.033133 0.0521921 0.00512934
11 0.130895 0.467392 0.0519402 0.0289407 0.00377061
11 0.152396 0.374047 0.0321595 0.0319114 0.00329939
11 0.198371 0.357672 0.0337883 0.0348221 0.00326287
11 0.122105 0.463966 0.0367653 0.0299395 0.00290681
11 0.199117 0.37701 0.0331277 0.0626497 0.00290004
11 0.830322 0.4256 0.0170059 0.0908078 0.00241636
11 0.188504 0.354158 0.0433396 0.0277667 0.00239795
11 0.189105 0.369127 0.0377332 0.0382315 0.00228314
11 0.132139 0.376658 0.0344257 0.0403568 0.00217695
11 0.161634 0.371125 0.0362201 0.0299774 0.00213899
11 0.15284 0.382381 0.0364152 0.0331508 0.00207501
11 0.146273 0.380829 0.0409926 0.037334 0.00198384
10 0.555606 0.752702 0.0659357 0.0492155 0.00184069
11 0.140437 0.451604 0.0391346 0.0300132 0.00171274
11 0.183791 0.468995 0.0284326 0.0508283 0.00164012
10 0.561371 0.734849 0.0708553 0.0538287 0.00158372
11 0.208887 0.392552 0.028907 0.0882634 0.0015173
11 0.124845 0.48914 0.0414829 0.0311697 0.00147518
11 0.827045 0.429063 0.0203682 0.0904082 0.00147164
11 0.804983 0.48151 0.0299464 0.0690798 0.00142598
11 0.126526 0.451447 0.0381578 0.0302045 0.00142273
11 0.168196 0.386646 0.0302242 0.0330881 0.00135794
11 0.182456 0.38939 0.0202309 0.0396928 0.00133421
11 0.134542 0.487721 0.0528027 0.0379678 0.00130152
11 0.217012 0.402057 0.0258186 0.103456 0.00129199
11 0.114822 0.445192 0.021595 0.034027 0.00120985
10 0.775396 0.363856 0.0484219 0.040407 0.00117285
11 0.182646 0.45576 0.0258746 0.0541755 0.0011699
11 0.113469 0.390978 0.0196295 0.0623651 0.00116768
11 0.125576 0.381864 0.0311027 0.0473184 0.00116648
10 0.570692 0.728159 0.056366 0.0525911 0.0010352
