9 0.333287 0.301427 0.466685 0.370249 0.869302
7 0.599293 0.110853 0.172019 0.0343819 0.79102
7 0.580349 0.114103 0.228715 0.0312395 0.0590606
6 0.284873 0.334273 0.301602 0.181117 0.0276832
6 0.334361 0.302651 0.161737 0.247931 0.0201298
6 0.408693 0.288422 0.146734 0.26749 0.0176029
6 0.37724 0.287496 0.110714 0.269931 0.0119681
7 0.572503 0.124781 0.227658 0.0451343 0.00646925
6 0.411669 0.301691 0.162553 0.201167 0.00618218
6 0.294696 0.340704 0.249832 0.143056 0.00602432
6 0.37336 0.283422 0.284215 0.286306 0.00544099
6 0.351997 0.287763 0.195796 0.295366 0.00468692
6 0.401642 0.30806 0.22442 0.236163 0.00350469
6 0.351197 0.326604 0.163249 0.224735 0.0018658
6 0.553074 0.201551 0.577907 0.205305 0.00166479
6 0.312507 0.300518 0.301976 0.235034 0.00141749
6 0.389545 0.302265 0.144951 0.244689 0.00110905
