6 0.647712 0.376134 0.297609 0.235331 0.839144
5 0.801473 0.170015 0.339588 0.113335 0.751863
1 0.4374 0.444829 0.385487 0.206704 0.46594
1 0.300517 0.508238 0.281042 0.245354 0.18888
5 0.444936 0.532216 0.286431 0.0646848 0.0578124
5 0.621444 0.180015 0.339225 0.0883074 0.0572072
5 0.498692 0.475969 0.235931 0.144909 0.0260317
6 0.80159 0.167787 0.339705 0.133367 0.0157551
1 0.796424 0.221478 0.335804 0.137584 0.0149395
6 0.49813 0.478252 0.235574 0.150917 0.014915
5 0.408075 0.527366 0.207585 0.0798814 0.0122647
5 0.783387 0.230645 0.308815 0.117146 0.00793616
5 0.794469 0.215347 0.335761 0.155653 0.00706151
5 0.606304 0.181383 0.307228 0.0655358 0.00680207
5 0.462497 0.463952 0.284609 0.10191 0.00479026
1 0.352181 0.487988 0.273648 0.164975 0.00439401
10 0.443207 0.518923 0.323622 0.108953 0.00403043
1 0.483687 0.473326 0.271272 0.160544 0.00296366
10 0.630974 0.178821 0.352044 0.0968358 0.00284775
1 0.326293 0.497622 0.277807 0.203875 0.00236593
5 0.3939 0.474933 0.300864 0.122068 0.00228652
5 0.451137 0.450122 0.320937 0.126902 0.0017903
10 0.396704 0.51274 0.20403 0.113909 0.00149961
5 0.417552 0.470968 0.290207 0.0965478 0.00143439
10 0.388228 0.49498 0.237375 0.149928 0.00127319
6 0.773674 0.184303 0.28348 0.124099 0.0011678
10 0.394317 0.497289 0.388269 0.161533 0.00101176
