10 0.448253 0.478684 0.686142 0.524168 0.989057
5 0.349408 0.420816 0.381729 0.519527 0.676093
5 0.141362 0.495441 0.112932 0.539562 0.674188
10 0.435589 0.449642 0.494364 0.511496 0.472374
5 0.338938 0.545362 0.463967 0.492715 0.273449
10 0.324222 0.48286 0.434475 0.499624 0.159527
6 0.24188 0.522275 0.310383 0.305887 0.115287
5 0.457902 0.458823 0.644119 0.572402 0.102828
10 0.524113 0.434145 0.489902 0.48281 0.0937848
6 0.23432 0.578405 0.283042 0.325466 0.0407413
5 0.15372 0.557742 0.120455 0.478498 0.0332475
6 0.320017 0.530192 0.354146 0.216147 0.0294572
10 0.241141 0.517756 0.323157 0.483789 0.0192389
6 0.37833 0.52738 0.359331 0.207252 0.0141633
10 0.381871 0.319107 0.558038 0.217546 0.0140558
5 0.430598 0.519401 0.651035 0.402231 0.0108564
10 0.427944 0.383838 0.451936 0.369935 0.00742267
10 0.113992 0.485928 0.15317 0.528585 0.00501563
5 0.0739219 0.483542 0.133824 0.524534 0.00403447
10 0.330776 0.295693 0.451623 0.251651 0.00394093
10 0.0825872 0.486007 0.128144 0.526658 0.00393899
6 0.3537 0.517589 0.360502 0.269919 0.00351551
10 0.23965 0.436239 0.373589 0.435248 0.0033995
10 0.206696 0.454841 0.269739 0.470125 0.00312351
5 0.257613 0.552875 0.322162 0.489011 0.00308496
10 0.209937 0.538457 0.225732 0.500291 0.00295073
6 0.377453 0.324924 0.323226 0.288014 0.00251622
10 0.474291 0.431418 0.35921 0.458447 0.00241477
10 0.146638 0.557068 0.130415 0.479818 0.0022248
5 0.281498 0.507115 0.308229 0.260126 0.00190382
10 0.342101 0.309305 0.497671 0.160708 0.00135837
10 0.37884 0.549188 0.363376 0.252434 0.00131859
5 0.168541 0.438964 0.18595 0.436285 0.0011947
2 0.927105 0.959834 0.14579 0.0803319 0.00113308
6 0.358927 0.390488 0.308482 0.355242 0.00111833
