1 0.429917 0.802459 0.077346 0.162867 0.696733
1 0.436184 0.810104 0.0622903 0.139472 0.0565363
4 0.192865 0.623679 0.0435924 0.0768682 0.00801582
4 0.186623 0.61543 0.0579294 0.0781061 0.00612179
5 0.524983 0.724129 0.0608976 0.0421187 0.005702
4 0.172851 0.595537 0.0626364 0.0818378 0.00549561
4 0.180347 0.602629 0.0720579 0.0760382 0.00549429
5 0.248087 0.548973 0.0827498 0.068634 0.00444334
5 0.520657 0.712812 0.0620671 0.0363143 0.00436209
4 0.197272 0.616182 0.0700052 0.057294 0.00368959
4 0.200494 0.623411 0.0555817 0.0667245 0.00368156
5 0.432286 0.733868 0.042844 0.0822391 0.00352156
4 0.242482 0.545929 0.0719711 0.0682943 0.00341517
4 0.812555 0.54779 0.0487485 0.0683993 0.00326008
4 0.866924 0.519673 0.0309822 0.12488 0.00319854
4 0.81479 0.510609 0.0392321 0.0629032 0.00310552
4 0.812136 0.529822 0.0433607 0.0752633 0.00301219
1 0.416374 0.745239 0.0726279 0.0914974 0.00290171
5 0.43644 0.721096 0.0371332 0.0687573 0.00283729
4 0.219595 0.610889 0.0483495 0.0501962 0.0026402
1 0.419403 0.821884 0.0679248 0.131243 0.00260622
4 0.868156 0.575406 0.0341273 0.0900999 0.00245379
4 0.162783 0.58758 0.0654298 0.0738283 0.00238465
1 0.244065 0.541687 0.0772864 0.0628881 0.00229687
4 0.232695 0.563141 0.0505843 0.095434 0.00229393
4 0.194003 0.633059 0.025281 0.0940358 0.00228044
5 0.416086 0.770325 0.0910652 0.114643 0.00218915
5 0.444157 0.726605 0.0365778 0.0812272 0.00196099
4 0.866586 0.541055 0.0322628 0.114186 0.00190416
1 0.419043 0.784516 0.0889093 0.145733 0.00174745
4 0.216836 0.625673 0.0582799 0.0537437 0.00160077
4 0.169658 0.554682 0.0484111 0.0881588 0.00147355
4 0.228531 0.603627 0.041631 0.0577021 0.00127034
4 0.188767 0.633689 0.034383 0.0950623 0.00116745
4 0.166932 0.42964 0.0640895 0.0735211 0.00114892
5 0.451595 0.730308 0.0264424 0.090722 0.00111314
5 0.255477 0.565237 0.0634142 0.0779233 0.00104942
4 0.873733 0.42349 0.0559727 0.153419 0.00101491
