1 0.493503 0.572073 0.38142 0.20566 0.300304
1 0.635472 0.690533 0.228136 0.13907 0.112555
5 0.457446 0.640658 0.36625 0.258377 0.0694086
1 0.457581 0.637766 0.367806 0.266 0.0486767
1 0.568608 0.583236 0.247352 0.148147 0.0333775
1 0.476324 0.591293 0.271521 0.14954 0.0140811
1 0.565826 0.559987 0.206957 0.100886 0.00838247
1 0.447352 0.608777 0.222327 0.142753 0.00762397
1 0.523454 0.581479 0.314826 0.158043 0.00654313
1 0.530935 0.563237 0.291117 0.116953 0.0062539
5 0.447016 0.583188 0.250973 0.134252 0.00411699
5 0.396136 0.568277 0.175448 0.0963217 0.00408248
1 0.423247 0.539427 0.24772 0.136794 0.00324532
1 0.420739 0.595972 0.227514 0.133215 0.00296349
1 0.566593 0.612299 0.241044 0.129062 0.0026658
1 0.483783 0.615868 0.234249 0.132341 0.00234082
5 0.368401 0.565995 0.171929 0.0995371 0.0023245
1 0.600294 0.668304 0.283909 0.183094 0.00222025
1 0.576918 0.633702 0.218887 0.116126 0.00221749
5 0.423943 0.58294 0.208768 0.106715 0.00174694
1 0.457981 0.634369 0.227724 0.126802 0.00171013
5 0.37444 0.576485 0.203501 0.109127 0.001517
5 0.489405 0.685529 0.29994 0.160875 0.00148725
1 0.522254 0.612163 0.218126 0.13393 0.00145063
5 0.647109 0.645412 0.176941 0.0796716 0.00126487
5 0.524107 0.617626 0.215451 0.137516 0.00119091
1 0.452538 0.549617 0.304911 0.160584 0.00113013
5 0.408249 0.558564 0.223868 0.109768 0.00111188
1 0.453789 0.574 0.255721 0.136684 0.00109246
