4 0.50998 0.541714 0.164025 0.0723955 0.159912
4 0.757338 0.606277 0.142437 0.0514635 0.0523008
4 0.74146 0.618085 0.121961 0.0702441 0.0291747
4 0.733658 0.61091 0.118964 0.0486652 0.0268133
4 0.464238 0.645329 0.124298 0.055031 0.0187031
4 0.495755 0.53316 0.132205 0.0527816 0.0139712
4 0.733339 0.631298 0.113601 0.0890536 0.0131329
1 0.485942 0.647253 0.160972 0.065617 0.0116454
4 0.483958 0.655554 0.155551 0.065208 0.00926512
4 0.761553 0.615294 0.146046 0.0704612 0.00824436
4 0.48362 0.676631 0.154304 0.0782619 0.00499975
4 0.747009 0.638418 0.119188 0.0957855 0.00440308
4 0.715448 0.622009 0.108437 0.0633929 0.00325124
10 0.511062 0.547618 0.160478 0.0864292 0.00320852
4 0.493677 0.667064 0.166826 0.0796124 0.0025006
4 0.444524 0.646021 0.104609 0.0583346 0.00244972
4 0.473407 0.635753 0.13369 0.050062 0.00199152
4 0.726055 0.642437 0.123602 0.12654 0.00198409
1 0.725029 0.650045 0.124451 0.116057 0.00145515
4 0.716353 0.610665 0.108402 0.0435802 0.00124459
