1 0.416392 0.65802 0.142241 0.193401 0.507891
1 0.423499 0.684281 0.116162 0.146775 0.239581
1 0.171684 0.779273 0.215166 0.225369 0.0203797
1 0.428614 0.64489 0.0928956 0.166887 0.0121815
1 0.4047 0.65941 0.139124 0.136647 0.0114321
1 0.435769 0.704863 0.105178 0.143861 0.0110147
5 0.81829 0.729313 0.111228 0.0891367 0.00716345
4 0.813906 0.727514 0.102002 0.0842612 0.00584268
1 0.122212 0.811584 0.144135 0.190502 0.00567302
1 0.449826 0.69541 0.0762961 0.149027 0.00562128
1 0.818259 0.724222 0.104387 0.0978481 0.00539719
1 0.447261 0.718884 0.0990343 0.124917 0.00281441
4 0.436227 0.620454 0.0790548 0.119394 0.00139064
1 0.435294 0.622518 0.0754527 0.119473 0.00124903
5 0.112298 0.823351 0.0919714 0.147847 0.00113274
