1 0.688137 0.393628 0.10404 0.0951326 0.074053
4 0.882725 0.612203 0.0387462 0.12528 0.0726188
5 0.686669 0.397079 0.102246 0.0841875 0.0161305
4 0.896894 0.633969 0.0410602 0.129858 0.00676748
1 0.653115 0.269563 0.0738729 0.0837932 0.00586486
11 0.0820869 0.685081 0.0556851 0.0409878 0.00536536
1 0.656076 0.254089 0.0779156 0.0914939 0.00522987
4 0.87511 0.369534 0.0349567 0.087024 0.00487381
5 0.794178 0.32268 0.0595087 0.0480307 0.00484112
5 0.648439 0.270806 0.0785956 0.077695 0.0042338
4 0.886878 0.606886 0.0568693 0.135996 0.00300315
5 0.729273 0.299543 0.0790598 0.0587046 0.00297932
5 0.798715 0.305672 0.0751613 0.0621681 0.0029761
1 0.729109 0.280995 0.0784489 0.0454346 0.00260247
4 0.881431 0.586847 0.03508 0.15254 0.00258275
5 0.659785 0.29564 0.05736 0.0486121 0.00203639
5 0.653733 0.287174 0.0671515 0.0576868 0.00186785
1 0.718182 0.279026 0.0889601 0.0552868 0.00175699
4 0.777573 0.563961 0.0541402 0.0674887 0.00162913
5 0.729158 0.31512 0.0806023 0.0853962 0.0016019
4 0.901327 0.652531 0.0449757 0.123723 0.00158028
4 0.783728 0.555892 0.046578 0.0568165 0.00141638
1 0.739939 0.280798 0.0684011 0.0389874 0.00138029
4 0.687077 0.394478 0.101643 0.0646314 0.00124268
1 0.661536 0.240624 0.080961 0.0893325 0.00122125
4 0.728883 0.202387 0.0628944 0.0523202 0.00122073
4 0.888725 0.632506 0.037735 0.118381 0.00114517
4 0.905098 0.689086 0.0416092 0.0646247 0.00114371
4 0.767744 0.576475 0.0671441 0.0642247 0.00112123
4 0.893812 0.62241 0.0503895 0.147417 0.0011163
5 0.665244 0.302449 0.0688064 0.0404103 0.00111485
5 0.71304 0.30167 0.0903019 0.0473905 0.00110602
4 0.742038 0.200244 0.0648762 0.057612 0.00109902
1 0.674706 0.234806 0.0832274 0.0772092 0.00109831
1 0.685131 0.271715 0.109451 0.0741826 0.00108612
4 0.879439 0.386135 0.028558 0.108866 0.00101517
