5 0.756488 0.673201 0.167696 0.305202 0.855644
6 0.434567 0.414175 0.179376 0.191948 0.850034
1 0.163737 0.244521 0.226907 0.214578 0.847832
1 0.418975 0.779486 0.464144 0.168538 0.332373
6 0.553509 0.491984 0.0933708 0.198045 0.194016
6 0.442048 0.580964 0.211574 0.0519508 0.0345552
1 0.475596 0.787721 0.366903 0.16341 0.0331674
6 0.348053 0.415023 0.114153 0.196121 0.0133291
6 0.761965 0.398789 0.259606 0.257049 0.0117721
6 0.442478 0.507464 0.20558 0.168747 0.011637
6 0.508199 0.493853 0.176967 0.196696 0.00681681
6 0.56831 0.491908 0.136183 0.201037 0.00559215
6 0.491436 0.472762 0.220033 0.216361 0.00389522
1 0.458401 0.803988 0.374354 0.223341 0.0036723
6 0.515093 0.364188 0.107646 0.167952 0.00306159
6 0.167489 0.763847 0.0841844 0.12339 0.00233676
6 0.474725 0.506996 0.208646 0.178721 0.00232344
6 0.444372 0.605972 0.221489 0.10491 0.00154834
5 0.450554 0.577054 0.221574 0.0470053 0.00151482
