1 0.632171 0.654349 0.0877716 0.202031 0.363366
1 0.62894 0.626418 0.10153 0.263545 0.182054
1 0.715326 0.691695 0.292727 0.259758 0.180364
5 0.759042 0.590184 0.0757679 0.231119 0.0379801
1 0.628556 0.587954 0.0941839 0.197137 0.0148991
5 0.754042 0.76983 0.11746 0.215567 0.014154
5 0.712975 0.696272 0.28658 0.26804 0.00536162
5 0.761171 0.564435 0.0955887 0.170197 0.00366288
5 0.641375 0.649095 0.0785204 0.182751 0.00251794
1 0.690162 0.733042 0.16988 0.163464 0.00212826
1 0.736181 0.77569 0.128449 0.185188 0.00211545
5 0.69801 0.733004 0.18228 0.164457 0.00199665
1 0.653776 0.681509 0.166669 0.254102 0.00173802
1 0.725723 0.765801 0.17263 0.177111 0.00146747
1 0.745106 0.758532 0.123072 0.24208 0.00143396
5 0.774752 0.642351 0.152084 0.0929467 0.00128662
1 0.762771 0.610771 0.095875 0.266076 0.00118521
5 0.765845 0.648735 0.180043 0.120478 0.00115945
