1 0.762915 0.457949 0.287186 0.0844842 0.709092
1 0.7421 0.457375 0.243959 0.066457 0.107194
4 0.635811 0.507967 0.138481 0.0504097 0.048962
1 0.726346 0.503768 0.182211 0.0541423 0.0186062
4 0.720539 0.506379 0.166676 0.0509906 0.0118781
4 0.6578 0.508406 0.096776 0.0491891 0.0102507
1 0.727538 0.494351 0.196231 0.0527259 0.00901578
4 0.684285 0.505599 0.124575 0.0507995 0.00473166
1 0.728547 0.474991 0.2104 0.0551091 0.00392602
1 0.715157 0.464708 0.198925 0.0422052 0.00305888
1 0.639479 0.506083 0.135568 0.0554539 0.00281033
4 0.671252 0.501524 0.11544 0.0467014 0.00278139
4 0.616806 0.792254 0.1063 0.0667318 0.00268604
4 0.671395 0.877409 0.0899642 0.0425806 0.00124434
1 0.708061 0.471861 0.175583 0.0473757 0.00124101
1 0.751596 0.47231 0.266605 0.102267 0.00123195
4 0.607033 0.780371 0.116448 0.0532961 0.00121936
5 0.69325 0.464841 0.156804 0.0381942 0.00117386
4 0.704219 0.495833 0.154308 0.0482213 0.00103787
