10 0.612944 0.558951 0.57207 0.347227 0.212039
10 0.481696 0.56509 0.756403 0.373764 0.170577
10 0.882951 0.626816 0.116796 0.290109 0.0147238
10 0.383755 0.563332 0.367381 0.416657 0.00956104
1 0.266836 0.218899 0.236061 0.382767 0.00755822
6 0.420717 0.652081 0.172762 0.192321 0.006432
10 0.426833 0.568564 0.264458 0.373725 0.00246108
6 0.424303 0.617436 0.202477 0.26436 0.00171996
10 0.474561 0.562731 0.322995 0.404212 0.00158406
6 0.765723 0.339674 0.124641 0.142 0.00136398
6 0.386884 0.662488 0.142058 0.198985 0.00111837
6 0.730213 0.317304 0.198095 0.193789 0.00104584
6 0.258731 0.246665 0.225543 0.310484 0.00102784
10 0.551803 0.529312 0.34499 0.293246 0.00100123
