5 0.776759 0.425758 0.200941 0.274591 0.685056
5 0.819936 0.442089 0.0921252 0.226302 0.258096
5 0.800333 0.393126 0.0853003 0.21455 0.200169
5 0.750922 0.456854 0.108167 0.210909 0.118595
5 0.788966 0.368181 0.0783945 0.174529 0.0997735
5 0.809351 0.412799 0.0881928 0.239494 0.0446784
1 0.745196 0.450731 0.115412 0.223403 0.0384407
1 0.823409 0.443253 0.105903 0.196886 0.0144238
5 0.656007 0.557039 0.344358 0.20418 0.012112
1 0.805645 0.409084 0.107207 0.234732 0.00827582
5 0.746705 0.385511 0.128572 0.189158 0.00790269
5 0.828293 0.475219 0.0935561 0.152434 0.00607491
1 0.787899 0.390748 0.126132 0.214821 0.00516244
5 0.832716 0.506884 0.0857212 0.0803695 0.00505258
1 0.782854 0.438475 0.156159 0.237781 0.00490637
5 0.736639 0.373839 0.108601 0.156233 0.00477569
5 0.767976 0.381368 0.133729 0.202468 0.00379071
5 0.806699 0.414356 0.125201 0.269465 0.0025253
1 0.735465 0.409725 0.131781 0.222568 0.00246444
5 0.77748 0.34905 0.0670872 0.149103 0.00202184
1 0.732058 0.384083 0.117296 0.170171 0.00194879
5 0.764501 0.367244 0.097457 0.16464 0.00187973
5 0.754679 0.421407 0.143534 0.255078 0.00139175
10 0.450065 0.539286 0.446848 0.294047 0.00130328
5 0.800691 0.350117 0.102846 0.131119 0.00123966
