5 0.629931 0.474677 0.261492 0.546279 0.530438
10 0.481689 0.557651 0.476695 0.702712 0.0486696
1 0.504759 0.551752 0.261275 0.522402 0.0214559
5 0.469869 0.537554 0.179632 0.65219 0.0168351
1 0.473241 0.565442 0.191397 0.430362 0.00400646
1 0.545119 0.572689 0.339006 0.625735 0.00324791
5 0.47805 0.484748 0.118938 0.319456 0.0021307
1 0.652267 0.708878 0.160009 0.391787 0.0019352
1 0.613205 0.484647 0.281882 0.579985 0.00192256
5 0.525481 0.487045 0.279031 0.568544 0.00163365
1 0.59542 0.744817 0.194865 0.322157 0.00134738
1 0.558453 0.760175 0.247256 0.293068 0.00112111
1 0.485808 0.476117 0.11078 0.273737 0.00112053
1 0.459775 0.612258 0.160355 0.329174 0.00111754
