1 0.304307 0.75065 0.223222 0.209285 0.595918
1 0.295149 0.761824 0.177243 0.164138 0.183365
1 0.273399 0.771946 0.163462 0.158231 0.100813
1 0.253998 0.752689 0.140443 0.187356 0.0805722
1 0.277404 0.74562 0.133892 0.170873 0.0345544
1 0.299951 0.735897 0.158229 0.178008 0.0285448
1 0.270523 0.743969 0.18835 0.224385 0.0237343
1 0.230277 0.745969 0.142459 0.227483 0.0183303
1 0.255573 0.767451 0.176817 0.191637 0.012442
1 0.204813 0.737383 0.173839 0.225099 0.00804491
1 0.261839 0.728015 0.100492 0.18213 0.00541349
5 0.227721 0.711237 0.106174 0.16221 0.00413784
1 0.238797 0.729385 0.116919 0.187457 0.00318945
5 0.254856 0.710702 0.105171 0.162977 0.00302851
1 0.276103 0.717341 0.122213 0.167436 0.00283891
1 0.207119 0.711865 0.139958 0.164383 0.00281798
1 0.235898 0.77537 0.13517 0.167729 0.00199409
1 0.488913 0.877802 0.265299 0.112715 0.00176134
5 0.277405 0.71055 0.128633 0.163535 0.0016734
1 0.317739 0.720838 0.167754 0.157854 0.00131915
