5 0.646952 0.648493 0.422158 0.360416 0.535403
1 0.476763 0.67064 0.301121 0.298356 0.124606
1 0.58746 0.506261 0.164092 0.276765 0.0883695
1 0.561508 0.662766 0.483188 0.316827 0.0498981
1 0.622891 0.512354 0.239674 0.28717 0.0226391
5 0.545004 0.666442 0.3723 0.26014 0.00427674
5 0.701504 0.545411 0.187693 0.134448 0.00401874
5 0.582912 0.680492 0.194369 0.212666 0.00376109
5 0.689174 0.557871 0.242746 0.171958 0.00341756
1 0.354617 0.500323 0.209446 0.269914 0.00190104
5 0.492391 0.684786 0.318289 0.237871 0.00175576
5 0.688678 0.591488 0.273394 0.232196 0.00175487
5 0.615007 0.666249 0.400044 0.252963 0.00162134
5 0.734541 0.547016 0.130713 0.11746 0.00154588
5 0.565181 0.669597 0.28363 0.232434 0.00132065
5 0.389895 0.67678 0.0870913 0.253997 0.00126075
5 0.731856 0.544282 0.107992 0.098208 0.00101401
