1 0.568597 0.665752 0.270685 0.251255 0.671289
1 0.558675 0.66563 0.227982 0.202672 0.3193
5 0.568662 0.698607 0.310506 0.194328 0.183275
1 0.563409 0.701436 0.309218 0.192011 0.0509331
5 0.564688 0.694462 0.279924 0.141762 0.0311517
1 0.602501 0.679344 0.375076 0.170578 0.0285615
5 0.627816 0.676469 0.338474 0.140464 0.0252992
1 0.559256 0.686168 0.283368 0.140932 0.00818027
5 0.552259 0.676186 0.203238 0.205273 0.00574174
5 0.290083 0.590085 0.180035 0.235883 0.00316052
1 0.594412 0.654918 0.262158 0.187934 0.0029569
1 0.639901 0.657189 0.2866 0.178442 0.00154694
1 0.497681 0.691208 0.369213 0.107847 0.00151591
1 0.510164 0.713063 0.392882 0.210984 0.00104083
