10 0.724334 0.367279 0.0537619 0.38753 0.0926339
4 0.614032 0.795214 0.0412746 0.133987 0.0246655
10 0.721164 0.303143 0.0465803 0.250888 0.0164689
4 0.623623 0.798454 0.0486721 0.142057 0.00853506
10 0.606452 0.793472 0.0406786 0.125245 0.00809335
11 0.611829 0.791509 0.0390299 0.116599 0.00644765
10 0.65274 0.795267 0.0456954 0.166454 0.00601154
11 0.609216 0.800283 0.0585419 0.135991 0.00480154
4 0.652091 0.796716 0.047637 0.149003 0.00413451
4 0.614119 0.799592 0.0583079 0.137506 0.00400781
10 0.595165 0.788368 0.0273483 0.130926 0.00386438
11 0.611659 0.819951 0.0708702 0.109643 0.00189328
11 0.597892 0.789816 0.0362705 0.136254 0.00175699
11 0.588871 0.623652 0.030715 0.12538 0.00146937
4 0.364204 0.541869 0.0604868 0.281085 0.00143816
11 0.594369 0.621121 0.0366974 0.129146 0.0014366
4 0.628706 0.798727 0.0722605 0.146936 0.0013522
11 0.593295 0.672655 0.0364843 0.161883 0.00135143
11 0.591832 0.639538 0.0336551 0.108241 0.00124941
11 0.609686 0.614055 0.0513828 0.0862879 0.00123251
