5 0.26277 0.748992 0.128736 0.148923 0.584624
5 0.257615 0.730649 0.123419 0.111568 0.100575
5 0.342144 0.716685 0.13289 0.100319 0.0254168
4 0.910095 0.372694 0.0774947 0.0774489 0.0170705
5 0.280286 0.761175 0.138372 0.131426 0.0157153
5 0.308073 0.749434 0.126685 0.155761 0.0116964
5 0.321051 0.771899 0.12159 0.120619 0.00868868
5 0.274765 0.774997 0.119803 0.109369 0.00796598
5 0.33281 0.725512 0.107056 0.105155 0.00434876
5 0.284192 0.741312 0.157271 0.162883 0.00183272
5 0.330654 0.787793 0.110563 0.105109 0.00182457
5 0.3194 0.719904 0.176029 0.110406 0.00174171
5 0.334699 0.805176 0.121123 0.108902 0.00169725
5 0.355478 0.84407 0.125748 0.104303 0.00156037
5 0.346273 0.828367 0.129875 0.0967598 0.00149726
1 0.288299 0.734078 0.184953 0.135404 0.00149371
5 0.247958 0.722678 0.106931 0.0913778 0.00138572
11 0.904889 0.386432 0.0820954 0.0754978 0.00120203
4 0.903837 0.386065 0.0821259 0.0886188 0.00107589
11 0.902842 0.372251 0.0801837 0.0719768 0.00101227
