5 0.782139 0.770391 0.249988 0.175572 0.815072
5 0.846595 0.788318 0.110377 0.143478 0.289439
1 0.836811 0.796801 0.110165 0.12716 0.00612584
1 0.805549 0.822485 0.147672 0.0860697 0.00347049
11 0.166533 0.671377 0.0865815 0.0817167 0.00251655
1 0.798624 0.772742 0.213533 0.167582 0.00246538
1 0.81968 0.80952 0.129013 0.102933 0.00244305
1 0.789792 0.835874 0.146863 0.0822113 0.00190919
5 0.853959 0.767152 0.0981363 0.0992206 0.00179215
5 0.845411 0.795809 0.0836528 0.128801 0.00145489
1 0.850982 0.789838 0.107614 0.142175 0.00145203
1 0.836869 0.814934 0.0915533 0.0939232 0.00129066
