1 0.331163 0.714479 0.282224 0.160573 0.418856
1 0.540374 0.686672 0.251894 0.177678 0.233346
1 0.504402 0.712861 0.309197 0.132532 0.0495745
1 0.504744 0.732079 0.297968 0.108073 0.00998155
5 0.520865 0.722154 0.261672 0.106326 0.0035887
1 0.541592 0.759307 0.273318 0.13366 0.00256528
5 0.542571 0.736839 0.245478 0.109531 0.00195522
1 0.528755 0.718852 0.252367 0.109964 0.00190565
5 0.555133 0.761275 0.257003 0.139274 0.00175213
1 0.551737 0.743354 0.275076 0.212535 0.00163789
1 0.456604 0.719109 0.305149 0.0978002 0.00100513
