10 0.0496777 0.637822 0.0993554 0.214017 0.463871
10 0.0477043 0.675195 0.0950527 0.130804 0.171788
10 0.0299478 0.633308 0.0596832 0.19804 0.0288753
10 0.0565976 0.603365 0.113195 0.288921 0.0269947
10 0.0165849 0.626843 0.0331125 0.203869 0.0112228
10 0.0132705 0.615883 0.0260426 0.173643 0.00631018
10 0.0486362 0.710842 0.0972725 0.122493 0.00537769
6 0.0136095 0.593514 0.0268586 0.159928 0.00381339
6 0.0119506 0.583696 0.0233687 0.121451 0.00369494
10 0.0369581 0.728598 0.0738321 0.0865211 0.0023074
6 0.0137647 0.564143 0.0274129 0.158517 0.00193907
