10 0.510482 0.5167 0.71038 0.326476 0.89827
6 0.167967 0.742595 0.300754 0.269552 0.828018
5 0.309543 0.874358 0.382637 0.178721 0.566511
1 0.764255 0.714393 0.364578 0.214367 0.523199
10 0.687239 0.676772 0.523534 0.248383 0.501388
10 0.467001 0.906593 0.512489 0.0943199 0.0926279
5 0.29787 0.87895 0.341611 0.131191 0.0661776
5 0.34186 0.834023 0.310747 0.0861032 0.0452329
5 0.476005 0.855586 0.490344 0.0810241 0.0242469
5 0.393212 0.925222 0.310608 0.0826753 0.0239943
10 0.640807 0.796452 0.495709 0.196565 0.0174824
10 0.456164 0.859589 0.529987 0.0931886 0.0171488
5 0.358892 0.847066 0.275961 0.109175 0.0123317
5 0.394656 0.919142 0.51772 0.0950794 0.010948
5 0.470331 0.872223 0.50214 0.0901639 0.0100726
5 0.539721 0.846772 0.323873 0.0661922 0.00982973
5 0.545135 0.835239 0.314357 0.0740198 0.00942155
5 0.335507 0.925448 0.438796 0.0837553 0.00784065
10 0.57267 0.815533 0.424509 0.160316 0.00765462
10 0.439318 0.853055 0.55913 0.129912 0.00558907
10 0.444573 0.892153 0.557528 0.126612 0.00518123
5 0.313735 0.849062 0.354511 0.126369 0.00518
10 0.660094 0.735238 0.51408 0.267367 0.0049998
5 0.551231 0.819333 0.311393 0.0817015 0.00307235
5 0.354787 0.864396 0.306561 0.153981 0.00300267
5 0.380984 0.903094 0.33214 0.120889 0.0028827
10 0.468308 0.924608 0.523572 0.119923 0.00264176
10 0.387133 0.885078 0.643742 0.185409 0.00259797
10 0.489532 0.880725 0.463334 0.0936132 0.00247528
5 0.546925 0.893314 0.323747 0.0712502 0.00188499
10 0.275958 0.855843 0.442028 0.190284 0.00182936
5 0.555122 0.802832 0.311192 0.0727479 0.00167703
5 0.293378 0.87992 0.284334 0.16181 0.00160808
4 0.426922 0.84893 0.617443 0.155811 0.00124682
10 0.456128 0.831238 0.520912 0.179213 0.00115735
