1 0.375012 0.493729 0.373972 0.388991 0.540675
1 0.327293 0.474305 0.296161 0.345908 0.0703452
5 0.474639 0.363851 0.375234 0.149557 0.0155181
1 0.395101 0.411041 0.438066 0.283023 0.0136888
1 0.633278 0.377755 0.200912 0.32797 0.0104826
1 0.484622 0.338347 0.439947 0.293556 0.00818373
5 0.595091 0.410782 0.15315 0.27179 0.00562858
5 0.659714 0.330336 0.123845 0.226225 0.00529299
1 0.330262 0.411168 0.302794 0.255516 0.00438649
1 0.472524 0.39735 0.504338 0.295922 0.00391011
1 0.358048 0.385282 0.352234 0.262207 0.0036455
1 0.452648 0.232884 0.318581 0.241137 0.00305445
1 0.408801 0.484572 0.471163 0.331324 0.0029308
5 0.68978 0.418891 0.123501 0.282808 0.00270765
1 0.663391 0.387021 0.16092 0.335205 0.00259192
5 0.281484 0.388442 0.174548 0.148879 0.00257815
5 0.652062 0.361068 0.128738 0.290597 0.00233924
5 0.670623 0.313261 0.0939189 0.187065 0.00229699
5 0.278127 0.413499 0.136751 0.212976 0.00222765
1 0.355213 0.442409 0.358553 0.302508 0.00174692
1 0.39415 0.370156 0.35723 0.21105 0.00137056
1 0.543464 0.438061 0.234554 0.191747 0.00116847
