5 0.317225 0.765423 0.123911 0.19491 0.115481
5 0.31706 0.753282 0.0967055 0.16766 0.050497
5 0.696983 0.813303 0.274225 0.13418 0.0378187
5 0.707951 0.779569 0.283704 0.0689834 0.037125
5 0.699401 0.791094 0.304177 0.0834731 0.0223722
5 0.317038 0.732906 0.0768613 0.122913 0.022235
5 0.663616 0.815783 0.329674 0.154186 0.0201498
1 0.713934 0.771542 0.271141 0.0786167 0.0150069
1 0.692982 0.781315 0.307568 0.0743803 0.0101231
1 0.657133 0.788087 0.344428 0.0975615 0.00525967
1 0.320134 0.766454 0.135654 0.19986 0.00424702
5 0.7177 0.769335 0.2545 0.0776913 0.00327041
5 0.617783 0.80533 0.391185 0.183992 0.00271749
5 0.316046 0.721076 0.0655747 0.0982407 0.00229165
5 0.695395 0.860091 0.169652 0.103734 0.00165196
5 0.332279 0.721892 0.0804761 0.104348 0.00155626
5 0.687723 0.84297 0.202839 0.10898 0.00114861
