5 0.440292 0.362361 0.486691 0.171776 0.723323
5 0.410987 0.461169 0.482041 0.440544 0.373853
10 0.408931 0.470521 0.466903 0.405534 0.318599
10 0.326263 0.225806 0.353073 0.181338 0.150772
10 0.466959 0.457391 0.433249 0.229736 0.150656
5 0.387853 0.219354 0.392279 0.253197 0.111191
6 0.379936 0.379525 0.361067 0.331124 0.0503135
6 0.399182 0.291318 0.340997 0.329389 0.0367773
5 0.388829 0.269632 0.394889 0.360542 0.0366328
10 0.365241 0.206818 0.423195 0.257102 0.0247212
6 0.332559 0.264188 0.345535 0.371685 0.0102038
6 0.461987 0.419711 0.340118 0.351686 0.00841611
6 0.324182 0.221758 0.308396 0.224562 0.00724511
10 0.334284 0.257213 0.367903 0.165618 0.0070991
6 0.355531 0.352434 0.363311 0.245165 0.00652471
10 0.517466 0.442484 0.332143 0.253455 0.00601848
10 0.407273 0.377847 0.493147 0.308046 0.00523651
10 0.38295 0.276611 0.420574 0.362177 0.00432959
10 0.460736 0.479272 0.350983 0.377569 0.00383859
10 0.345398 0.386488 0.369453 0.371852 0.00248958
6 0.391926 0.343094 0.46242 0.199477 0.00208255
10 0.400354 0.330014 0.462812 0.233958 0.0016013
6 0.356582 0.2931 0.362999 0.27439 0.00121779
6 0.416011 0.365625 0.354319 0.406043 0.00120711
10 0.430725 0.458696 0.472616 0.300523 0.00111744
10 0.499868 0.403048 0.36698 0.190228 0.00100791
