10 0.44945 0.221462 0.314819 0.197456 0.740115
5 0.47863 0.693329 0.619691 0.613342 0.739632
6 0.243023 0.549658 0.341142 0.3157 0.73049
5 0.223295 0.358768 0.205974 0.482914 0.728658
10 0.33163 0.397904 0.173253 0.560126 0.534432
10 0.235751 0.642212 0.254887 0.236698 0.469787
10 0.261798 0.431564 0.245824 0.633139 0.395266
5 0.335943 0.433037 0.165472 0.588229 0.28087
10 0.307586 0.431252 0.231445 0.64101 0.275631
4 0.289351 0.273103 0.252117 0.452518 0.252492
10 0.256738 0.537051 0.251359 0.440521 0.133485
10 0.359155 0.512912 0.251664 0.498274 0.0775289
10 0.413122 0.510305 0.333735 0.509174 0.0540621
10 0.219873 0.422468 0.245795 0.607393 0.0523424
10 0.19813 0.324758 0.249784 0.405902 0.047543
6 0.322343 0.55812 0.220668 0.337045 0.0444864
10 0.297586 0.561442 0.250034 0.375102 0.0161802
4 0.325648 0.246344 0.301346 0.422528 0.0120494
4 0.376319 0.25972 0.334533 0.326255 0.00972207
6 0.282298 0.370355 0.256094 0.389731 0.00695174
5 0.33143 0.50788 0.185694 0.457893 0.00626861
6 0.232784 0.643711 0.268781 0.231438 0.00587876
10 0.309298 0.312658 0.218607 0.455166 0.00569201
10 0.324013 0.519443 0.202414 0.435793 0.00567269
10 0.225152 0.571277 0.298256 0.390299 0.00542197
4 0.241816 0.320355 0.222565 0.413034 0.00388352
10 0.465364 0.575314 0.445004 0.498414 0.00384419
6 0.316434 0.568284 0.340969 0.298421 0.00357096
10 0.294987 0.285172 0.16629 0.332541 0.00338679
10 0.355298 0.338753 0.300197 0.360773 0.00313097
6 0.271334 0.434849 0.241939 0.374927 0.00271089
6 0.2457 0.511247 0.291325 0.303456 0.00258113
10 0.490276 0.657092 0.488367 0.557282 0.0021288
10 0.267013 0.594348 0.258917 0.340252 0.00192454
6 0.194809 0.63237 0.280047 0.241587 0.00174324
10 0.365044 0.383138 0.271798 0.552173 0.00161242
6 0.305656 0.471254 0.304873 0.327775 0.00149761
10 0.263293 0.425341 0.275517 0.473716 0.00145548
4 0.406162 0.212454 0.398841 0.339872 0.00131712
6 0.341659 0.522607 0.155792 0.421503 0.00127409
5 0.270279 0.45628 0.240591 0.359459 0.00126576
