1 0.308387 0.768806 0.175351 0.130689 0.310504
1 0.413349 0.803111 0.276516 0.203933 0.185307
1 0.330751 0.762052 0.180212 0.149361 0.150759
1 0.426099 0.764388 0.179155 0.162233 0.0881977
1 0.406746 0.825205 0.276502 0.136963 0.0786851
5 0.447819 0.785453 0.156284 0.197626 0.071279
1 0.373138 0.759373 0.212348 0.159281 0.0633193
1 0.332283 0.748302 0.1361 0.155426 0.0531984
5 0.443515 0.76159 0.135927 0.151924 0.0410431
1 0.552628 0.770811 0.199882 0.187135 0.0203612
5 0.77286 0.83573 0.0961871 0.17613 0.00978016
1 0.446617 0.820526 0.203037 0.179949 0.00939476
1 0.38496 0.790671 0.21871 0.18271 0.0080641
1 0.348129 0.77882 0.180017 0.159736 0.00718342
1 0.452406 0.782498 0.189856 0.204438 0.00687624
1 0.362389 0.80803 0.187009 0.143502 0.00622527
5 0.461865 0.810613 0.163431 0.194587 0.00599687
5 0.462129 0.750411 0.10035 0.133163 0.00523295
5 0.56774 0.778003 0.173602 0.190166 0.00215932
1 0.499361 0.774335 0.217804 0.186609 0.00174786
2 0.469396 0.15069 0.938792 0.294724 0.00170622
1 0.574397 0.750128 0.146279 0.151007 0.00161627
5 0.789179 0.831734 0.0697278 0.166371 0.00161372
1 0.269633 0.769451 0.144245 0.127622 0.00152043
5 0.335503 0.725082 0.129573 0.113284 0.00134629
5 0.497986 0.814193 0.106928 0.167624 0.00106153
