5 0.725155 0.484545 0.246607 0.391343 0.824721
1 0.789678 0.674945 0.3413 0.279317 0.689855
10 0.456214 0.620598 0.470195 0.398222 0.594673
10 0.744808 0.475166 0.225166 0.380228 0.436764
5 0.792813 0.667995 0.348836 0.291299 0.263808
5 0.763337 0.487768 0.151573 0.372931 0.0110831
10 0.778707 0.636171 0.3354 0.272488 0.0101584
10 0.762372 0.474854 0.151189 0.370802 0.00801935
10 0.748157 0.590566 0.272558 0.176283 0.00713378
10 0.766577 0.534449 0.270442 0.488131 0.00599038
5 0.811996 0.620205 0.260785 0.272148 0.00572564
6 0.846585 0.629268 0.25536 0.279787 0.00532868
1 0.768329 0.75138 0.247808 0.156364 0.00522662
10 0.504727 0.570869 0.512924 0.387113 0.00483859
10 0.615158 0.760907 0.478191 0.177908 0.00459932
10 0.739421 0.530824 0.332564 0.340024 0.0038009
5 0.778594 0.548561 0.340521 0.461439 0.00335766
10 0.743241 0.442725 0.179172 0.312939 0.002666
1 0.855597 0.652686 0.228769 0.272911 0.00213904
10 0.708483 0.522162 0.291834 0.489305 0.00173786
6 0.877032 0.661816 0.202671 0.256778 0.00162439
6 0.779003 0.671834 0.301358 0.270822 0.00154438
10 0.749761 0.552568 0.272025 0.222844 0.00143569
1 0.750292 0.730358 0.278139 0.186183 0.00140894
10 0.580628 0.78859 0.443255 0.128389 0.00134965
