1 0.301095 0.539171 0.190616 0.25501 0.376108
5 0.302843 0.537044 0.192071 0.251989 0.130242
1 0.396769 0.511807 0.0745638 0.208596 0.0722159
1 0.346993 0.602096 0.133775 0.149193 0.046022
1 0.303556 0.576724 0.137044 0.148864 0.0111081
1 0.339855 0.549219 0.135334 0.171535 0.00773965
1 0.310996 0.535054 0.175184 0.194228 0.00513151
1 0.307631 0.594479 0.118523 0.134974 0.00510634
1 0.346924 0.592308 0.0986662 0.152158 0.00466745
1 0.321341 0.604284 0.0984057 0.13205 0.00321481
1 0.31872 0.56049 0.160718 0.173038 0.00303316
1 0.292662 0.559528 0.135025 0.174454 0.00279464
1 0.324053 0.613702 0.0732016 0.108957 0.00267161
5 0.340405 0.595758 0.108365 0.137779 0.00261898
1 0.353016 0.57223 0.131364 0.202779 0.00245411
5 0.319556 0.615215 0.0723266 0.109888 0.00217174
5 0.320476 0.629836 0.0634613 0.077373 0.00211672
5 0.33128 0.562837 0.131254 0.171404 0.0020048
1 0.353284 0.551387 0.0940617 0.158693 0.00142062
1 0.356107 0.572859 0.0792818 0.169984 0.00127171
