5 0.775337 0.497792 0.139697 0.437126 0.734377
1 0.722314 0.291303 0.374969 0.226345 0.618569
5 0.724689 0.324128 0.382995 0.296385 0.33007
5 0.71758 0.384678 0.354651 0.428271 0.0221213
5 0.755182 0.300178 0.242551 0.27272 0.0208598
10 0.709815 0.387535 0.333394 0.415851 0.0203853
6 0.790592 0.317407 0.222246 0.28902 0.0182589
10 0.418512 0.481862 0.551051 0.100154 0.00771718
10 0.523879 0.483776 0.58319 0.118842 0.00493724
6 0.741231 0.318901 0.326304 0.291116 0.00398426
10 0.740271 0.484959 0.38172 0.113795 0.00370302
5 0.738696 0.28971 0.319238 0.240506 0.00330814
10 0.700994 0.473974 0.303536 0.108069 0.00310951
5 0.746413 0.350385 0.303577 0.318223 0.00292457
1 0.740923 0.314229 0.32603 0.292621 0.0029031
6 0.824481 0.312613 0.157629 0.278956 0.00268796
10 0.658086 0.351961 0.421002 0.338885 0.00255223
6 0.676055 0.404214 0.259393 0.208816 0.00213649
10 0.69712 0.397773 0.323315 0.307668 0.00167585
5 0.679982 0.486795 0.259973 0.0896689 0.00163031
6 0.766244 0.349329 0.265361 0.292317 0.00121477
5 0.690072 0.470693 0.275339 0.109324 0.00106068
