1 0.621554 0.571485 0.104642 0.131566 0.0107302
1 0.617825 0.54988 0.116813 0.202551 0.00451093
1 0.628407 0.590572 0.0926096 0.105587 0.00328197
1 0.613961 0.555815 0.0958455 0.142752 0.00296784
1 0.633577 0.603439 0.0847052 0.0888591 0.00237414
1 0.674034 0.596848 0.141632 0.0955039 0.00217857
5 0.691729 0.591236 0.107356 0.0578526 0.00152304
1 0.649422 0.598119 0.109354 0.0751841 0.00133867
1 0.632678 0.560589 0.137417 0.165222 0.00127845
1 0.654436 0.581066 0.131429 0.0918408 0.00120303
1 0.633254 0.573677 0.119183 0.107034 0.00104546
