6 0.218854 0.387196 0.302831 0.251075 0.695967
1 0.161101 0.419523 0.253296 0.27574 0.253887
5 0.25741 0.467068 0.266621 0.259862 0.156812
5 0.311661 0.593148 0.153215 0.460422 0.0239563
10 0.311273 0.391245 0.539759 0.380237 0.0207799
1 0.650837 0.452283 0.323147 0.294819 0.0194087
10 0.557622 0.705012 0.402195 0.388037 0.0109721
5 0.345499 0.474286 0.0782111 0.25072 0.00623872
5 0.324353 0.442376 0.118169 0.30765 0.00452481
10 0.235532 0.40105 0.318136 0.39084 0.00326272
5 0.286291 0.565927 0.206109 0.400428 0.00307121
5 0.311117 0.413822 0.162248 0.379196 0.00292755
5 0.144931 0.525733 0.180402 0.300505 0.00202557
5 0.145194 0.477933 0.174705 0.204725 0.00197595
6 0.19505 0.345765 0.29951 0.187841 0.00161686
5 0.360313 0.475319 0.0766658 0.262552 0.00124906
10 0.587867 0.58327 0.28813 0.504305 0.00109325
5 0.172587 0.530092 0.232516 0.33458 0.00100396
