5 0.381513 0.598996 0.113792 0.100487 0.182733
5 0.371465 0.604253 0.0859128 0.077952 0.0551676
5 0.39276 0.430971 0.0327388 0.211089 0.0374747
1 0.145069 0.359393 0.0532589 0.169842 0.0342962
1 0.153665 0.358945 0.0395364 0.169344 0.0265075
5 0.167928 0.517439 0.041742 0.148189 0.0237008
5 0.22184 0.368096 0.0316936 0.184756 0.0200173
10 0.0305309 0.39943 0.0607794 0.0356354 0.0182816
1 0.384313 0.60104 0.111415 0.103946 0.0170852
1 0.144826 0.384444 0.0546372 0.124977 0.0164646
1 0.824747 0.296378 0.0699319 0.0456094 0.01542
5 0.0189412 0.301049 0.0378824 0.0436803 0.0152251
5 0.213154 0.368197 0.0349713 0.182106 0.0134498
10 0.0337688 0.393719 0.0675377 0.0503396 0.0111893
5 0.369076 0.609795 0.0763289 0.0588664 0.0103716
5 0.225709 0.360022 0.0229302 0.172448 0.0102008
5 0.168356 0.496547 0.0361101 0.123372 0.00979329
5 0.313277 0.432898 0.0300252 0.213785 0.00898636
5 0.39713 0.615764 0.0885175 0.0843942 0.00758
1 0.159283 0.358524 0.0246954 0.169324 0.00604619
1 0.380409 0.564927 0.0715644 0.149033 0.00602961
1 0.141635 0.347784 0.0406705 0.186867 0.00535104
5 0.020437 0.309835 0.0408739 0.0557139 0.00524809
5 0.423987 0.616633 0.0355023 0.10695 0.00523991
5 0.166081 0.350969 0.0174873 0.134112 0.00512521
1 0.389857 0.437065 0.0346071 0.233916 0.00471198
5 0.415721 0.616404 0.0516401 0.0999496 0.00460437
5 0.172592 0.544435 0.0314628 0.134766 0.00457122
5 0.825128 0.295417 0.0686267 0.0498502 0.00393404
1 0.151998 0.507928 0.0454263 0.117672 0.00392017
5 0.40661 0.607542 0.0708538 0.114156 0.00383846
1 0.166258 0.360933 0.0170962 0.160631 0.00357414
1 0.3876 0.582768 0.0949281 0.0978096 0.0032869
1 0.135933 0.389696 0.063762 0.103148 0.00328035
1 0.145371 0.404372 0.0504324 0.103211 0.00322783
5 0.162027 0.487034 0.040237 0.139575 0.00321519
5 0.151595 0.509854 0.0525652 0.122742 0.00302024
5 0.0163359 0.288832 0.0326719 0.0509719 0.00299621
1 0.124214 0.50681 0.0606384 0.124376 0.00287272
1 0.819195 0.307822 0.0800041 0.0667261 0.00280829
5 0.3955 0.587082 0.0915731 0.0980805 0.00276502
1 0.370255 0.573383 0.09929 0.126138 0.00266687
5 0.16461 0.793617 0.0828022 0.0492401 0.0025686
5 0.339874 0.589878 0.118336 0.0865945 0.00256829
1 0.162475 0.50853 0.0596874 0.156604 0.00233929
5 0.428454 0.626652 0.0323949 0.096697 0.0019928
5 0.206045 0.364979 0.0338423 0.174673 0.00197423
5 0.181179 0.55131 0.0271836 0.119574 0.00194588
1 0.15272 0.403807 0.0393632 0.112546 0.00192431
5 0.310564 0.585189 0.0752157 0.0907793 0.0017706
5 0.140279 0.333123 0.0329969 0.16525 0.00175885
1 0.367216 0.584176 0.13274 0.127693 0.00172429
4 0.810933 0.398336 0.0495832 0.0490932 0.00171511
1 0.138305 0.372231 0.0558767 0.129334 0.00170978
5 0.158568 0.351826 0.0205852 0.150005 0.00164729
5 0.356257 0.607923 0.0871474 0.0614157 0.00163733
1 0.207427 0.370832 0.0378195 0.18302 0.00149867
1 0.384051 0.534932 0.0448173 0.144666 0.00148074
5 0.163255 0.809749 0.077144 0.0445488 0.00142166
5 0.126313 0.507619 0.0614264 0.122771 0.00136376
5 0.417805 0.63839 0.0438322 0.07459 0.00133593
5 0.210903 0.34187 0.029108 0.144326 0.00129961
1 0.371337 0.552841 0.102104 0.210453 0.00127524
5 0.178971 0.538102 0.0331425 0.144003 0.00121337
1 0.140778 0.486608 0.0773991 0.171385 0.00116977
1 0.148639 0.476922 0.0386382 0.140199 0.00114203
5 0.30684 0.547565 0.0411971 0.160972 0.0011417
5 0.756682 0.388862 0.0511718 0.0425058 0.00111377
10 0.0268258 0.369764 0.0536516 0.0840336 0.00111227
5 0.174377 0.790325 0.0722531 0.0448832 0.00104379
5 0.153805 0.792427 0.09071 0.0586267 0.00104365
4 0.863204 0.452456 0.0688759 0.0797467 0.00101554
