7 0.483249 0.408745 0.102808 0.0356553 0.425175
7 0.503439 0.40395 0.0685098 0.0469066 0.0925979
7 0.625765 0.578919 0.127176 0.0439114 0.0716013
7 0.609104 0.581547 0.114007 0.0487606 0.0653391
7 0.645357 0.575499 0.123321 0.0397271 0.0490622
7 0.669164 0.572778 0.105886 0.0416681 0.0337226
7 0.507799 0.391461 0.0629022 0.0766534 0.00990679
7 0.68528 0.571647 0.0821202 0.0435972 0.00495006
11 0.652806 0.790899 0.170131 0.0900213 0.00229934
7 0.499341 0.3872 0.073068 0.067278 0.00193455
7 0.619774 0.585665 0.11801 0.0602565 0.00156689
11 0.636429 0.796342 0.144033 0.0746199 0.00130615
11 0.695515 0.593077 0.109242 0.126514 0.00128575
7 0.476992 0.393212 0.091727 0.0672616 0.00128015
7 0.475894 0.385287 0.079273 0.0642887 0.00117625
11 0.669714 0.597013 0.139703 0.121075 0.00111407
