7 0.448375 0.687736 0.0561042 0.0532958 0.145622
7 0.813682 0.375381 0.0601991 0.0823172 0.138025
7 0.445972 0.697051 0.0580177 0.0359966 0.109963
7 0.552178 0.718059 0.0571022 0.0484458 0.0659403
7 0.813397 0.679271 0.0663088 0.0583375 0.0496448
7 0.686558 0.424418 0.0666668 0.0546785 0.0432956
7 0.353766 0.556263 0.025233 0.053893 0.0385584
7 0.560889 0.719005 0.0390247 0.0566249 0.033053
7 0.392345 0.552607 0.030439 0.0400343 0.0325963
7 0.541936 0.719615 0.043912 0.0429628 0.0269544
7 0.407655 0.58708 0.0357235 0.0411474 0.0255727
7 0.398091 0.551937 0.0388032 0.0429287 0.0215166
7 0.385913 0.556144 0.0245645 0.0447475 0.0192598
7 0.410243 0.545845 0.0399973 0.043654 0.0187042
7 0.415069 0.540363 0.0312782 0.0456252 0.0173577
7 0.405431 0.574272 0.0375006 0.0615935 0.0134712
7 0.397787 0.561502 0.0332257 0.0537754 0.0122645
11 0.858935 0.410765 0.156052 0.159494 0.0102822
7 0.58466 0.494564 0.0551344 0.0497882 0.00728428
7 0.362269 0.557234 0.0249436 0.0517306 0.00624323
11 0.862556 0.482812 0.147037 0.197643 0.00558261
7 0.408764 0.586612 0.0415391 0.0515235 0.00470574
7 0.456562 0.683999 0.047401 0.0600478 0.00454691
7 0.408928 0.571117 0.0400211 0.0789242 0.00395046
7 0.539715 0.70344 0.041766 0.0412612 0.00298815
7 0.566708 0.720775 0.0350446 0.059473 0.00247959
7 0.80336 0.373719 0.0410631 0.0775068 0.00226548
11 0.859663 0.407162 0.136347 0.124182 0.00124469
7 0.411947 0.539829 0.0403481 0.0589097 0.0010522
7 0.531877 0.721206 0.0400434 0.0458968 0.00101522
