3 0.785259 0.427602 0.139596 0.0899634 0.573226
11 0.341014 0.743914 0.0968761 0.0348761 0.00733037
11 0.323922 0.746058 0.116044 0.0335986 0.00404603
11 0.306919 0.458575 0.0456696 0.0692787 0.00307105
11 0.384353 0.697179 0.080858 0.0779633 0.00220112
11 0.0993168 0.653794 0.0391035 0.0744696 0.00216611
11 0.237875 0.712975 0.0616978 0.0613499 0.00216602
11 0.224743 0.716615 0.0382776 0.0683925 0.00180226
11 0.362976 0.732472 0.0828413 0.0553534 0.00156937
11 0.31261 0.62979 0.0921948 0.024832 0.00145379
11 0.357668 0.742366 0.0837509 0.0387798 0.00119988
11 0.256789 0.713149 0.0895882 0.0648746 0.00113968
11 0.10272 0.664965 0.0342464 0.0851251 0.0011198
11 0.378832 0.710168 0.0808925 0.0739755 0.00111941
11 0.310076 0.455677 0.0619815 0.0752146 0.00101813
