4 0.130722 0.363247 0.0452818 0.16304 0.126985
4 0.133981 0.372373 0.0671357 0.179896 0.0416945
4 0.128999 0.360845 0.032456 0.149665 0.0414069
4 0.152432 0.372411 0.098496 0.218773 0.0049685
4 0.147952 0.367409 0.0662959 0.183958 0.00368601
4 0.322389 0.417543 0.3428 0.164599 0.00289747
7 0.128317 0.357655 0.0270715 0.142822 0.00247641
4 0.132243 0.373615 0.0826468 0.211926 0.00212236
4 0.319931 0.396484 0.304284 0.16649 0.0015345
4 0.285064 0.398719 0.154117 0.11851 0.0011742
4 0.119732 0.361834 0.0482745 0.152606 0.00115495
7 0.437244 0.539966 0.126412 0.0400484 0.00111212
