9 0.39513 0.628834 0.179738 0.371491 0.847942
9 0.41076 0.525681 0.145775 0.157722 0.185709
11 0.547695 0.297188 0.13494 0.205654 0.0273171
0 0.296002 0.646786 0.143097 0.367942 0.0251643
11 0.565116 0.338413 0.0882577 0.151277 0.0125418
11 0.558526 0.306985 0.102422 0.203787 0.00697384
11 0.563009 0.354169 0.114203 0.188867 0.00540297
0 0.299799 0.702178 0.148954 0.255063 0.0048946
2 0.654183 0.403477 0.379606 0.427809 0.00395715
9 0.311406 0.696401 0.172563 0.265743 0.00180013
0 0.273077 0.659478 0.110086 0.328194 0.00151194
11 0.257818 0.711233 0.0700628 0.0631698 0.0010318
