11 0.272565 0.479194 0.122185 0.0314406 0.17646
11 0.282166 0.483388 0.147102 0.0384241 0.087472
11 0.261413 0.476066 0.100278 0.0342264 0.0473143
11 0.304641 0.488546 0.154882 0.0416319 0.0179918
11 0.250256 0.547016 0.0593878 0.0755411 0.00697913
11 0.269445 0.541881 0.0714187 0.0682255 0.0043592
11 0.41545 0.508954 0.0581449 0.0679321 0.00333986
11 0.392743 0.522228 0.0872615 0.0590337 0.00320784
11 0.408311 0.51668 0.0654037 0.0589661 0.00312615
11 0.257717 0.470011 0.100724 0.0357471 0.00278731
11 0.262768 0.499335 0.0900114 0.0541794 0.00252845
11 0.277093 0.496071 0.104034 0.0478363 0.0024262
11 0.251035 0.475619 0.102019 0.0450842 0.00233111
11 0.324075 0.496111 0.139806 0.0507413 0.00230458
11 0.375069 0.523929 0.099661 0.0622554 0.0022936
11 0.342996 0.497065 0.124949 0.0452515 0.00201813
11 0.284005 0.53931 0.0715262 0.0672187 0.00193498
11 0.33395 0.502879 0.133063 0.0564104 0.00190888
11 0.254189 0.505582 0.0831092 0.0793016 0.00177636
11 0.255615 0.53946 0.0665661 0.067301 0.00154701
11 0.34262 0.487619 0.117014 0.03127 0.00148796
11 0.287469 0.528253 0.079888 0.0634494 0.00136566
11 0.35382 0.519731 0.129877 0.0714768 0.00136489
11 0.239227 0.547429 0.0722355 0.0772662 0.00131486
11 0.325579 0.519338 0.135351 0.0745501 0.0012167
11 0.399047 0.508232 0.0754335 0.0648433 0.00110671
