3 0.812869 0.672505 0.19879 0.184759 0.811883
11 0.499733 0.611301 0.104615 0.0375292 0.0140365
11 0.470729 0.577811 0.0446055 0.0632062 0.00648412
11 0.505691 0.602369 0.0718618 0.0512881 0.00549118
11 0.471673 0.563977 0.0531751 0.0783116 0.00539802
11 0.49464 0.59595 0.0608173 0.0657637 0.00491397
11 0.486381 0.582967 0.0450739 0.0669224 0.00405042
11 0.461694 0.580845 0.0439112 0.068438 0.00352027
11 0.464454 0.556601 0.0729042 0.0773155 0.00318185
3 0.17785 0.66788 0.170407 0.176363 0.00288588
11 0.477593 0.556017 0.0803178 0.0673695 0.00278404
11 0.481136 0.571759 0.0538025 0.070549 0.00242824
11 0.503884 0.587845 0.0477944 0.067977 0.00193268
11 0.472879 0.544923 0.0604594 0.0481492 0.00168603
11 0.494181 0.616669 0.103835 0.0408475 0.00118727
11 0.485599 0.606075 0.0788696 0.0528512 0.00113062
11 0.46247 0.545328 0.0699175 0.0602304 0.00100182
