3 0.10754 0.389769 0.0704987 0.131886 0.563045
3 0.18127 0.394154 0.0770951 0.0986755 0.516178
3 0.661574 0.765731 0.096299 0.0998967 0.0361174
3 0.650131 0.738839 0.0796515 0.0811084 0.00593761
3 0.184542 0.464804 0.0608484 0.052978 0.00504769
3 0.17652 0.613648 0.0640317 0.210852 0.00460435
11 0.794245 0.573327 0.0217808 0.0779865 0.00285125
11 0.833474 0.336345 0.0283022 0.0844829 0.0019253
11 0.483122 0.326945 0.0499499 0.0337881 0.00189536
11 0.830315 0.347665 0.0259486 0.100181 0.00177459
11 0.161195 0.473903 0.0334873 0.0517578 0.00161773
11 0.756582 0.392042 0.0330415 0.047929 0.00112356
11 0.777024 0.344043 0.0493671 0.0388082 0.00108038
11 0.474063 0.327508 0.0618313 0.0342043 0.00107114
11 0.777515 0.337868 0.046521 0.0404587 0.00102971
11 0.799233 0.574857 0.0257107 0.0748574 0.0010265
11 0.799073 0.564063 0.0301483 0.0731336 0.00101781
11 0.495198 0.398293 0.0223389 0.0432263 0.0010051
