9 0.522314 0.698001 0.320755 0.216066 0.880374
0 0.604141 0.803647 0.664825 0.105058 0.594575
0 0.482889 0.812887 0.574708 0.087759 0.135244
6 0.550436 0.776083 0.737126 0.169978 0.0423405
7 0.361911 0.844406 0.261663 0.0560286 0.0123295
0 0.494125 0.794171 0.545783 0.124201 0.00741206
7 0.523189 0.729569 0.18053 0.0921582 0.00705186
0 0.654797 0.778216 0.555196 0.161033 0.00593869
7 0.517477 0.736912 0.261798 0.111248 0.00587676
0 0.452851 0.773041 0.525442 0.198181 0.00538465
0 0.398492 0.809003 0.448699 0.093224 0.004645
0 0.573671 0.796874 0.730521 0.173981 0.00350409
6 0.526613 0.740356 0.329201 0.131517 0.00334145
7 0.395188 0.838564 0.343177 0.0649729 0.0029965
0 0.267814 0.807128 0.188192 0.083663 0.00295585
0 0.653737 0.788997 0.573473 0.291967 0.00283901
0 0.529235 0.756602 0.320231 0.226214 0.00262819
0 0.660675 0.818888 0.546552 0.165682 0.00253698
6 0.539238 0.780834 0.372141 0.148203 0.00236236
7 0.524796 0.759356 0.300045 0.197823 0.0022961
7 0.531511 0.782041 0.378796 0.144539 0.00222609
0 0.528469 0.758682 0.331373 0.161296 0.00189659
