10 0.394172 0.548155 0.323072 0.477292 0.776854
3 0.512707 0.81628 0.23493 0.168549 0.727406
8 0.577115 0.73488 0.30117 0.245073 0.615956
4 0.469625 0.534924 0.368855 0.235868 0.609307
10 0.468819 0.543176 0.36424 0.446279 0.153181
8 0.529331 0.613914 0.2507 0.406175 0.0107518
4 0.394813 0.562041 0.309865 0.175473 0.00964402
8 0.569586 0.633448 0.229928 0.4356 0.0040497
8 0.546504 0.616757 0.228784 0.266622 0.0029948
8 0.521242 0.588507 0.256909 0.24357 0.00214061
8 0.468141 0.581635 0.371143 0.34021 0.00192473
3 0.240027 0.700715 0.203343 0.176705 0.00138194
8 0.398096 0.605905 0.2736 0.259116 0.00123889
8 0.393018 0.643431 0.302788 0.261438 0.0010712
4 0.551757 0.587527 0.23282 0.354378 0.00100479
