4 0.220618 0.718193 0.143595 0.0821632 0.118797
4 0.23046 0.730577 0.124514 0.0724769 0.0128598
11 0.236121 0.697835 0.102879 0.0927208 0.0117171
11 0.245513 0.689127 0.0783558 0.0809641 0.00965226
11 0.216468 0.694093 0.12842 0.0917843 0.00902331
11 0.780292 0.66988 0.0642944 0.0757359 0.00734864
11 0.216602 0.679793 0.11754 0.0783909 0.00644472
11 0.23761 0.68036 0.0864843 0.0782741 0.00593408
11 0.214558 0.71944 0.141709 0.0812862 0.00439019
11 0.180591 0.722441 0.0873103 0.0822155 0.00412974
11 0.183511 0.683505 0.0992603 0.0809563 0.00339799
11 0.176603 0.693963 0.0848215 0.0743925 0.00338082
11 0.19043 0.663873 0.0997008 0.0772394 0.00265251
11 0.238114 0.666387 0.0774379 0.0786787 0.00263395
11 0.251083 0.666278 0.0590637 0.0847963 0.00236973
11 0.784358 0.680757 0.0701124 0.0957259 0.00230702
11 0.203854 0.664136 0.0893141 0.0711824 0.00221608
11 0.258389 0.679577 0.0687857 0.0896606 0.00177711
11 0.149731 0.698578 0.0511149 0.0738604 0.00167424
11 0.634777 0.518964 0.145594 0.0414228 0.00150431
11 0.709849 0.738589 0.0683256 0.0776758 0.00143875
11 0.204567 0.704795 0.126903 0.0935528 0.00140648
11 0.130717 0.699887 0.0317764 0.0690996 0.00125061
11 0.213153 0.655101 0.106977 0.0734453 0.00122135
11 0.199544 0.653815 0.0837423 0.0675245 0.00110927
11 0.183314 0.652923 0.0913895 0.0666486 0.00102237
