8 0.56206 0.515719 0.531048 0.22966 0.885677
3 0.578862 0.418147 0.426042 0.133423 0.805393
11 0.718463 0.491206 0.119125 0.0807506 0.203486
11 0.565596 0.492855 0.148584 0.0427282 0.122043
11 0.556675 0.487836 0.130909 0.0373548 0.0711376
11 0.566032 0.510958 0.139677 0.0709887 0.0278814
11 0.555748 0.496493 0.126698 0.0543275 0.0274565
11 0.743657 0.494116 0.173065 0.0796335 0.016232
11 0.553171 0.518107 0.105508 0.0601847 0.0144216
11 0.527528 0.517493 0.169885 0.0703546 0.0046051
11 0.701427 0.445342 0.153258 0.078478 0.0028174
11 0.710998 0.457323 0.132121 0.0959665 0.00161834
