11 0.187054 0.671542 0.149846 0.0308752 0.0924363
3 0.516389 0.475598 0.0743073 0.0610722 0.034097
11 0.360396 0.522696 0.119694 0.0316328 0.033283
11 0.356737 0.542787 0.108825 0.053164 0.0249412
11 0.359529 0.535441 0.120393 0.0590953 0.0158558
11 0.353355 0.529346 0.119438 0.0427791 0.0135068
11 0.337799 0.413972 0.133023 0.0214316 0.0123769
11 0.359624 0.41441 0.14736 0.0194955 0.0115006
11 0.360461 0.621985 0.0776836 0.0535604 0.0111262
10 0.191441 0.46074 0.0939942 0.0923907 0.0105348
11 0.371093 0.40955 0.129839 0.0174458 0.0099383
11 0.320133 0.412622 0.119566 0.0230974 0.00882574
11 0.355803 0.517713 0.13714 0.0386644 0.00856983
11 0.323157 0.408684 0.113914 0.0198124 0.00818494
11 0.312466 0.40587 0.11776 0.0243628 0.00662483
11 0.459553 0.550554 0.139554 0.0352717 0.0056003
11 0.488209 0.556342 0.165327 0.0412807 0.00549515
11 0.351159 0.611947 0.0952611 0.0726538 0.00547834
11 0.452553 0.544344 0.124181 0.0310642 0.00536971
11 0.380991 0.412872 0.119454 0.0180901 0.00515764
11 0.369107 0.46745 0.104574 0.018437 0.00479625
11 0.304248 0.402627 0.124014 0.0305522 0.00402796
11 0.510737 0.551354 0.154558 0.032785 0.00393274
11 0.37352 0.612934 0.110319 0.0620114 0.00373011
11 0.528477 0.549643 0.122718 0.027965 0.00351705
11 0.261006 0.491918 0.130766 0.0211843 0.00336758
11 0.386056 0.408491 0.106789 0.0172742 0.00328961
11 0.383269 0.524993 0.132755 0.0357836 0.00324034
11 0.344079 0.628233 0.0889218 0.0463891 0.00304024
11 0.344448 0.466805 0.128466 0.0227739 0.00301516
11 0.356161 0.422486 0.140694 0.0312548 0.00290582
11 0.27082 0.400655 0.110443 0.0375273 0.00287186
11 0.643627 0.441036 0.0711628 0.0425767 0.00278741
11 0.386362 0.512432 0.129463 0.0359531 0.00277569
11 0.485202 0.545943 0.16635 0.0287641 0.00273198
11 0.288192 0.405941 0.123262 0.0352179 0.00257739
11 0.724623 0.40992 0.0873424 0.0194767 0.00257574
11 0.650298 0.42597 0.0912515 0.0413889 0.00249597
11 0.643893 0.434042 0.0793229 0.0403524 0.00241183
11 0.337802 0.509882 0.14024 0.0421899 0.00220441
11 0.353451 0.593383 0.0902332 0.0492538 0.00215368
11 0.407835 0.552027 0.0903286 0.0323843 0.00214759
11 0.444058 0.452079 0.0885144 0.0441185 0.00211124
11 0.475307 0.537833 0.139781 0.025573 0.00201382
11 0.395868 0.538154 0.126257 0.0484016 0.00197048
11 0.530001 0.54453 0.112427 0.0223588 0.00197009
11 0.730006 0.424683 0.0833847 0.0358267 0.00194826
11 0.407568 0.466445 0.132619 0.030039 0.00193661
11 0.440446 0.46336 0.11332 0.0399586 0.00193199
11 0.619836 0.436693 0.0668866 0.0392681 0.00188682
11 0.377762 0.474926 0.110982 0.0255703 0.0018858
11 0.323837 0.637925 0.123831 0.0357951 0.00186396
11 0.679694 0.424408 0.0906361 0.0426332 0.00185733
11 0.390826 0.606727 0.131318 0.052141 0.00184706
11 0.722008 0.421401 0.0846362 0.036975 0.00173314
11 0.387806 0.47759 0.11973 0.026899 0.00172223
11 0.454779 0.557873 0.142208 0.0378116 0.00165191
11 0.356142 0.563273 0.102066 0.0461939 0.001649
11 0.355866 0.634863 0.0783824 0.0387657 0.00163569
11 0.28336 0.391051 0.123376 0.0264011 0.00162228
11 0.383622 0.423688 0.117152 0.0314706 0.00161963
11 0.526924 0.537413 0.0958287 0.0200196 0.00161158
11 0.324881 0.465902 0.1364 0.027396 0.00156151
11 0.515111 0.476804 0.0800701 0.0571491 0.00156112
11 0.307682 0.640068 0.131737 0.0349983 0.00155421
11 0.637038 0.429027 0.0646816 0.0414015 0.00153657
11 0.454147 0.537646 0.131935 0.0287021 0.00152456
11 0.392723 0.627702 0.120051 0.0495847 0.00150924
11 0.690243 0.442107 0.0523159 0.0425318 0.00149882
11 0.654484 0.416012 0.0968043 0.0340638 0.00147865
11 0.747425 0.441329 0.0653803 0.0549872 0.00147104
11 0.644818 0.44995 0.0677427 0.0554443 0.00146772
11 0.684942 0.412526 0.0914196 0.0280293 0.00145573
11 0.376374 0.636401 0.0941742 0.0367715 0.00131214
11 0.326817 0.609573 0.119846 0.0758971 0.00129917
11 0.633497 0.435478 0.0611 0.0381418 0.00128247
11 0.357407 0.58428 0.0888874 0.0335665 0.00124659
11 0.386848 0.401998 0.105495 0.0218982 0.00124235
11 0.426497 0.457824 0.106577 0.0375061 0.00122112
11 0.325413 0.421865 0.130084 0.0340386 0.00119154
11 0.683868 0.435323 0.0686354 0.0445545 0.00118776
11 0.379638 0.49612 0.113664 0.0344175 0.00117351
11 0.335924 0.401928 0.110281 0.026776 0.0011725
10 0.177364 0.469332 0.121854 0.110504 0.00116438
11 0.368149 0.462178 0.10469 0.0193653 0.00116319
11 0.592625 0.447133 0.0878656 0.0431661 0.00114414
11 0.539474 0.54703 0.113104 0.0272364 0.00113547
11 0.302459 0.397536 0.12871 0.0301978 0.00112368
11 0.527225 0.555974 0.130945 0.0371721 0.00112312
11 0.372334 0.594883 0.115087 0.0503758 0.00112188
11 0.256601 0.486829 0.138728 0.020996 0.00111836
11 0.640591 0.417746 0.0707757 0.0354402 0.00111401
11 0.444817 0.498827 0.100053 0.0346811 0.00110076
11 0.47616 0.419278 0.103538 0.0168663 0.00109043
11 0.483333 0.519624 0.103575 0.029468 0.00107924
11 0.384334 0.461904 0.117702 0.0234711 0.00107067
11 0.747797 0.428613 0.0672511 0.0456984 0.00105226
11 0.342242 0.475636 0.139739 0.0271513 0.0010465
11 0.410232 0.531344 0.156085 0.0334324 0.00104402
11 0.398821 0.42694 0.0979495 0.0290724 0.00103538
11 0.692404 0.453915 0.0582844 0.0377176 0.00102926
11 0.262445 0.405472 0.107814 0.0433611 0.0010218
11 0.421325 0.506649 0.114755 0.0388178 0.00102051
