8 0.60388 0.482666 0.179548 0.298294 0.439051
11 0.62547 0.535512 0.0966643 0.108785 0.0554898
11 0.625562 0.527258 0.103701 0.151985 0.0359876
8 0.616019 0.470388 0.132442 0.243342 0.0119303
8 0.571109 0.47096 0.255759 0.2797 0.00741067
10 0.622137 0.491357 0.118307 0.252839 0.00348235
11 0.631657 0.553002 0.0939512 0.124383 0.00329494
8 0.577293 0.533276 0.223565 0.154562 0.00239028
8 0.592656 0.50801 0.205684 0.191137 0.00209477
11 0.622968 0.500881 0.116615 0.229857 0.00199763
8 0.591541 0.461499 0.191439 0.226997 0.00156318
8 0.584807 0.525918 0.261704 0.296496 0.00138487
