3 0.152785 0.671611 0.0989069 0.120112 0.74622
11 0.683926 0.425036 0.0725237 0.0408412 0.00430368
11 0.685052 0.430434 0.0675476 0.055414 0.00294788
11 0.490463 0.353334 0.0661777 0.0554682 0.00252592
11 0.658746 0.438291 0.0687773 0.0493649 0.00240433
3 0.586846 0.655192 0.0978016 0.0532141 0.00229089
11 0.670225 0.433423 0.0591337 0.0510105 0.00224103
11 0.503934 0.356607 0.06935 0.0478232 0.00209257
11 0.510122 0.351396 0.0651392 0.0424939 0.00193763
11 0.665028 0.427019 0.0826126 0.0492973 0.00191921
10 0.611392 0.31702 0.10462 0.031298 0.0018026
3 0.611341 0.315734 0.105764 0.0329833 0.00174071
11 0.547634 0.427959 0.0930397 0.0458294 0.00169958
11 0.575601 0.47934 0.0904284 0.0308998 0.00167858
11 0.62692 0.681418 0.0599878 0.025288 0.0015825
11 0.517668 0.34875 0.0614598 0.0392747 0.00133973
11 0.652741 0.453812 0.0795807 0.0443953 0.00129339
11 0.652462 0.426476 0.0772957 0.0578786 0.00122997
11 0.636832 0.431533 0.0736109 0.0562942 0.00121523
11 0.550835 0.660816 0.0458775 0.0609646 0.00118371
11 0.515972 0.342447 0.0503315 0.0338534 0.00110888
11 0.612872 0.315505 0.106922 0.0334865 0.00106082
