10 0.619015 0.503634 0.284212 0.153429 0.00968825
11 0.490198 0.49472 0.0904142 0.0878207 0.0078709
11 0.483856 0.486612 0.0749089 0.108615 0.0065089
11 0.479542 0.501503 0.068962 0.0778091 0.00644079
11 0.485599 0.469005 0.0814051 0.148508 0.00638578
11 0.471662 0.489171 0.0498562 0.109821 0.00619324
10 0.64681 0.490442 0.197671 0.121331 0.0033523
11 0.469682 0.504278 0.0481944 0.0787551 0.00324
11 0.462 0.510026 0.0497208 0.09356 0.00236246
10 0.62124 0.534649 0.279455 0.0858997 0.00219795
11 0.731476 0.343161 0.148748 0.0839632 0.00202953
11 0.475508 0.465216 0.128111 0.137177 0.00167909
11 0.486514 0.513067 0.0931437 0.0912508 0.00158455
11 0.667578 0.488605 0.160232 0.107443 0.00142532
11 0.463664 0.502785 0.0388952 0.0926785 0.00130319
11 0.468436 0.516039 0.0806316 0.0957163 0.00122661
11 0.462556 0.485733 0.0419911 0.127793 0.00120803
