6 0.630038 0.603666 0.0569891 0.205838 0.534978
7 0.637766 0.602568 0.0432784 0.202726 0.255613
6 0.663366 0.604081 0.112189 0.20594 0.0601582
6 0.64434 0.603778 0.0703142 0.20581 0.0541524
7 0.628143 0.604563 0.0609426 0.19803 0.0280769
7 0.646107 0.600498 0.0344467 0.208438 0.0133993
7 0.646264 0.595086 0.0250269 0.219342 0.00388838
7 0.658151 0.603663 0.0757866 0.203356 0.00351024
6 0.617315 0.603656 0.097968 0.207039 0.00345584
6 0.678667 0.605015 0.158455 0.208667 0.0016733
6 0.659531 0.601199 0.0641991 0.207548 0.00106039
