5 0.543318 0.406057 0.393819 0.106466 0.79323
2 0.409191 0.441713 0.758615 0.289577 0.446
2 0.364283 0.423566 0.677599 0.191142 0.304699
2 0.773339 0.464999 0.0764889 0.251435 0.0274917
2 0.724402 0.465777 0.179384 0.252204 0.0122375
1 0.774332 0.463492 0.0817934 0.255409 0.00714916
2 0.406474 0.49363 0.752593 0.253503 0.00697957
2 0.633059 0.46332 0.365628 0.255966 0.00452791
1 0.748148 0.463641 0.133979 0.253978 0.00444634
2 0.546973 0.38332 0.399108 0.172994 0.00387733
2 0.682409 0.46158 0.265416 0.244418 0.00292561
2 0.572308 0.452823 0.480271 0.266005 0.00224971
2 0.410476 0.553975 0.756988 0.279851 0.00101411
