10 0.520293 0.495961 0.597487 0.212849 0.845525
4 0.531705 0.600505 0.237721 0.0621503 0.364874
4 0.535227 0.59248 0.248219 0.0880101 0.0829065
4 0.591549 0.587988 0.32262 0.0932658 0.0676694
4 0.600691 0.594998 0.371955 0.0699671 0.0468778
4 0.607826 0.549601 0.410257 0.153287 0.0386474
4 0.612718 0.57237 0.396513 0.123659 0.0342855
4 0.607875 0.581278 0.412138 0.0848341 0.0283947
4 0.539592 0.594762 0.348725 0.0736025 0.0217553
4 0.47638 0.590123 0.448202 0.093422 0.00807416
4 0.526287 0.611865 0.227759 0.108101 0.00419147
4 0.469846 0.553691 0.486127 0.187643 0.00254094
4 0.649755 0.554222 0.30727 0.141236 0.00181058
4 0.540189 0.611462 0.263996 0.135204 0.00127686
4 0.537218 0.56283 0.283468 0.163218 0.0010231
