8 0.674528 0.557194 0.357175 0.175485 0.899227
3 0.403353 0.658613 0.322916 0.342334 0.86788
11 0.527004 0.74518 0.136342 0.123445 0.0222618
11 0.476856 0.755248 0.139613 0.0906068 0.0157619
11 0.508361 0.737489 0.141317 0.122409 0.00745845
11 0.468332 0.763641 0.177329 0.0969152 0.00683624
11 0.536957 0.732902 0.112355 0.114562 0.0068313
11 0.499891 0.752526 0.177393 0.101148 0.00505515
11 0.478918 0.738744 0.126833 0.106599 0.00486446
11 0.538362 0.75345 0.1107 0.099499 0.00473479
11 0.462079 0.752204 0.156354 0.127307 0.0042314
11 0.404963 0.636001 0.164262 0.138357 0.00255327
11 0.466967 0.735322 0.128142 0.129342 0.00228131
11 0.505607 0.724345 0.11316 0.0991731 0.00196725
11 0.546346 0.719613 0.0988455 0.0875464 0.00179133
11 0.443642 0.739468 0.139898 0.171716 0.00119624
11 0.466293 0.724645 0.105734 0.113278 0.00118692
