9 0.57425 0.473008 0.296417 0.243722 0.896441
6 0.525379 0.569899 0.3924 0.0721123 0.0202975
7 0.398625 0.554439 0.219053 0.036542 0.0150621
6 0.567133 0.543715 0.291589 0.100067 0.00923154
6 0.510164 0.548933 0.426647 0.0748582 0.00831082
6 0.565774 0.473204 0.281419 0.228935 0.00756296
7 0.382335 0.548859 0.188062 0.0450491 0.0074325
6 0.506237 0.582202 0.437583 0.0917838 0.00634636
7 0.370989 0.554679 0.161202 0.0268183 0.00604669
7 0.61959 0.558556 0.143258 0.0476742 0.00475895
7 0.606617 0.564271 0.173585 0.0524986 0.00382221
7 0.441683 0.550245 0.305647 0.0424824 0.00336635
7 0.634477 0.55332 0.112113 0.0457768 0.00329141
7 0.350838 0.554252 0.117718 0.0237455 0.00277333
6 0.55394 0.500934 0.303693 0.164347 0.00258888
7 0.581103 0.562638 0.228062 0.0639784 0.00206203
7 0.652273 0.551526 0.0799533 0.0471535 0.00184373
6 0.499664 0.550778 0.420332 0.0476838 0.0018003
7 0.609722 0.499405 0.124704 0.0990259 0.00143583
6 0.502883 0.518025 0.419893 0.123551 0.00118986
7 0.600454 0.573785 0.18741 0.0478807 0.00116694
6 0.550374 0.563723 0.296411 0.0858387 0.00102997
