8 0.428688 0.50682 0.270999 0.279092 0.848833
4 0.29181 0.541572 0.191591 0.352129 0.750396
10 0.614134 0.545137 0.396033 0.434812 0.704744
3 0.31722 0.696192 0.194939 0.205001 0.197299
3 0.224554 0.51712 0.0911173 0.237042 0.0240313
3 0.208188 0.512854 0.126186 0.241738 0.00511099
4 0.305716 0.513773 0.147665 0.270205 0.00262841
11 0.104772 0.596031 0.0467121 0.166802 0.0020449
10 0.521985 0.701807 0.182369 0.147088 0.00193206
10 0.491071 0.59952 0.656033 0.557071 0.00145341
10 0.50454 0.516459 0.643158 0.372048 0.00125071
3 0.243356 0.538213 0.11259 0.192211 0.00111649
