4 0.397773 0.722891 0.392321 0.25838 0.83178
1 0.401216 0.67461 0.382015 0.179596 0.738612
2 0.546631 0.491249 0.586464 0.184096 0.417258
10 0.415076 0.674278 0.345748 0.174607 0.178644
2 0.529964 0.608308 0.564694 0.42153 0.0204048
2 0.459565 0.67855 0.442712 0.444916 0.019872
2 0.370776 0.697413 0.428005 0.483447 0.00628573
2 0.572962 0.524902 0.65479 0.260197 0.00597169
10 0.448468 0.715376 0.404818 0.263267 0.00512556
2 0.424371 0.749272 0.462664 0.462706 0.00365538
4 0.437882 0.744269 0.300697 0.173299 0.0020811
2 0.576385 0.44684 0.684291 0.302792 0.00199078
2 0.440894 0.679487 0.410438 0.278945 0.00112893
