11 0.63423 0.457353 0.267245 0.120958 0.0244844
11 0.630379 0.463789 0.292032 0.0838661 0.00812097
11 0.613733 0.464124 0.185106 0.148939 0.00672216
11 0.665706 0.452213 0.196115 0.0433371 0.00615336
11 0.610131 0.478445 0.146522 0.170599 0.0058981
11 0.592439 0.46015 0.18148 0.115841 0.00443926
11 0.658488 0.463873 0.215442 0.0643138 0.00330747
7 0.665516 0.372586 0.0948999 0.0320196 0.00166755
11 0.670831 0.446227 0.166301 0.0406893 0.00132935
11 0.638864 0.578393 0.214118 0.094406 0.00128764
