3 0.3488 0.730488 0.378689 0.0938944 0.759251
11 0.466814 0.394358 0.0919058 0.0823995 0.00910083
3 0.447124 0.793855 0.450967 0.0568646 0.00439822
11 0.443892 0.404368 0.0625558 0.0686876 0.0039354
11 0.413858 0.40535 0.089912 0.0674045 0.00380982
11 0.478735 0.387819 0.110246 0.0872439 0.00348947
11 0.430724 0.405972 0.06703 0.0673926 0.00315692
11 0.669632 0.401391 0.0891599 0.058213 0.00224644
11 0.447742 0.394575 0.0679545 0.0758527 0.00204365
3 0.406623 0.789361 0.382228 0.0480228 0.00191915
11 0.451739 0.391562 0.0860675 0.0864098 0.00173375
11 0.637987 0.36481 0.174113 0.0461798 0.00126276
11 0.789325 0.36535 0.117475 0.0517504 0.00115031
11 0.488778 0.380253 0.101265 0.0812017 0.00102416
