7 0.344278 0.427608 0.0619644 0.0376177 0.661487
7 0.315331 0.671283 0.0319382 0.0590749 0.405044
7 0.350458 0.419201 0.0724848 0.0476778 0.328216
7 0.338628 0.426038 0.0484148 0.0308954 0.273936
7 0.340896 0.670653 0.0691227 0.045737 0.0239478
7 0.320953 0.728678 0.0524479 0.0397501 0.0171296
7 0.317283 0.690295 0.0418217 0.0692051 0.0139881
8 0.335815 0.608687 0.151878 0.260354 0.0127167
7 0.357056 0.412089 0.0650697 0.0455805 0.0113864
7 0.301418 0.416315 0.0498871 0.0318411 0.00802691
7 0.314772 0.675262 0.0348518 0.0830176 0.00594173
7 0.296816 0.413123 0.0428739 0.0354643 0.00479692
7 0.347566 0.666143 0.0709659 0.053106 0.00376533
7 0.310811 0.672158 0.0388633 0.0656106 0.00344908
7 0.287977 0.544999 0.115899 0.0499313 0.00343051
7 0.347713 0.65543 0.0725077 0.0742764 0.00267303
7 0.330364 0.413772 0.0758623 0.0465941 0.00232162
7 0.33524 0.671968 0.0690685 0.0574592 0.00199257
8 0.354304 0.612596 0.249676 0.263857 0.00187895
7 0.318702 0.700541 0.0450262 0.05004 0.00148725
7 0.313199 0.419198 0.077839 0.0343571 0.00143054
10 0.404687 0.491666 0.0777182 0.285282 0.00136981
11 0.338383 0.615141 0.0937428 0.217559 0.00134521
3 0.323277 0.610295 0.20465 0.246776 0.00117897
8 0.420803 0.46162 0.179356 0.278975 0.00107053
