3 0.422706 0.490372 0.288536 0.0890913 0.124669
11 0.385398 0.44393 0.20049 0.0377456 0.0248053
11 0.434763 0.44465 0.212014 0.0414128 0.0146902
11 0.458282 0.441611 0.191387 0.0352582 0.0127018
11 0.362553 0.440846 0.168022 0.0321799 0.0112943
11 0.495162 0.441974 0.233231 0.0397597 0.00908912
11 0.473697 0.450516 0.199856 0.0528208 0.00879559
11 0.395676 0.450578 0.22963 0.0530209 0.00751689
11 0.451214 0.460115 0.244658 0.0404253 0.00563267
11 0.347969 0.670699 0.26798 0.0268553 0.00283284
11 0.484294 0.458001 0.245665 0.0448218 0.00262785
11 0.508903 0.45073 0.250357 0.0561735 0.0022964
11 0.347522 0.442705 0.195145 0.0406111 0.00155166
11 0.580902 0.499148 0.0787949 0.0649318 0.00147755
11 0.384278 0.670764 0.202346 0.0254804 0.00141149
11 0.608695 0.476166 0.12887 0.02187 0.0013837
10 0.514086 0.447386 0.234418 0.0488862 0.00122616
11 0.611772 0.471954 0.125223 0.0253179 0.00122406
11 0.587076 0.477197 0.0906783 0.0278927 0.00112828
11 0.602427 0.489438 0.136943 0.0397755 0.00111733
11 0.565292 0.501131 0.048088 0.071999 0.00103605
