8 0.240076 0.320361 0.303003 0.418093 0.876488
3 0.698699 0.543184 0.170596 0.10405 0.0573162
10 0.699695 0.557318 0.174065 0.116558 0.0430569
3 0.698434 0.562409 0.17181 0.109929 0.00382539
10 0.699529 0.549567 0.173685 0.0791954 0.00338891
10 0.643515 0.550823 0.289375 0.138493 0.00327875
3 0.649317 0.547387 0.275229 0.141166 0.00255994
10 0.709348 0.490519 0.193066 0.239251 0.00131539
10 0.78076 0.465158 0.113558 0.277756 0.00131417
3 0.67112 0.528222 0.227564 0.117115 0.001291
10 0.696498 0.57511 0.165788 0.0925267 0.00120204
3 0.665779 0.518698 0.233846 0.168278 0.00118887
