10 0.28114 0.484847 0.13045 0.0914024 0.0562368
11 0.718344 0.341283 0.150891 0.0279302 0.00857234
11 0.421368 0.692712 0.154061 0.0902844 0.00622965
10 0.417941 0.693823 0.15128 0.0898567 0.0058316
11 0.449684 0.690952 0.0981526 0.0847128 0.00523339
11 0.467042 0.688104 0.076159 0.0790392 0.0049921
11 0.69929 0.345429 0.163342 0.0258422 0.00469429
11 0.736632 0.336127 0.143863 0.0201596 0.00437117
11 0.716052 0.411472 0.169911 0.0429787 0.00409941
11 0.445448 0.685962 0.12832 0.0717457 0.00379489
11 0.71985 0.402883 0.18532 0.0311835 0.00369113
11 0.305429 0.337354 0.125436 0.0268333 0.00349855
11 0.284538 0.486094 0.131674 0.0881829 0.00334071
11 0.473744 0.682162 0.0712768 0.0658021 0.00312545
11 0.432191 0.630182 0.111061 0.0767445 0.00277549
11 0.723082 0.396932 0.188045 0.0224054 0.0026893
11 0.256832 0.398042 0.185816 0.0394389 0.00265423
11 0.758526 0.339824 0.15211 0.0222298 0.00254092
11 0.473443 0.649817 0.150381 0.103227 0.00238879
11 0.474968 0.62992 0.164201 0.0719 0.0023765
11 0.457669 0.739502 0.11295 0.0798867 0.00224555
11 0.519273 0.547899 0.0605426 0.0776674 0.00217055
11 0.428405 0.653341 0.130109 0.10824 0.00210451
11 0.316721 0.343189 0.140611 0.0251672 0.00204004
11 0.506704 0.755932 0.161265 0.0683212 0.00202098
11 0.458802 0.755834 0.106869 0.0755998 0.00192401
11 0.281461 0.40077 0.14241 0.0389508 0.00186823
11 0.761061 0.335327 0.134292 0.0186041 0.00178389
11 0.291488 0.406814 0.129416 0.0423294 0.00176298
11 0.485566 0.74096 0.148651 0.0791301 0.00161189
11 0.734971 0.382238 0.191878 0.0208949 0.00159483
11 0.202984 0.603871 0.0806503 0.0826967 0.00158647
11 0.51445 0.440136 0.161798 0.0393339 0.00148683
11 0.483371 0.550069 0.119585 0.0832161 0.00148235
11 0.515308 0.448889 0.167984 0.048023 0.00147821
11 0.480886 0.539384 0.13186 0.0719404 0.00141312
11 0.494134 0.645465 0.130335 0.0963675 0.00140559
11 0.484899 0.67812 0.0924897 0.0625647 0.00137265
11 0.288916 0.338234 0.140265 0.0233386 0.00136467
11 0.730558 0.416964 0.178976 0.04557 0.00135545
11 0.422686 0.55863 0.0945854 0.092908 0.00132003
11 0.731322 0.392153 0.184092 0.021386 0.00131823
11 0.418318 0.621359 0.084469 0.07423 0.00131425
11 0.866095 0.627293 0.0789158 0.0558324 0.00128712
11 0.465254 0.679761 0.0955924 0.0670559 0.00125553
11 0.223412 0.60243 0.0894153 0.0868944 0.00124061
11 0.726653 0.385494 0.188294 0.0236378 0.00119474
11 0.730492 0.346728 0.186006 0.0335092 0.00119293
11 0.790036 0.552703 0.209308 0.0509305 0.00118281
11 0.424299 0.733583 0.134059 0.111926 0.00113616
11 0.524337 0.538481 0.0662587 0.0753787 0.00111218
11 0.255574 0.406033 0.115815 0.0443217 0.00110453
11 0.519871 0.769756 0.141927 0.0657806 0.00110389
11 0.538541 0.417536 0.130209 0.0416939 0.00109801
11 0.440874 0.712873 0.120142 0.0792763 0.00107946
11 0.18201 0.739973 0.0573719 0.0626721 0.0010538
11 0.185883 0.603776 0.0764858 0.0827322 0.00103993
11 0.824947 0.548002 0.1628 0.0503619 0.00103083
11 0.401831 0.640532 0.0646273 0.107388 0.00102689
