4 0.644101 0.384649 0.517653 0.0789035 0.0829613
10 0.626249 0.380797 0.554836 0.0847905 0.0718384
4 0.60682 0.374033 0.615528 0.0998336 0.0543535
4 0.715374 0.397781 0.374096 0.122704 0.0498389
4 0.755994 0.391939 0.289695 0.235453 0.0134642
4 0.70426 0.389281 0.391648 0.0843724 0.0115582
4 0.588129 0.396096 0.662314 0.0849454 0.0112096
4 0.642803 0.361799 0.525827 0.130947 0.00930159
4 0.734001 0.385469 0.335263 0.0587182 0.00656832
10 0.574389 0.35758 0.690348 0.146962 0.00327398
4 0.636226 0.389175 0.512634 0.238024 0.00285393
4 0.726537 0.405531 0.295324 0.163891 0.00219811
10 0.715449 0.379149 0.405883 0.0576794 0.00203697
10 0.678383 0.387786 0.413703 0.0817136 0.00198426
4 0.564794 0.431109 0.66091 0.133113 0.00195993
4 0.557217 0.408864 0.62574 0.0864689 0.00193298
10 0.598068 0.390356 0.423917 0.074322 0.00192971
4 0.757923 0.413917 0.247673 0.302652 0.00155855
4 0.712191 0.407322 0.121009 0.192073 0.0011568
4 0.707623 0.405891 0.282152 0.281228 0.00107371
4 0.713926 0.433688 0.0959348 0.156471 0.00105719
