3 0.422358 0.6261 0.38515 0.129158 0.774067
11 0.453481 0.295763 0.194184 0.0230515 0.0374413
11 0.474953 0.296066 0.178512 0.0200742 0.0262077
11 0.397771 0.294906 0.206339 0.0272901 0.0172093
11 0.481194 0.291018 0.185467 0.0229929 0.0152627
11 0.370472 0.29283 0.178389 0.0304785 0.0111471
11 0.447651 0.291651 0.206807 0.0257458 0.00939035
11 0.197513 0.357044 0.104647 0.054624 0.00304206
11 0.458903 0.305101 0.186769 0.0411934 0.00249305
11 0.586279 0.316519 0.123118 0.0203438 0.00224216
11 0.191476 0.362939 0.0816607 0.0616397 0.00195177
11 0.598479 0.334981 0.133727 0.0354439 0.00175543
11 0.485741 0.300808 0.176973 0.0220037 0.00173853
11 0.216661 0.357721 0.131406 0.0487534 0.00164937
11 0.548586 0.297729 0.180035 0.0243092 0.0016421
11 0.58407 0.300445 0.148943 0.0345559 0.00151865
11 0.20026 0.368851 0.0925319 0.0651366 0.00151124
11 0.562802 0.306873 0.162623 0.0270684 0.00147611
11 0.259124 0.429391 0.11679 0.0707054 0.00147221
11 0.523989 0.30291 0.175605 0.0225155 0.0014509
11 0.198754 0.446618 0.0621102 0.0779489 0.0013955
11 0.593789 0.327337 0.125161 0.033481 0.00139297
11 0.287171 0.424908 0.166179 0.0679563 0.00132147
11 0.350645 0.29743 0.206702 0.0427255 0.00126081
11 0.213658 0.410817 0.0909652 0.0935129 0.0012508
11 0.24178 0.4405 0.0786265 0.0745426 0.00123147
11 0.263664 0.411418 0.159281 0.0909561 0.00119883
11 0.226339 0.350251 0.158433 0.0537119 0.00111552
11 0.206555 0.383426 0.0819824 0.0727196 0.00108202
11 0.181205 0.450552 0.0481214 0.0792076 0.00108022
11 0.195051 0.377627 0.076483 0.075558 0.00100687
