6 0.617032 0.509515 0.231557 0.255993 0.776037
9 0.740339 0.576114 0.25708 0.243032 0.740231
4 0.253931 0.569437 0.140933 0.263544 0.0324015
4 0.25753 0.602951 0.111511 0.196965 0.0113431
6 0.66477 0.527457 0.121788 0.225834 0.00499329
7 0.557341 0.41309 0.112535 0.0613268 0.00487478
7 0.71336 0.632697 0.0595833 0.147901 0.0046314
4 0.239095 0.613247 0.0724334 0.174897 0.00321419
6 0.671736 0.51788 0.342874 0.275215 0.00299511
7 0.679581 0.53133 0.093183 0.135815 0.00295187
0 0.695536 0.601694 0.0983752 0.217505 0.00285011
7 0.68591 0.523705 0.0784332 0.0987581 0.00228419
7 0.689941 0.53713 0.0703255 0.0713396 0.00222184
7 0.711235 0.598279 0.0635649 0.222403 0.0019788
7 0.703057 0.617397 0.0818884 0.18153 0.00171865
0 0.709487 0.598903 0.0686577 0.222123 0.00159276
7 0.670827 0.524202 0.111256 0.201731 0.0012986
