3 0.56165 0.670411 0.057196 0.146602 0.0184276
3 0.0804317 0.565531 0.0701158 0.112793 0.0122508
11 0.143304 0.545061 0.0404791 0.0618741 0.00451813
3 0.0871653 0.558647 0.0545796 0.105585 0.00406222
11 0.139333 0.540566 0.0426962 0.0747195 0.00297681
11 0.144963 0.554618 0.0388859 0.0461803 0.00267631
11 0.783442 0.462348 0.0271338 0.0580758 0.00261483
11 0.212143 0.652272 0.0265616 0.0516306 0.00258809
11 0.518299 0.504934 0.0520392 0.0643114 0.00256406
11 0.207916 0.654462 0.0228075 0.0551781 0.00232433
11 0.208653 0.642942 0.0234475 0.0499991 0.00226195
3 0.0722699 0.559102 0.0447957 0.11233 0.00219836
11 0.742268 0.369543 0.0419306 0.0309014 0.00184594
11 0.781883 0.452826 0.0278513 0.0520712 0.00174443
11 0.124387 0.535856 0.049208 0.0757841 0.00157798
3 0.0640794 0.749947 0.0437285 0.12108 0.0015563
3 0.07534 0.582001 0.0622844 0.0869762 0.00150229
11 0.206951 0.61367 0.0226826 0.0464962 0.00148474
11 0.731434 0.373586 0.0325502 0.0338975 0.00141602
11 0.514325 0.494996 0.0521612 0.0590867 0.00139557
11 0.206197 0.675592 0.0215706 0.0730475 0.00139344
3 0.0948424 0.557522 0.0387361 0.0896296 0.00138026
11 0.753082 0.368991 0.0428227 0.0310511 0.00130475
11 0.120462 0.544328 0.0464175 0.0816247 0.00123696
11 0.52511 0.509244 0.0515584 0.0613474 0.00121961
11 0.727679 0.3967 0.0305659 0.0535553 0.00120524
11 0.509387 0.472728 0.0415487 0.0349567 0.00118674
11 0.51645 0.476738 0.0529764 0.0412481 0.00113564
11 0.746705 0.485873 0.0266583 0.0511967 0.00107974
11 0.496866 0.509705 0.0261184 0.0509031 0.0010357
11 0.203313 0.658718 0.0281051 0.0586698 0.00101298
