11 0.253041 0.672505 0.0394416 0.0600133 0.0485216
11 0.601963 0.409987 0.0902067 0.0434041 0.0178926
11 0.548546 0.42446 0.063183 0.0536846 0.00721488
11 0.551395 0.433754 0.0609128 0.0529858 0.00686909
11 0.257887 0.668024 0.0477911 0.0669635 0.0052076
11 0.174249 0.517995 0.0781372 0.0523425 0.00341706
11 0.551248 0.414563 0.0658464 0.0454691 0.00285968
11 0.580216 0.409721 0.0951275 0.050309 0.0026406
11 0.557299 0.362325 0.0541441 0.0291831 0.00256834
11 0.137069 0.51529 0.0305998 0.0782023 0.00162091
11 0.541233 0.438652 0.0567429 0.0675339 0.0015106
11 0.556315 0.450813 0.0683252 0.0681081 0.00150768
11 0.569297 0.365177 0.0735618 0.0341584 0.00143838
11 0.631122 0.366839 0.0664713 0.0298333 0.00118743
11 0.250964 0.66046 0.0384526 0.0785228 0.00115325
11 0.269887 0.702606 0.0608904 0.0946026 0.00113589
11 0.608982 0.395261 0.0989075 0.033085 0.00110293
11 0.618336 0.414303 0.0980779 0.0491276 0.00109409
11 0.27583 0.66574 0.0731908 0.0676006 0.00109034
11 0.182935 0.513593 0.0683296 0.0549987 0.00101492
11 0.807965 0.420128 0.0419123 0.0378171 0.00101481
