7 0.201266 0.620286 0.12352 0.318057 0.872841
4 0.164515 0.48853 0.147511 0.243458 0.379716
4 0.163847 0.472807 0.118786 0.204257 0.02115
6 0.225714 0.694673 0.0723438 0.165557 0.00707561
7 0.263474 0.385291 0.0489918 0.156196 0.0032829
7 0.230873 0.685507 0.0596424 0.189013 0.0025986
2 0.39412 0.552316 0.566616 0.431164 0.00222515
7 0.232799 0.7123 0.0565782 0.134914 0.00207842
7 0.225431 0.725166 0.071463 0.104635 0.00189575
6 0.229869 0.711488 0.0622118 0.135346 0.00178077
7 0.231514 0.447829 0.0534643 0.0569931 0.00169274
