0 0.603148 0.806027 0.325822 0.225087 0.895367
9 0.27229 0.885706 0.297534 0.0843857 0.630796
9 0.266871 0.849933 0.311271 0.1548 0.0389572
9 0.264535 0.820154 0.315982 0.222116 0.00520375
11 0.3134 0.883555 0.146018 0.0714063 0.00399029
7 0.182048 0.892388 0.12451 0.0262236 0.0038206
11 0.339528 0.888819 0.134292 0.0758198 0.00289469
11 0.307677 0.886347 0.200248 0.0697607 0.00276958
6 0.277414 0.887512 0.30121 0.0728337 0.00220016
0 0.278588 0.891381 0.301044 0.0700177 0.00201185
7 0.269972 0.884919 0.279068 0.0673576 0.00187932
11 0.308513 0.864229 0.154802 0.0774719 0.00160259
