3 0.300046 0.67527 0.0555435 0.173272 0.202405
11 0.827742 0.308833 0.0465752 0.0287733 0.0229315
11 0.606025 0.444687 0.0424182 0.0426873 0.0119646
11 0.563307 0.509899 0.0539298 0.0428672 0.0116974
11 0.830539 0.316978 0.0490919 0.0322178 0.00831156
3 0.788844 0.313463 0.0364087 0.0525938 0.00804101
10 0.627221 0.483806 0.0907384 0.0570966 0.00610945
11 0.561955 0.499437 0.0558777 0.0461257 0.00608462
11 0.606309 0.45308 0.0433884 0.04059 0.00415145
11 0.845604 0.461058 0.069748 0.0516488 0.0034159
11 0.557334 0.512671 0.0558447 0.0513849 0.00327946
11 0.824981 0.312822 0.0541273 0.0407499 0.00317469
11 0.844698 0.327653 0.0473332 0.0380487 0.00317211
11 0.609529 0.437043 0.0445895 0.0509824 0.00316729
11 0.839021 0.30932 0.0594912 0.0352325 0.00305332
11 0.616396 0.434565 0.045587 0.0512971 0.00305207
11 0.56092 0.482978 0.0514763 0.0458664 0.00279929
11 0.587953 0.499395 0.0571007 0.0475095 0.00263789
11 0.880903 0.367043 0.030029 0.0586738 0.00239172
11 0.589225 0.482313 0.057167 0.0450359 0.00238061
11 0.628228 0.422333 0.0564848 0.0523979 0.00230431
11 0.870697 0.36048 0.0307072 0.0506389 0.00229913
11 0.868745 0.350813 0.0268469 0.0490264 0.00207396
3 0.382085 0.731976 0.105126 0.0994544 0.00205827
11 0.79644 0.40603 0.0507647 0.0600963 0.00198926
11 0.808381 0.399843 0.0667519 0.0650985 0.00183035
11 0.797557 0.312402 0.0508107 0.0483984 0.00172029
11 0.583775 0.506208 0.0577203 0.0436263 0.00160948
11 0.923295 0.498562 0.0299694 0.0766127 0.00158965
11 0.855108 0.347032 0.033247 0.0430013 0.00157673
11 0.863646 0.418124 0.0498007 0.064055 0.00149932
11 0.103136 0.58526 0.0532805 0.0506154 0.00142968
11 0.853015 0.359017 0.0400107 0.045125 0.00139733
11 0.799575 0.395194 0.0563929 0.0693412 0.00139717
11 0.595993 0.46117 0.0554766 0.0444398 0.00135421
11 0.563046 0.518414 0.0550562 0.0534802 0.00131562
11 0.821653 0.383438 0.0578022 0.0706074 0.00130814
11 0.868516 0.375452 0.0396504 0.0559181 0.00130761
11 0.792152 0.324629 0.0464307 0.0582063 0.00129565
11 0.738738 0.340918 0.0411838 0.0536368 0.00129294
11 0.877449 0.4224 0.0481293 0.070293 0.00128508
11 0.877503 0.438506 0.0480139 0.0695398 0.00127248
11 0.849856 0.382089 0.0456783 0.0542124 0.00126555
11 0.878202 0.3555 0.0278202 0.060562 0.00125471
11 0.826213 0.298341 0.0491375 0.0286144 0.00122988
11 0.597706 0.443127 0.0563927 0.0439517 0.00117535
11 0.745364 0.341305 0.0343243 0.0503387 0.00117098
11 0.838764 0.382744 0.0513653 0.0576512 0.00113093
11 0.63532 0.415115 0.0634622 0.05266 0.00112103
11 0.808044 0.385238 0.0672716 0.0801194 0.00111619
11 0.746399 0.314904 0.0481152 0.0327815 0.00110783
11 0.851611 0.406321 0.051435 0.05868 0.00108335
11 0.849192 0.394974 0.0467411 0.0563347 0.00106148
11 0.92644 0.517806 0.0387083 0.064389 0.00106123
11 0.648319 0.507123 0.0659469 0.0674803 0.0010588
3 0.446715 0.819709 0.0344571 0.0774716 0.00105157
11 0.111609 0.58534 0.0398131 0.0480036 0.00103748
11 0.867641 0.336467 0.0291504 0.0544654 0.00103747
11 0.83904 0.395604 0.0555525 0.0621941 0.00103653
