3 0.772695 0.575576 0.0861504 0.130726 0.142053
3 0.783009 0.578962 0.0791965 0.114808 0.0375411
11 0.355961 0.486877 0.0690489 0.0376454 0.00946139
3 0.0551297 0.499351 0.0597439 0.133716 0.00943961
3 0.583849 0.783397 0.0752443 0.101022 0.00683243
3 0.799179 0.582208 0.0457012 0.106171 0.00666992
3 0.452918 0.546288 0.0482377 0.111614 0.00641038
3 0.053085 0.483507 0.0542321 0.102403 0.0059743
11 0.285229 0.489836 0.0558894 0.0461698 0.00574527
3 0.752997 0.676469 0.0419515 0.104284 0.0051739
11 0.983584 0.424251 0.0328328 0.0390263 0.00424273
3 0.846741 0.616817 0.0379227 0.0633399 0.00324277
11 0.348564 0.494553 0.0568918 0.0347624 0.00310141
11 0.342506 0.504977 0.0493629 0.0326734 0.00309
11 0.348303 0.50133 0.0593584 0.0392258 0.0027972
11 0.360971 0.471088 0.062174 0.0341058 0.00259056
11 0.32954 0.418473 0.0281207 0.0418588 0.00251463
3 0.0603367 0.513054 0.068876 0.168211 0.00245435
11 0.342019 0.422251 0.0344134 0.0376465 0.00244774
11 0.329036 0.490373 0.0389637 0.0369715 0.00215548
11 0.23885 0.572328 0.0260023 0.0845641 0.00215078
11 0.38824 0.494382 0.0325707 0.0556755 0.0020843
11 0.981726 0.433947 0.0365474 0.0388941 0.00200778
11 0.318605 0.417821 0.034286 0.0457358 0.00193477
11 0.354083 0.498111 0.0654575 0.0469867 0.00179353
3 0.445554 0.55744 0.0371428 0.097038 0.0017386
11 0.360122 0.426466 0.0480694 0.0376644 0.00170881
11 0.327741 0.594786 0.0355633 0.0426885 0.0015963
11 0.324308 0.568555 0.0270756 0.0393767 0.00147919
11 0.3344 0.56869 0.0339087 0.0379776 0.00144284
11 0.311313 0.417919 0.0316503 0.046045 0.00129995
11 0.810345 0.759795 0.026741 0.0759113 0.0012701
11 0.961032 0.477078 0.0209052 0.0756906 0.00126819
11 0.368464 0.427267 0.0416245 0.0448177 0.00122679
11 0.28032 0.497982 0.0474107 0.0555048 0.00120158
11 0.329695 0.401079 0.0281537 0.0393257 0.00119413
11 0.340335 0.398997 0.0281852 0.0364331 0.00118958
11 0.302587 0.474284 0.0557204 0.0361288 0.00118864
11 0.966928 0.46007 0.0338096 0.0773881 0.00114737
11 0.335043 0.595636 0.0367984 0.041877 0.00113402
11 0.323498 0.470405 0.0394423 0.0351567 0.00108233
11 0.328572 0.605595 0.0424682 0.0458863 0.00107841
11 0.337065 0.601766 0.040993 0.0457147 0.00106481
11 0.340685 0.472248 0.0423356 0.0398592 0.00100383
