7 0.224306 0.661447 0.0542773 0.0594565 0.446969
7 0.212284 0.664132 0.075226 0.0653627 0.0382322
7 0.257305 0.426912 0.10088 0.0794486 0.0345202
7 0.214046 0.662951 0.0510218 0.0653934 0.0296817
7 0.204066 0.668895 0.066223 0.0773985 0.0189854
7 0.247726 0.416129 0.0601292 0.041694 0.0156477
7 0.54077 0.747984 0.0599757 0.041688 0.0128221
7 0.260511 0.41123 0.089529 0.0467199 0.0117135
7 0.192953 0.677648 0.0546788 0.0949424 0.0106611
7 0.381614 0.70316 0.0670037 0.0612644 0.00856512
7 0.250564 0.428066 0.0697955 0.0732992 0.00420354
7 0.203918 0.685345 0.0612107 0.0987635 0.00395287
7 0.707067 0.610666 0.0734465 0.0641792 0.00295254
7 0.238272 0.41402 0.041758 0.0391104 0.00277658
7 0.266866 0.405968 0.0620745 0.0632965 0.00269793
11 0.672357 0.611265 0.15223 0.0978995 0.00168386
7 0.617681 0.727105 0.0357956 0.0475166 0.00164798
7 0.205775 0.697536 0.0563457 0.0752635 0.00157853
11 0.689248 0.605362 0.115079 0.0913699 0.00144897
7 0.188433 0.664925 0.0546162 0.0744057 0.00107778
11 0.568761 0.73086 0.137255 0.0621467 0.00101898
