3 0.331134 0.705045 0.330191 0.338685 0.826599
4 0.393485 0.558564 0.383451 0.405711 0.637292
4 0.312673 0.621942 0.247236 0.289856 0.381954
8 0.33835 0.670774 0.330372 0.26034 0.298952
4 0.289578 0.657751 0.312729 0.288669 0.061688
8 0.313254 0.622013 0.265074 0.292017 0.0289879
10 0.374494 0.62948 0.430193 0.573464 0.0179979
8 0.290648 0.661182 0.31107 0.281308 0.00453043
10 0.309021 0.617199 0.245581 0.272788 0.00448539
4 0.33375 0.576837 0.13997 0.196025 0.0026562
10 0.331883 0.583927 0.157637 0.211381 0.00212622
4 0.339149 0.591517 0.294822 0.375139 0.00173525
4 0.31899 0.595915 0.196253 0.238078 0.00145803
4 0.360352 0.567937 0.212623 0.180738 0.00123353
