4 0.120804 0.427216 0.0764521 0.185746 0.0539382
4 0.121523 0.395648 0.0516606 0.124071 0.0362201
4 0.112794 0.403978 0.049892 0.14085 0.017447
4 0.116514 0.418488 0.0583057 0.172671 0.0132588
4 0.127405 0.401976 0.0761326 0.137327 0.00638937
4 0.135674 0.429709 0.112338 0.187465 0.00570432
4 0.123451 0.433761 0.0388815 0.163996 0.00406628
4 0.106943 0.427372 0.0440916 0.189986 0.00406314
4 0.125169 0.426733 0.0484625 0.109288 0.00277547
4 0.184974 0.373931 0.165433 0.0965289 0.002737
4 0.16944 0.361607 0.129635 0.0680682 0.00212992
4 0.128456 0.392416 0.0501798 0.113024 0.00212467
7 0.122025 0.388464 0.0334225 0.101989 0.00199724
4 0.272223 0.383538 0.337677 0.118156 0.00196923
7 0.126838 0.393105 0.0472617 0.113651 0.00184856
4 0.239358 0.373924 0.272132 0.102906 0.00171275
7 0.113865 0.383526 0.0269926 0.0926934 0.00125714
4 0.150317 0.372358 0.0936584 0.0754254 0.00120578
7 0.112159 0.376789 0.0216271 0.0790791 0.00111353
4 0.183711 0.34848 0.161557 0.132259 0.00105649
