11 0.447043 0.340964 0.210713 0.0818857 0.0380198
11 0.684947 0.560292 0.18386 0.105999 0.0201566
11 0.433873 0.333325 0.185426 0.0648179 0.0190296
11 0.661192 0.515468 0.147862 0.14828 0.00813903
11 0.682083 0.541097 0.183017 0.110188 0.00775427
11 0.468825 0.351031 0.25694 0.104414 0.00546952
11 0.644222 0.543097 0.149392 0.0850112 0.00430753
11 0.681896 0.519524 0.168235 0.172954 0.00411731
7 0.668746 0.472008 0.10246 0.0731025 0.00404876
11 0.646002 0.524238 0.135865 0.125285 0.00388402
11 0.300364 0.450995 0.149828 0.0334114 0.00104991
