0 0.359834 0.332433 0.132336 0.497003 0.559603
0 0.405272 0.344887 0.187769 0.477413 0.020541
0 0.434498 0.371939 0.176062 0.50412 0.0142666
0 0.444265 0.362571 0.108257 0.454297 0.00427261
0 0.382782 0.406077 0.0837684 0.292245 0.00270793
0 0.370576 0.358789 0.119651 0.401925 0.00260387
0 0.458181 0.408667 0.222056 0.544075 0.00200483
0 0.409594 0.505523 0.155935 0.480604 0.00186996
0 0.381221 0.437157 0.0732808 0.226691 0.00180736
0 0.435511 0.41758 0.121231 0.432207 0.00163668
0 0.40493 0.370922 0.16342 0.376834 0.00134648
