4 0.778355 0.607269 0.255676 0.173251 0.705601
7 0.305463 0.525237 0.0719073 0.0532086 0.00579945
11 0.328493 0.363022 0.223484 0.0668168 0.00478357
7 0.7235 0.631864 0.140039 0.0834704 0.00408406
11 0.316821 0.354712 0.251405 0.0508789 0.00311737
4 0.763203 0.627142 0.222804 0.115446 0.0028294
11 0.297746 0.29048 0.197736 0.0541449 0.00185312
11 0.470907 0.258751 0.0991659 0.0854647 0.00152609
7 0.756928 0.630036 0.210706 0.107557 0.0013986
4 0.734973 0.634285 0.167633 0.110922 0.00135473
11 0.730284 0.63864 0.158226 0.122614 0.00131364
11 0.307115 0.367942 0.212136 0.0814415 0.00119674
7 0.700952 0.630339 0.0952141 0.0775912 0.00113826
11 0.27942 0.351856 0.264594 0.0385567 0.00112106
