11 0.492604 0.426092 0.032692 0.0756543 0.0260554
11 0.20286 0.483019 0.0818561 0.0292366 0.0257211
11 0.514596 0.557833 0.043956 0.0810697 0.0126203
11 0.624666 0.383323 0.0773678 0.0268146 0.012517
11 0.800902 0.433787 0.0461084 0.0945655 0.00954191
11 0.217262 0.495421 0.0962985 0.0426892 0.00748831
11 0.2351 0.50719 0.0782387 0.0356695 0.00748347
11 0.211312 0.48696 0.0928651 0.0394325 0.00746324
11 0.372502 0.451558 0.0309721 0.0928663 0.0065954
11 0.294108 0.523761 0.0641107 0.0826888 0.00486505
11 0.190254 0.488897 0.0818104 0.0331071 0.00414107
11 0.226916 0.500447 0.0887346 0.0396243 0.00381389
11 0.280435 0.523854 0.0505917 0.0726466 0.00304589
11 0.199028 0.481468 0.0782429 0.0410691 0.00281057
11 0.796003 0.417619 0.044261 0.0942839 0.00278879
11 0.281035 0.530363 0.0395567 0.0681038 0.00276981
11 0.304331 0.526284 0.0679813 0.0852616 0.0026731
11 0.491162 0.441779 0.0385974 0.072507 0.00259644
11 0.636271 0.381358 0.080925 0.0235616 0.00257209
11 0.292395 0.51039 0.0583729 0.0680863 0.00218337
11 0.531292 0.38781 0.0709122 0.0327768 0.00199706
11 0.630437 0.3859 0.0792633 0.0337323 0.00199136
11 0.174942 0.570726 0.0699063 0.0503513 0.00196019
11 0.597161 0.384841 0.0722386 0.0272726 0.00194276
11 0.368481 0.443958 0.0382912 0.0805779 0.00193348
11 0.170047 0.52247 0.0650278 0.06546 0.00183705
11 0.158111 0.522467 0.0715475 0.072781 0.00181224
11 0.179951 0.538128 0.0520317 0.0482528 0.00180809
11 0.804354 0.42261 0.051363 0.0936593 0.00175015
11 0.495106 0.417366 0.0326393 0.0684347 0.00172153
11 0.223224 0.488026 0.0871946 0.0342141 0.00165474
11 0.169298 0.561092 0.0635845 0.0578524 0.00161706
11 0.497936 0.409645 0.0382727 0.067254 0.00160892
11 0.183347 0.575491 0.0734964 0.0468273 0.00159934
11 0.172525 0.535756 0.0569141 0.060459 0.00159444
11 0.489682 0.454989 0.0394375 0.0530587 0.00155378
11 0.224808 0.516601 0.0585119 0.0448234 0.00155023
11 0.807057 0.490707 0.0305076 0.0938654 0.00154416
11 0.792183 0.396957 0.0423408 0.067419 0.00149114
11 0.80031 0.444414 0.0384775 0.0897218 0.00147189
11 0.246677 0.500215 0.0659836 0.040382 0.00147079
11 0.153095 0.374526 0.0318208 0.0834857 0.00142885
11 0.147961 0.527804 0.0622357 0.0850632 0.00141428
11 0.365493 0.434885 0.0391136 0.0759338 0.00141365
11 0.178022 0.525091 0.0570105 0.0569114 0.00140089
11 0.521851 0.391672 0.0821289 0.0377086 0.0013994
11 0.178231 0.54761 0.059942 0.0516615 0.00138095
11 0.280544 0.50832 0.0468485 0.0554813 0.00130265
11 0.1814 0.495944 0.0732027 0.0329374 0.00121822
11 0.266667 0.521548 0.0526987 0.0650013 0.00121445
11 0.61593 0.381068 0.0705961 0.0283348 0.00119888
11 0.518266 0.566876 0.046083 0.0846692 0.00119527
11 0.609465 0.386178 0.0843283 0.0326285 0.00118499
11 0.171099 0.549963 0.0621718 0.0604836 0.00117621
11 0.246579 0.514443 0.0775202 0.0501241 0.001169
11 0.270503 0.530099 0.0440383 0.0668773 0.00115471
11 0.357216 0.408767 0.0338792 0.10476 0.00110299
11 0.160141 0.570223 0.0509003 0.0522315 0.00107807
11 0.51447 0.423456 0.0683331 0.0547761 0.00107081
11 0.197257 0.523099 0.0494561 0.0464879 0.00106432
11 0.210873 0.479951 0.0886109 0.0375966 0.00105907
11 0.265163 0.508479 0.0512298 0.0453066 0.00105648
