11 0.834406 0.725987 0.0910094 0.106063 0.00463223
11 0.176902 0.507378 0.0543663 0.0467077 0.00444301
11 0.14281 0.713405 0.0594498 0.093999 0.00411408
11 0.471174 0.467861 0.0898437 0.0285184 0.00345835
11 0.817355 0.724981 0.0982699 0.11224 0.0028073
11 0.503804 0.646969 0.128701 0.0536453 0.00254477
11 0.451309 0.480188 0.116963 0.0314333 0.00254111
11 0.394538 0.516509 0.0654227 0.046422 0.00237
11 0.45057 0.490736 0.111616 0.0296957 0.00232116
11 0.517514 0.646383 0.123977 0.0453604 0.00212473
11 0.168968 0.504037 0.0700013 0.0470297 0.00212245
11 0.0451654 0.489147 0.0651731 0.0450554 0.00208659
11 0.427127 0.492124 0.116086 0.0266838 0.00205365
11 0.165482 0.513964 0.0578833 0.0578791 0.00202073
11 0.480173 0.481285 0.0820686 0.0350077 0.00178486
11 0.431481 0.483467 0.132253 0.0267505 0.00176759
11 0.111652 0.530763 0.0420044 0.0720468 0.00175793
11 0.506808 0.636761 0.120918 0.0533984 0.00168727
11 0.477431 0.587147 0.06463 0.0951488 0.00167044
11 0.521858 0.492002 0.120284 0.0243635 0.00155658
11 0.469592 0.477468 0.0935828 0.0344313 0.00155639
11 0.502479 0.488323 0.0975597 0.0287207 0.0014637
11 0.170771 0.498053 0.0830477 0.0505636 0.00138011
11 0.665839 0.642872 0.101755 0.0297579 0.00134001
11 0.185913 0.496803 0.0780359 0.0452849 0.00131535
11 0.40871 0.49565 0.0905037 0.0275545 0.00129322
11 0.387389 0.736104 0.0994557 0.0387617 0.00129185
11 0.486417 0.47605 0.0738018 0.0392972 0.00122191
11 0.460864 0.464361 0.103055 0.0298343 0.00120441
11 0.486811 0.492449 0.082942 0.0303778 0.0012032
11 0.49768 0.653856 0.132271 0.0461401 0.00119632
11 0.489971 0.635945 0.119488 0.0584758 0.00119067
11 0.471769 0.579378 0.084396 0.0918699 0.00118673
11 0.538419 0.642473 0.109033 0.042141 0.00114607
11 0.471155 0.491515 0.0899465 0.0324369 0.00110155
11 0.375927 0.719218 0.123762 0.0533453 0.00106822
11 0.684058 0.632795 0.108514 0.0484181 0.0010676
11 0.127054 0.711944 0.0736429 0.103669 0.00104039
11 0.479795 0.54885 0.0828167 0.0787783 0.00103341
