3 0.360076 0.675295 0.0411185 0.126893 0.337414
3 0.400528 0.718348 0.0652573 0.210384 0.229988
3 0.976591 0.668557 0.0468191 0.133165 0.221173
3 0.91167 0.680203 0.0486588 0.172727 0.0160894
11 0.204751 0.375666 0.0305778 0.0620093 0.0098066
11 0.207733 0.382366 0.0367623 0.0702719 0.00590553
11 0.13551 0.372959 0.0576669 0.0448396 0.00438479
11 0.200837 0.365368 0.0328268 0.0489295 0.00411839
11 0.829596 0.400464 0.0174465 0.100497 0.00396126
11 0.146068 0.372351 0.0424188 0.0427282 0.00365404
11 0.830677 0.414984 0.0157604 0.0875596 0.00332356
11 0.119871 0.375766 0.0370421 0.0449669 0.00267754
11 0.82485 0.390344 0.0238503 0.0952776 0.00203357
11 0.765441 0.410413 0.0707201 0.0535438 0.00199813
11 0.182427 0.464303 0.0270084 0.0654424 0.00198017
11 0.193423 0.350171 0.0382844 0.0338798 0.00191799
11 0.826847 0.412769 0.0216137 0.088753 0.00190609
11 0.181131 0.347698 0.0545018 0.0326304 0.00190537
11 0.757319 0.4029 0.0758354 0.0706498 0.00180984
11 0.158431 0.368616 0.0379716 0.040379 0.00180482
11 0.801825 0.47719 0.0419028 0.0770597 0.0016566
11 0.182939 0.365029 0.0390829 0.0413442 0.00165506
11 0.111718 0.375336 0.0250804 0.0476986 0.00158826
11 0.751681 0.356039 0.0501867 0.0470141 0.00149408
11 0.11255 0.432172 0.0265156 0.059599 0.00115076
11 0.168141 0.352082 0.0479644 0.0336913 0.00114508
11 0.131668 0.462893 0.058656 0.0397161 0.00112398
11 0.134234 0.362344 0.0532304 0.0439262 0.00107498
11 0.763476 0.355087 0.0438483 0.0425345 0.00106676
11 0.559114 0.763566 0.0608881 0.0440421 0.00106077
11 0.209159 0.38841 0.0275196 0.0854604 0.00102372
