0 0.384558 0.579285 0.497366 0.0888755 0.494672
0 0.383533 0.583298 0.331343 0.0863026 0.038084
0 0.393684 0.563499 0.529227 0.199026 0.00974708
0 0.448798 0.585312 0.450542 0.129078 0.00577804
0 0.480923 0.575798 0.300085 0.092381 0.0056319
0 0.409059 0.551025 0.542573 0.28538 0.00340863
11 0.150467 0.463005 0.0565707 0.1257 0.00311129
0 0.482334 0.620774 0.385374 0.231299 0.00277475
0 0.49217 0.602205 0.361401 0.152704 0.00221409
11 0.146194 0.482186 0.0605087 0.164684 0.00181396
0 0.423522 0.566914 0.49265 0.129567 0.00160704
0 0.510175 0.635983 0.35774 0.323872 0.00101043
