11 0.704016 0.790975 0.146521 0.0659728 0.158417
11 0.475502 0.453717 0.0951932 0.140083 0.0569542
11 0.515876 0.367615 0.0756535 0.137788 0.0275635
11 0.465801 0.382362 0.0654796 0.233667 0.0126138
11 0.469502 0.369269 0.0487091 0.209114 0.00916524
11 0.487193 0.35632 0.0843891 0.164623 0.00794618
11 0.47356 0.365427 0.0761793 0.181764 0.00697549
11 0.606875 0.265897 0.10981 0.0511133 0.00674307
11 0.476194 0.228093 0.0281763 0.140012 0.00276779
11 0.529138 0.363963 0.083744 0.159932 0.00265134
11 0.68413 0.796489 0.105302 0.0758451 0.00246897
11 0.617268 0.267644 0.133512 0.069214 0.00215752
11 0.454883 0.205279 0.0730176 0.0939908 0.00173515
11 0.592119 0.266769 0.0814259 0.0363524 0.00158972
11 0.726322 0.794578 0.178192 0.0812809 0.00131573
11 0.488736 0.179802 0.0502508 0.0963275 0.00127446
11 0.767883 0.776652 0.119266 0.0637163 0.00113823
11 0.476835 0.189567 0.0279733 0.0698422 0.00110554
