3 0.749772 0.545754 0.0957006 0.0704747 0.760896
11 0.589271 0.348143 0.0962376 0.0562344 0.00739116
11 0.233028 0.629043 0.0916598 0.0542631 0.00603961
11 0.581516 0.372265 0.0916097 0.0399263 0.00263281
11 0.234272 0.616882 0.0869198 0.05553 0.00210665
11 0.583826 0.362206 0.0905499 0.0453907 0.00193966
11 0.21441 0.489966 0.110595 0.0304257 0.00187822
11 0.122383 0.641058 0.0637866 0.0590574 0.00184195
11 0.222904 0.639554 0.0851729 0.0539843 0.00180519
11 0.137444 0.698875 0.0669346 0.0498886 0.00150825
11 0.568185 0.379579 0.0779556 0.0494082 0.00142199
11 0.12531 0.629072 0.0644688 0.0403755 0.00123008
11 0.599894 0.342517 0.0719346 0.0464338 0.00122322
11 0.121272 0.653917 0.0640872 0.049087 0.00115891
11 0.133065 0.642145 0.059924 0.0614493 0.00108542
11 0.120017 0.698026 0.0634951 0.0457018 0.00108348
11 0.163465 0.684466 0.0761542 0.0298096 0.00106008
