10 0.614502 0.411913 0.291514 0.278356 0.129424
3 0.625688 0.418128 0.285605 0.281166 0.111985
10 0.581599 0.389169 0.290957 0.30676 0.0055061
8 0.638441 0.441811 0.300173 0.316713 0.00351138
2 0.626424 0.514974 0.299903 0.491905 0.00193726
8 0.62677 0.521018 0.302197 0.488413 0.00174187
10 0.623823 0.416322 0.227706 0.240577 0.00169258
11 0.56762 0.369743 0.17373 0.182557 0.00151356
2 0.616539 0.475628 0.374049 0.47312 0.00147408
8 0.636169 0.601233 0.314017 0.283207 0.00129043
2 0.575369 0.422591 0.407326 0.370463 0.00127825
