3 0.838819 0.706061 0.173443 0.27289 0.817935
4 0.83446 0.545406 0.203622 0.312053 0.386249
4 0.848406 0.622866 0.196575 0.263145 0.00842921
10 0.857179 0.572525 0.153888 0.202654 0.00415186
4 0.85465 0.576279 0.162742 0.222131 0.00408076
11 0.829821 0.745678 0.147284 0.18375 0.00363594
11 0.846205 0.757123 0.105734 0.155855 0.00313083
11 0.85492 0.533137 0.0977293 0.209795 0.00271746
11 0.849232 0.502054 0.0955435 0.136747 0.00198948
11 0.829407 0.769172 0.089085 0.106552 0.001543
11 0.814211 0.766908 0.114239 0.128382 0.00148547
11 0.860803 0.492094 0.0748308 0.117584 0.00143222
11 0.8472 0.769568 0.0761782 0.092687 0.00122559
4 0.808861 0.649431 0.280614 0.2266 0.00118391
