10 0.359116 0.647673 0.516428 0.452863 0.874166
3 0.594099 0.724666 0.300934 0.2874 0.612588
4 0.310489 0.470787 0.27344 0.109078 0.494045
3 0.309017 0.503105 0.286555 0.188079 0.00420751
8 0.373621 0.616571 0.337578 0.255401 0.00360425
4 0.274532 0.449034 0.352802 0.196237 0.00245987
3 0.568707 0.705022 0.227508 0.241594 0.00208642
10 0.310137 0.468314 0.276674 0.109184 0.00177925
4 0.331588 0.514286 0.345878 0.194205 0.00173393
3 0.360767 0.570503 0.281566 0.251537 0.00156704
4 0.56688 0.70113 0.318308 0.333538 0.00114498
