3 0.758843 0.691934 0.0894117 0.184832 0.782177
11 0.320227 0.388457 0.0293516 0.0724334 0.0259013
11 0.154126 0.410283 0.0742798 0.0326841 0.0055546
11 0.173132 0.611469 0.0706164 0.0566093 0.00546378
11 0.179412 0.618142 0.0743985 0.0530917 0.00283521
11 0.158025 0.418 0.0826926 0.0409143 0.00275531
11 0.147403 0.42103 0.0694222 0.0417692 0.00273298
11 0.109411 0.375939 0.0329285 0.0561143 0.00243136
11 0.187153 0.625107 0.06938 0.0476996 0.00239977
11 0.169391 0.412292 0.0720393 0.0332175 0.00205942
11 0.115774 0.386038 0.0541608 0.0565193 0.00200379
11 0.22174 0.455525 0.0696764 0.0369021 0.00189112
11 0.752066 0.329604 0.0555015 0.0233722 0.00171081
11 0.123947 0.434359 0.0390086 0.0569519 0.00161902
11 0.189189 0.49546 0.0621798 0.0349062 0.00151385
11 0.740986 0.328589 0.0417778 0.021534 0.00148084
11 0.125897 0.441925 0.046727 0.0743421 0.00139228
11 0.118778 0.3767 0.0496277 0.0519826 0.0013349
11 0.195712 0.598089 0.0725285 0.059339 0.00129863
11 0.203819 0.426107 0.0814365 0.0457706 0.00128187
11 0.131458 0.385179 0.0596588 0.0428111 0.00121399
11 0.208448 0.628718 0.0555939 0.0487985 0.00117306
11 0.134179 0.424984 0.0485104 0.0429507 0.00117002
11 0.162529 0.604463 0.0593565 0.0639962 0.00113233
11 0.838736 0.355342 0.0389614 0.0464318 0.00108003
11 0.10439 0.379831 0.0417119 0.0647034 0.00107618
11 0.136914 0.405575 0.0565138 0.0542457 0.00103514
11 0.139482 0.42817 0.0632438 0.0491724 0.00103483
11 0.108952 0.408398 0.0568044 0.0794451 0.00101121
11 0.742873 0.339814 0.0459133 0.0315545 0.00100143
