7 0.566665 0.400115 0.223345 0.0675949 0.493157
6 0.58473 0.384262 0.28752 0.0861862 0.409356
7 0.574729 0.407833 0.18535 0.0538652 0.335501
7 0.577496 0.392005 0.259365 0.0840513 0.0836301
7 0.527164 0.392565 0.151077 0.0747211 0.0761193
7 0.526904 0.380095 0.163479 0.0732078 0.0467765
6 0.637432 0.402728 0.393592 0.122173 0.0342839
7 0.545331 0.373815 0.202418 0.0642168 0.00970332
7 0.510338 0.383732 0.123923 0.0634552 0.00656196
7 0.593618 0.413591 0.172646 0.046163 0.0053471
7 0.531206 0.364556 0.179105 0.047547 0.00260505
7 0.509522 0.368951 0.136122 0.0556172 0.00177944
