9 0.725313 0.530483 0.400917 0.252934 0.852679
6 0.63032 0.394132 0.447672 0.184803 0.818969
7 0.639313 0.323084 0.108188 0.0226118 0.102645
7 0.776401 0.465488 0.255493 0.105723 0.00501122
6 0.721783 0.392329 0.256274 0.190787 0.00495905
7 0.653489 0.325796 0.153919 0.0316646 0.0048218
7 0.737408 0.459593 0.271911 0.128852 0.00368256
7 0.725497 0.433595 0.290684 0.182103 0.00318137
6 0.709823 0.469027 0.348406 0.163361 0.00282426
7 0.64361 0.31947 0.121007 0.0305067 0.00204868
7 0.78775 0.372541 0.115827 0.146179 0.00170204
7 0.793276 0.365522 0.10478 0.111136 0.0013729
7 0.769555 0.455919 0.199781 0.0926832 0.00111141
