6 0.577975 0.733886 0.0953016 0.116371 0.280134
11 0.575515 0.732604 0.0966866 0.11983 0.0655077
2 0.576278 0.637601 0.0998043 0.312971 0.0530418
2 0.607022 0.614806 0.169857 0.252822 0.0196353
2 0.597622 0.556879 0.174277 0.220166 0.01444
2 0.570614 0.600685 0.133986 0.332157 0.0122251
2 0.610636 0.53175 0.192222 0.158049 0.00841282
2 0.604138 0.502665 0.207024 0.215889 0.00511557
2 0.614214 0.558265 0.186222 0.12798 0.00427564
2 0.549577 0.589446 0.163473 0.361091 0.00328051
6 0.576564 0.691703 0.0957676 0.203559 0.00170217
4 0.573123 0.616639 0.108938 0.287775 0.00132031
2 0.594621 0.469897 0.226827 0.281972 0.00127115
