1 0.403291 0.617055 0.153102 0.333749 0.717071
1 0.402544 0.655047 0.129742 0.237654 0.15354
1 0.399247 0.680233 0.0971225 0.171278 0.0181662
1 0.41317 0.678573 0.102332 0.204546 0.0164546
1 0.386864 0.668405 0.109311 0.190226 0.010989
1 0.400208 0.580169 0.125452 0.231177 0.00475885
1 0.411782 0.0926747 0.110661 0.0345049 0.00429506
1 0.41836 0.584558 0.108928 0.256422 0.0035591
5 0.421234 0.662707 0.0857958 0.244104 0.00339059
1 0.414561 0.62553 0.114238 0.297248 0.00170119
1 0.432817 0.561973 0.086007 0.207445 0.00160344
5 0.37869 0.669684 0.0979829 0.189743 0.00145576
5 0.430499 0.596308 0.0896926 0.270445 0.00142152
5 0.425441 0.687418 0.074153 0.210548 0.00115335
1 0.407726 0.694122 0.0814714 0.151599 0.00101994
1 0.399826 0.547022 0.117707 0.18721 0.00101696
