4 0.613917 0.809969 0.108323 0.0983914 0.331527
4 0.5119 0.552855 0.165092 0.107408 0.289394
4 0.467533 0.64678 0.151131 0.0733405 0.168163
4 0.480493 0.659825 0.168002 0.0936588 0.155084
4 0.493607 0.679814 0.128974 0.0769679 0.0918785
4 0.726077 0.62618 0.116316 0.0889347 0.0776069
4 0.429928 0.643878 0.140224 0.0681821 0.0771326
1 0.601222 0.808969 0.150768 0.10414 0.0513376
4 0.734731 0.641377 0.112893 0.106005 0.0510237
4 0.488078 0.52487 0.130925 0.0601308 0.0477714
4 0.716177 0.638232 0.116841 0.101784 0.0318461
4 0.479544 0.687869 0.141756 0.0649903 0.0254799
4 0.743693 0.62832 0.113764 0.0950337 0.022008
4 0.503726 0.536943 0.142506 0.0775662 0.0195102
4 0.736214 0.606321 0.118334 0.0598934 0.0144987
4 0.497521 0.667237 0.164914 0.0859527 0.0141106
4 0.710012 0.628965 0.109557 0.0777187 0.0111187
4 0.47367 0.634411 0.148242 0.0736456 0.00951189
4 0.741375 0.658057 0.121873 0.102985 0.00829674
4 0.751552 0.613603 0.123553 0.0785063 0.00819528
4 0.544539 0.504076 0.129008 0.0348899 0.00769372
4 0.505751 0.506158 0.198199 0.0348816 0.00691077
4 0.474424 0.517301 0.142339 0.0488808 0.00527316
4 0.492791 0.497862 0.235294 0.0271107 0.00437445
4 0.470814 0.698538 0.143223 0.04555 0.00416511
4 0.478445 0.525797 0.127179 0.0476007 0.00413223
4 0.722556 0.65606 0.125428 0.109257 0.00331448
4 0.528482 0.516914 0.143475 0.0464933 0.00281076
4 0.753972 0.665951 0.121588 0.0898237 0.00266264
4 0.700996 0.651789 0.0938824 0.116823 0.00233873
4 0.475323 0.50535 0.185669 0.0379227 0.00214931
4 0.453026 0.635174 0.125703 0.0659027 0.00193323
4 0.744483 0.592342 0.1135 0.0720217 0.0019325
4 0.640596 0.812994 0.157207 0.0958223 0.00191332
4 0.756577 0.640832 0.142174 0.0874849 0.00166819
4 0.485588 0.590826 0.132767 0.0320833 0.00162974
4 0.628693 0.823302 0.113955 0.0719417 0.00151763
4 0.338665 0.721289 0.138298 0.0422142 0.00133385
4 0.465565 0.705864 0.140342 0.0456049 0.00124253
4 0.324858 0.717976 0.112808 0.0372911 0.00116529
4 0.50243 0.569166 0.145477 0.0756172 0.00103244
4 0.605195 0.822895 0.123521 0.0777285 0.0010244
