1 0.629048 0.612893 0.102818 0.25204 0.519767
1 0.711834 0.688717 0.255584 0.245668 0.278418
5 0.763884 0.739154 0.166284 0.280833 0.0636057
1 0.624298 0.594863 0.077219 0.211516 0.051312
1 0.634466 0.657783 0.121376 0.240021 0.0328221
1 0.75825 0.714418 0.188933 0.255281 0.0197323
1 0.749019 0.755487 0.164397 0.195983 0.0132068
1 0.623654 0.642669 0.0856464 0.224068 0.00916748
1 0.695709 0.636577 0.261891 0.28339 0.00724724
1 0.765275 0.585284 0.111788 0.219522 0.0062532
5 0.758528 0.56966 0.100154 0.188063 0.00558405
1 0.770565 0.548135 0.105441 0.138958 0.00533386
1 0.614614 0.598198 0.0544867 0.208078 0.00426418
1 0.661542 0.649816 0.179568 0.254276 0.00322211
11 0.177708 0.812336 0.119063 0.0643162 0.00314985
1 0.738923 0.575924 0.127272 0.19801 0.00300602
1 0.74162 0.781388 0.10882 0.18728 0.00271334
1 0.785305 0.541875 0.132895 0.118329 0.00266889
1 0.618266 0.622342 0.0709282 0.222167 0.00263735
1 0.697705 0.728751 0.165252 0.161895 0.002547
5 0.767137 0.55309 0.102138 0.141776 0.00246313
5 0.751965 0.695355 0.203576 0.266257 0.00242697
5 0.635506 0.640751 0.0848408 0.270973 0.0021838
1 0.784186 0.550905 0.152819 0.152312 0.00139943
5 0.762156 0.582641 0.120842 0.142154 0.00136587
1 0.705991 0.621274 0.197114 0.293622 0.00134899
1 0.719585 0.752361 0.147857 0.144582 0.00123619
1 0.765266 0.601605 0.144042 0.255483 0.00118571
1 0.725613 0.775293 0.120977 0.137157 0.00103683
1 0.609084 0.658949 0.113228 0.211402 0.00103646
1 0.730446 0.736804 0.199152 0.160832 0.00101431
5 0.758226 0.761244 0.135191 0.194854 0.00100515
