1 0.297771 0.540621 0.191638 0.264196 0.563251
1 0.397196 0.515963 0.0686119 0.21874 0.212246
1 0.305115 0.568619 0.150318 0.198785 0.0221057
1 0.356542 0.578854 0.124444 0.171723 0.0146346
1 0.336978 0.57649 0.132877 0.213451 0.0117919
1 0.293207 0.524359 0.143866 0.187381 0.0106163
1 0.34996 0.606639 0.104457 0.144469 0.00929276
1 0.340706 0.603156 0.118804 0.176706 0.00510808
1 0.373187 0.537408 0.0997912 0.206824 0.00396338
1 0.31088 0.588284 0.123218 0.169074 0.00394653
1 0.364977 0.561857 0.103004 0.161115 0.00378734
1 0.250177 0.552617 0.115524 0.140194 0.00374122
1 0.406817 0.517228 0.0445286 0.210039 0.00368504
1 0.329253 0.615726 0.0923251 0.138905 0.0033697
1 0.353542 0.551912 0.148296 0.177181 0.00183667
1 0.327913 0.595536 0.115245 0.151917 0.00175507
1 0.384634 0.546117 0.0685184 0.162785 0.00156421
1 0.352741 0.523385 0.16765 0.235669 0.00136706
1 0.333066 0.634443 0.0927722 0.118289 0.00129273
