1 0.453971 0.714069 0.188963 0.117894 0.0913363
10 0.506308 0.708066 0.211046 0.115975 0.0767559
4 0.419543 0.730093 0.179407 0.164284 0.056858
4 0.447359 0.710708 0.164147 0.10681 0.0370324
1 0.427629 0.719432 0.190773 0.152322 0.0318946
4 0.469963 0.711041 0.167983 0.117643 0.0303273
10 0.470625 0.707202 0.227775 0.138625 0.0280042
4 0.4972 0.709218 0.21964 0.105932 0.0185086
1 0.430982 0.703872 0.160628 0.115692 0.0120059
4 0.424888 0.69451 0.167911 0.127976 0.010006
4 0.367824 0.673543 0.192856 0.105992 0.00918032
4 0.462158 0.71099 0.227576 0.149307 0.00509738
4 0.403665 0.679887 0.228826 0.147253 0.00507343
4 0.428094 0.687948 0.236822 0.181264 0.00354568
4 0.417141 0.741318 0.132073 0.136306 0.00311261
4 0.400114 0.690276 0.2032 0.112786 0.00212037
