5 0.539349 0.554073 0.0987005 0.325626 0.670619
1 0.532946 0.55039 0.0879217 0.325028 0.0684253
1 0.515553 0.562502 0.0566641 0.283843 0.0364543
4 0.840421 0.51848 0.0599816 0.0958273 0.0317105
5 0.555062 0.523444 0.0699484 0.230891 0.023785
5 0.513066 0.54683 0.0501194 0.222913 0.0139329
5 0.521231 0.504576 0.0487031 0.28848 0.0123388
5 0.538003 0.500924 0.0468183 0.273197 0.00966173
4 0.780901 0.663182 0.0441133 0.0839994 0.00879484
1 0.509436 0.559758 0.0542005 0.239144 0.00762658
1 0.280762 0.266044 0.0528444 0.123765 0.00733137
5 0.561876 0.514221 0.0553774 0.203744 0.00650649
5 0.535149 0.461778 0.0388311 0.210735 0.00527256
4 0.845781 0.508424 0.061726 0.0899946 0.00478907
1 0.275039 0.276064 0.0433424 0.128567 0.00443777
5 0.27646 0.273339 0.0465853 0.134775 0.0042442
5 0.526756 0.46462 0.0394476 0.217257 0.00406416
1 0.534582 0.449395 0.0405011 0.184659 0.00396611
5 0.520363 0.579064 0.0655998 0.261707 0.00371331
4 0.808475 0.760051 0.0402744 0.0578752 0.00350075
1 0.269168 0.285277 0.0624849 0.116822 0.0026052
5 0.252305 0.365963 0.0729134 0.0486287 0.00224098
4 0.854008 0.524337 0.0784723 0.108613 0.00200827
5 0.542389 0.478381 0.0389982 0.234977 0.00169215
1 0.286932 0.244119 0.0575507 0.0891563 0.00168925
4 0.921384 0.596231 0.0375361 0.165737 0.00165063
1 0.273015 0.261653 0.0654862 0.108398 0.00163324
1 0.262143 0.37819 0.0916284 0.0431332 0.00152719
1 0.527221 0.44519 0.0405998 0.17589 0.00146571
5 0.258479 0.307624 0.062684 0.115563 0.00141771
5 0.253795 0.334964 0.076688 0.0860939 0.0014144
5 0.569593 0.495661 0.0365034 0.157889 0.00137701
5 0.254997 0.374552 0.0785981 0.0442946 0.00103581
