5 0.220832 0.806187 0.282772 0.0879893 0.789618
1 0.166173 0.669595 0.110354 0.161035 0.224297
1 0.179644 0.662734 0.128468 0.187226 0.196756
1 0.674269 0.22898 0.240867 0.23206 0.171399
1 0.884599 0.27787 0.101313 0.134491 0.158777
5 0.124779 0.724485 0.106608 0.166252 0.0909222
5 0.113912 0.729556 0.0775845 0.15647 0.086862
1 0.140019 0.722225 0.117191 0.150624 0.0740912
1 0.701917 0.204038 0.185124 0.179507 0.0581567
1 0.883791 0.286245 0.0767041 0.113373 0.0578798
1 0.855621 0.266589 0.0963938 0.136483 0.0470929
1 0.158928 0.716307 0.112592 0.14011 0.0468277
1 0.873738 0.266488 0.07975 0.129127 0.0323271
1 0.134338 0.667721 0.125953 0.14855 0.0277529
1 0.743065 0.289867 0.184731 0.173958 0.0270491
1 0.699946 0.277325 0.223505 0.217117 0.0239256
1 0.900443 0.290936 0.0967085 0.110391 0.0186639
1 0.737839 0.219466 0.12059 0.141257 0.0172016
1 0.148794 0.647742 0.11937 0.159007 0.0170444
5 0.270639 0.820182 0.177593 0.0523127 0.0143636
1 0.176127 0.703275 0.0840033 0.128975 0.0139136
1 0.15388 0.688682 0.111252 0.135973 0.0125164
1 0.749142 0.268406 0.212981 0.185624 0.0118254
1 0.143803 0.66774 0.138239 0.193839 0.0117294
1 0.115414 0.671493 0.0968234 0.140609 0.0107021
1 0.130383 0.696535 0.104733 0.136838 0.00986942
1 0.120997 0.733042 0.103246 0.156913 0.00975854
1 0.1571 0.696364 0.122289 0.185708 0.00864756
1 0.723133 0.206034 0.137557 0.15495 0.00852841
1 0.834368 0.269234 0.119667 0.14265 0.00816824
1 0.183135 0.678703 0.090696 0.158037 0.00774085
1 0.115406 0.715427 0.0819307 0.148858 0.00773167
1 0.769046 0.228906 0.157394 0.145038 0.00749012
1 0.15313 0.735991 0.126396 0.162326 0.00716357
1 0.744827 0.230721 0.206939 0.199895 0.00547355
1 0.13228 0.646436 0.111518 0.144826 0.00464467
1 0.756064 0.232118 0.114713 0.131201 0.00442983
1 0.159748 0.62584 0.110014 0.131027 0.00435543
1 0.173507 0.723015 0.0953088 0.135394 0.00431537
5 0.117067 0.638847 0.101433 0.0870512 0.00425862
1 0.771404 0.27526 0.19905 0.14366 0.00422787
1 0.107687 0.686262 0.0725187 0.139894 0.00370952
5 0.138341 0.627649 0.115796 0.121675 0.00348935
1 0.162086 0.733795 0.187428 0.22744 0.00342592
1 0.745093 0.269751 0.13712 0.127751 0.00338098
1 0.714161 0.291347 0.180662 0.187823 0.00308143
5 0.106634 0.746374 0.0616821 0.127144 0.00278706
1 0.123539 0.635364 0.106661 0.116625 0.00274236
1 0.176546 0.626477 0.0981196 0.124156 0.00241709
1 0.788047 0.243937 0.187321 0.14337 0.00233151
5 0.118723 0.625272 0.114877 0.0714561 0.00214547
5 0.109947 0.655497 0.0930923 0.0928596 0.00175501
1 0.856686 0.262145 0.073948 0.121927 0.00175133
1 0.194202 0.695182 0.0940495 0.137903 0.00164823
1 0.108343 0.66561 0.0848928 0.114546 0.00162022
5 0.284121 0.812382 0.169534 0.0462388 0.00150068
5 0.109209 0.637068 0.0968061 0.070013 0.00147241
1 0.746287 0.248368 0.106887 0.0993226 0.0012767
1 0.174839 0.738824 0.112714 0.159988 0.00125338
1 0.720162 0.231141 0.12375 0.119528 0.00120077
