10 0.392911 0.548007 0.637883 0.568826 0.971699
1 0.215462 0.358992 0.349812 0.223519 0.849403
6 0.644727 0.653069 0.17435 0.255138 0.809249
5 0.211426 0.625892 0.215819 0.319148 0.625982
10 0.391321 0.554538 0.425517 0.544757 0.375014
10 0.409719 0.549474 0.344258 0.324022 0.00566792
10 0.466077 0.592462 0.476521 0.445675 0.0051816
10 0.424281 0.543217 0.216442 0.363629 0.0040214
4 0.208239 0.438408 0.363368 0.502929 0.00352221
10 0.300251 0.51413 0.414949 0.556188 0.00324405
10 0.455102 0.569471 0.176059 0.369304 0.00279107
1 0.212017 0.486597 0.356299 0.393344 0.00267343
10 0.214577 0.41315 0.36383 0.515918 0.0023619
5 0.236333 0.474413 0.385752 0.350396 0.00203463
10 0.390449 0.469617 0.308378 0.49995 0.00154626
10 0.437389 0.475813 0.223125 0.50322 0.00150294
10 0.333153 0.484793 0.28499 0.338467 0.00144124
5 0.218994 0.534172 0.338578 0.386102 0.00133456
10 0.47513 0.538535 0.311823 0.574139 0.00125041
5 0.302022 0.570338 0.483349 0.445462 0.00119953
10 0.499227 0.555374 0.631193 0.591408 0.00119349
10 0.254552 0.457633 0.407051 0.470541 0.00110294
10 0.408652 0.540732 0.299823 0.533943 0.00106351
