5 0.303261 0.328843 0.405929 0.150034 0.657625
1 0.418945 0.79895 0.419132 0.172216 0.0465656
5 0.226754 0.324155 0.260289 0.0550571 0.0128953
1 0.641688 0.736246 0.161099 0.124612 0.00893974
5 0.311981 0.333808 0.363085 0.0979379 0.00791419
5 0.594465 0.785425 0.228667 0.18212 0.00608685
1 0.296623 0.35575 0.316501 0.10802 0.00473619
1 0.566988 0.790324 0.220755 0.132386 0.00441647
1 0.253413 0.3616 0.228956 0.0932489 0.00424109
5 0.207345 0.324717 0.228057 0.0432317 0.00420284
5 0.585232 0.790222 0.17949 0.140733 0.00413694
1 0.432017 0.74291 0.209446 0.15534 0.00396322
1 0.52444 0.813638 0.264946 0.147047 0.00340593
1 0.577081 0.770679 0.194635 0.132123 0.00232008
1 0.611119 0.750463 0.223649 0.155948 0.00220189
1 0.464254 0.746066 0.385009 0.195956 0.00215817
1 0.319689 0.343683 0.366218 0.106891 0.00191005
1 0.546271 0.777003 0.232767 0.128407 0.0016652
5 0.559418 0.808395 0.206706 0.135718 0.00165348
5 0.324085 0.317153 0.353109 0.116276 0.0016504
1 0.54719 0.804205 0.234464 0.122774 0.00144963
1 0.498624 0.771845 0.285654 0.147577 0.00124432
1 0.48692 0.736912 0.260598 0.143593 0.00124246
5 0.596958 0.774552 0.177177 0.123086 0.00121002
1 0.363564 0.337893 0.481865 0.199084 0.00118596
1 0.568168 0.799022 0.239684 0.190809 0.00114777
5 0.252338 0.329607 0.279672 0.0710188 0.00107804
