1 0.325069 0.715258 0.287314 0.149961 0.365154
1 0.545983 0.715239 0.277685 0.221534 0.0832036
1 0.537067 0.691687 0.24035 0.173462 0.0398549
1 0.570356 0.770463 0.232116 0.116984 0.0351117
5 0.545716 0.727169 0.280256 0.200261 0.026785
5 0.600196 0.797267 0.181711 0.0709265 0.0151147
1 0.520086 0.715109 0.297037 0.123035 0.0130367
1 0.557539 0.746696 0.23695 0.129395 0.0127785
5 0.632137 0.796933 0.189217 0.0692448 0.0126553
5 0.602029 0.789124 0.218787 0.0879776 0.0121676
1 0.579209 0.795459 0.203565 0.0871828 0.00915848
1 0.562693 0.716957 0.234945 0.176393 0.00896667
5 0.587529 0.809017 0.179747 0.0741947 0.00819014
1 0.676995 0.802952 0.280302 0.142522 0.0069782
1 0.598335 0.78198 0.232206 0.100621 0.00659072
1 0.470713 0.729923 0.266379 0.10772 0.00649479
5 0.658531 0.794589 0.186212 0.0782221 0.00613873
5 0.631882 0.80822 0.171287 0.0683107 0.00531758
1 0.533813 0.742552 0.269899 0.104956 0.00499985
1 0.645071 0.785782 0.322887 0.168214 0.00411611
1 0.59959 0.764632 0.300288 0.173054 0.00357761
5 0.68118 0.797746 0.204941 0.0949976 0.00354294
1 0.529098 0.761852 0.272053 0.118415 0.00349315
5 0.566358 0.794651 0.196941 0.0958802 0.00297683
1 0.488573 0.743937 0.269899 0.110462 0.00291577
1 0.308127 0.712139 0.258554 0.117632 0.00260272
1 0.455007 0.71799 0.467874 0.192022 0.00248164
5 0.5746 0.818229 0.178545 0.0822758 0.00231749
5 0.603145 0.818197 0.166779 0.0791202 0.00225192
5 0.501453 0.748603 0.361497 0.188671 0.00187177
1 0.42065 0.731327 0.276102 0.111553 0.00184594
1 0.384371 0.722519 0.276761 0.126288 0.00172884
5 0.591002 0.826622 0.150606 0.072736 0.00155388
5 0.665138 0.808208 0.18807 0.0796509 0.00135486
5 0.322521 0.719449 0.272648 0.126021 0.00131233
5 0.547872 0.778858 0.228003 0.108876 0.00129695
1 0.689017 0.810829 0.215859 0.0995668 0.00129015
1 0.311791 0.659138 0.257477 0.260891 0.00125508
1 0.547956 0.751782 0.259801 0.172792 0.0010712
5 0.697912 0.814344 0.227145 0.112849 0.00102868
