1 0.206631 0.448135 0.171444 0.152207 0.610991
1 0.290142 0.269207 0.0841351 0.194788 0.336722
1 0.529404 0.514245 0.0649864 0.130407 0.0300295
1 0.809381 0.343283 0.139101 0.147428 0.0110112
1 0.852582 0.342015 0.116469 0.139272 0.00881852
1 0.827111 0.32825 0.170206 0.164514 0.00645397
1 0.798392 0.357506 0.093606 0.105472 0.0056793
5 0.797924 0.352427 0.0957851 0.117178 0.00495596
1 0.852114 0.348596 0.0906799 0.116312 0.00428512
5 0.802482 0.372476 0.0891512 0.0761674 0.00390494
1 0.826796 0.362622 0.15013 0.139678 0.00345682
5 0.526937 0.514241 0.0474775 0.118763 0.00335069
1 0.80396 0.379102 0.0814337 0.0695525 0.00308108
1 0.824529 0.358303 0.0934313 0.101746 0.00242182
5 0.859206 0.350773 0.0935677 0.106174 0.00228434
5 0.286771 0.263659 0.0734658 0.187171 0.00228152
1 0.861152 0.36355 0.0927182 0.0867722 0.00222429
5 0.204141 0.449432 0.16612 0.144609 0.00215949
5 0.282703 0.248609 0.057287 0.154615 0.00162895
5 0.812221 0.379965 0.078967 0.0694654 0.00136256
1 0.848087 0.380801 0.0869837 0.0690163 0.00129601
5 0.862032 0.367056 0.0890877 0.0761535 0.00126982
1 0.806993 0.394974 0.0781311 0.0664958 0.00116573
