4 0.667962 0.336176 0.0855074 0.129862 0.664588
4 0.170232 0.865098 0.105774 0.0611685 0.0666801
4 0.159213 0.854182 0.0863777 0.0759649 0.0520518
4 0.153115 0.834635 0.0813284 0.0670214 0.027027
4 0.363255 0.795756 0.0788058 0.0409803 0.00434613
4 0.145906 0.823845 0.0949964 0.0593848 0.00401608
4 0.660599 0.352745 0.100446 0.170479 0.00390957
4 0.369997 0.882563 0.0708408 0.043522 0.00363191
4 0.337134 0.901883 0.0834683 0.0611382 0.00340441
4 0.156773 0.84405 0.0772226 0.0591129 0.00324575
4 0.374479 0.873238 0.0610269 0.0493594 0.00313371
4 0.358285 0.886851 0.0678602 0.0479563 0.00308418
4 0.359416 0.813174 0.0856954 0.0649717 0.00304135
4 0.327378 0.900672 0.0926509 0.0704215 0.00271872
4 0.196844 0.82517 0.107808 0.0679896 0.00255657
4 0.348388 0.894824 0.0779223 0.05133 0.00241977
10 0.175831 0.868172 0.107873 0.0584084 0.00238998
4 0.357249 0.838783 0.0719352 0.0595198 0.00179859
4 0.333291 0.91618 0.0858082 0.0534064 0.00173761
4 0.252821 0.914012 0.10264 0.0603329 0.0017344
10 0.369854 0.788122 0.0616069 0.0258014 0.00150791
4 0.341244 0.888334 0.0709706 0.0674745 0.00149681
4 0.185146 0.841346 0.113574 0.0611626 0.00137486
4 0.292362 0.857874 0.0935696 0.0599701 0.00125098
4 0.140628 0.831241 0.0946519 0.0792505 0.0012245
4 0.358942 0.802319 0.0830672 0.0554284 0.00116734
4 0.276811 0.862044 0.113148 0.0659951 0.00114351
4 0.265494 0.8561 0.114707 0.0655451 0.00110153
10 0.158102 0.848929 0.0781547 0.0533183 0.00108083
4 0.366922 0.842733 0.0756917 0.0592632 0.00101821
