1 0.767253 0.458225 0.286718 0.0764197 0.328474
1 0.743152 0.459051 0.227495 0.0659781 0.246509
1 0.749855 0.469279 0.22925 0.0583478 0.0803902
1 0.738117 0.489964 0.212303 0.0643587 0.0617427
1 0.73767 0.448398 0.213954 0.0713468 0.0549291
1 0.714007 0.465215 0.189571 0.0395995 0.0354044
1 0.731837 0.501513 0.193495 0.0552352 0.0312791
4 0.633333 0.511088 0.14876 0.0538127 0.0211759
1 0.691183 0.464703 0.157327 0.0347767 0.0194194
1 0.63453 0.510949 0.143353 0.0524772 0.0135673
1 0.725084 0.471769 0.201417 0.0487786 0.0122781
5 0.728683 0.507078 0.168664 0.0435805 0.0120956
1 0.783446 0.492987 0.250279 0.051321 0.006967
1 0.717921 0.451235 0.183046 0.0495825 0.00660227
1 0.768252 0.451743 0.226297 0.0724258 0.00592343
1 0.71632 0.49213 0.184366 0.052547 0.00454171
5 0.806947 0.463396 0.228411 0.0650279 0.00435294
1 0.70059 0.471296 0.165489 0.0418768 0.00410456
1 0.729065 0.436843 0.188457 0.0550908 0.0040488
11 0.545003 0.621444 0.0886235 0.0341094 0.00360658
1 0.758956 0.470037 0.273212 0.112221 0.00351717
11 0.57475 0.776601 0.0933272 0.0328619 0.0028509
5 0.640118 0.510675 0.131675 0.0447599 0.00260836
11 0.584091 0.77047 0.10256 0.0340252 0.00250479
1 0.767506 0.500405 0.243275 0.059756 0.00242519
1 0.829386 0.496157 0.194592 0.0488173 0.00196755
1 0.796792 0.472959 0.241738 0.0545005 0.00181848
5 0.831663 0.512773 0.193532 0.0618174 0.00179372
11 0.540486 0.616831 0.0810857 0.044816 0.00172615
11 0.588332 0.777152 0.103365 0.0373861 0.00162558
11 0.675048 0.874748 0.0870178 0.0577721 0.00156334
1 0.824263 0.506751 0.225075 0.0790182 0.00152184
5 0.688739 0.509748 0.146358 0.0423138 0.00141107
5 0.770901 0.506412 0.200053 0.0531462 0.00127583
1 0.70613 0.506033 0.167966 0.0468483 0.00122881
1 0.749109 0.440252 0.164037 0.069782 0.00120014
11 0.585686 0.761928 0.10885 0.0321454 0.00116499
5 0.818146 0.505192 0.208777 0.0585343 0.00110345
