5 0.773592 0.503811 0.154765 0.440547 0.676673
1 0.714361 0.309203 0.364595 0.247431 0.660086
6 0.822908 0.305833 0.163788 0.281854 0.0792139
10 0.665411 0.386393 0.278003 0.29387 0.0347677
6 0.766855 0.468751 0.138985 0.350116 0.0344204
6 0.80681 0.357074 0.205819 0.36729 0.0309448
10 0.69802 0.38147 0.34573 0.37169 0.0308615
10 0.761827 0.488755 0.430439 0.128177 0.0284038
10 0.625242 0.406424 0.298737 0.237561 0.0255977
10 0.718112 0.455026 0.344847 0.392882 0.0230747
10 0.726946 0.493443 0.35775 0.200584 0.0220844
6 0.680824 0.478955 0.266959 0.118372 0.015347
10 0.800896 0.45372 0.214143 0.556968 0.0149672
6 0.767716 0.348219 0.210665 0.290487 0.0137358
6 0.771363 0.314087 0.275936 0.283512 0.0134008
10 0.745152 0.435207 0.233506 0.538505 0.0128996
10 0.734458 0.416132 0.387946 0.275224 0.0115482
10 0.758539 0.515086 0.438564 0.182828 0.0107976
10 0.677474 0.490675 0.25766 0.10491 0.00834074
6 0.800315 0.42599 0.223318 0.507066 0.00793978
6 0.780764 0.436298 0.171843 0.325594 0.00758157
10 0.834304 0.494718 0.147322 0.453203 0.00676377
6 0.694417 0.456806 0.302336 0.147803 0.00576236
10 0.767374 0.451096 0.163323 0.555532 0.00568059
10 0.516278 0.452367 0.55582 0.136153 0.00456854
10 0.563704 0.500763 0.564822 0.14962 0.00445546
10 0.517168 0.47467 0.521141 0.108379 0.00401824
5 0.43108 0.474505 0.461483 0.0930291 0.0036955
6 0.774317 0.380498 0.170991 0.33263 0.00345989
10 0.545177 0.407203 0.507299 0.214229 0.00338134
5 0.709989 0.483769 0.315722 0.108134 0.00315843
10 0.555373 0.450916 0.555137 0.506634 0.00315712
10 0.754088 0.31362 0.264538 0.290245 0.00278819
5 0.48116 0.477759 0.305609 0.0896854 0.00245483
10 0.5218 0.410647 0.565252 0.16222 0.00244075
10 0.463296 0.458246 0.553055 0.105945 0.00212082
5 0.481487 0.486802 0.518272 0.114397 0.00177651
6 0.846078 0.56112 0.0985525 0.322637 0.00148225
6 0.793615 0.288915 0.181444 0.251255 0.00139881
6 0.694278 0.429349 0.311488 0.217759 0.00137769
6 0.674169 0.439194 0.275075 0.144149 0.00132289
10 0.742445 0.544344 0.422451 0.304642 0.00131408
5 0.661297 0.447706 0.23054 0.0843697 0.00128947
10 0.509693 0.523031 0.649652 0.371781 0.00105955
10 0.701379 0.471554 0.33303 0.146716 0.00103517
