5 0.374603 0.779578 0.200952 0.164696 0.0265793
5 0.403924 0.803665 0.137706 0.11886 0.0108568
5 0.353032 0.7512 0.153661 0.127346 0.00773069
5 0.369257 0.776765 0.160468 0.13019 0.00415891
1 0.461005 0.723566 0.0630033 0.128392 0.0039207
5 0.3163 0.660945 0.0797087 0.165812 0.00343393
5 0.317763 0.695784 0.0824909 0.120936 0.00328801
5 0.33903 0.73509 0.127492 0.127031 0.00270042
4 0.890843 0.453896 0.0566213 0.143493 0.00261458
4 0.832675 0.746946 0.0588044 0.0995644 0.00247748
4 0.831846 0.511655 0.0588316 0.11043 0.00231544
4 0.893158 0.451347 0.0421724 0.133865 0.00222476
1 0.463411 0.699107 0.0784576 0.175488 0.00211415
5 0.415211 0.816034 0.120003 0.0934006 0.00194931
5 0.392135 0.64594 0.102655 0.090033 0.00187497
4 0.72402 0.348683 0.0609896 0.0543058 0.00168739
4 0.787282 0.20949 0.0404799 0.147635 0.00132096
1 0.460864 0.678719 0.102153 0.173683 0.00126263
1 0.784923 0.212321 0.0417906 0.144029 0.00120304
1 0.398112 0.634753 0.11522 0.0893997 0.00118099
5 0.314526 0.732895 0.0984532 0.0946302 0.00115976
5 0.481131 0.63259 0.0873521 0.116098 0.00114121
4 0.638294 0.421856 0.0651144 0.0500534 0.0010846
4 0.655178 0.427257 0.080653 0.0547925 0.00108283
5 0.293714 0.73361 0.0993329 0.0706816 0.00108069
4 0.832002 0.283576 0.0290847 0.0833424 0.00106383
5 0.394067 0.681994 0.0866582 0.0601755 0.00104795
4 0.84226 0.739828 0.0803518 0.111023 0.00100085
