10 0.573599 0.701681 0.380469 0.350004 0.694693
6 0.223463 0.391355 0.288868 0.274307 0.689604
1 0.168314 0.413557 0.234351 0.295181 0.322807
10 0.331639 0.412617 0.562482 0.323822 0.251525
5 0.256385 0.454157 0.256972 0.286297 0.141055
5 0.315366 0.414389 0.509735 0.329833 0.0983755
10 0.256305 0.4663 0.262605 0.265883 0.0885718
1 0.651496 0.425433 0.337689 0.279397 0.0376407
10 0.439878 0.425047 0.659551 0.310986 0.0311799
5 0.348384 0.471098 0.0699193 0.250497 0.023463
10 0.270728 0.591504 0.254069 0.526787 0.0128243
10 0.225046 0.475107 0.322146 0.314981 0.0114744
5 0.338601 0.453096 0.093517 0.288913 0.00972526
10 0.24561 0.42032 0.355849 0.342297 0.00937037
4 0.523055 0.77066 0.330456 0.281756 0.00791421
6 0.201381 0.366057 0.281936 0.215493 0.00789427
10 0.275718 0.432756 0.217133 0.32727 0.00687327
5 0.132971 0.475622 0.149642 0.188803 0.00479005
10 0.220776 0.571562 0.276723 0.576442 0.00459133
6 0.319874 0.45548 0.134692 0.29048 0.00451804
10 0.466554 0.432188 0.473498 0.380093 0.00378802
10 0.302537 0.616765 0.179766 0.539148 0.00336663
10 0.202485 0.552993 0.292585 0.443675 0.00323875
1 0.149602 0.421932 0.158803 0.276963 0.00266703
10 0.513981 0.512525 0.504084 0.397135 0.00242021
10 0.608348 0.558083 0.241544 0.567414 0.00238231
1 0.153097 0.48342 0.193237 0.343642 0.00211474
10 0.646045 0.542417 0.340742 0.469047 0.00209029
5 0.327256 0.417578 0.119718 0.355895 0.00162081
10 0.590055 0.542987 0.249602 0.447419 0.00143291
4 0.545478 0.728838 0.359581 0.359131 0.00139942
10 0.502632 0.559812 0.429585 0.517019 0.00114101
10 0.528186 0.741562 0.327796 0.330345 0.0011203
10 0.566362 0.549955 0.357242 0.45719 0.00107075
6 0.175325 0.346336 0.221657 0.17572 0.00100371
