1 0.32534 0.766467 0.147458 0.196929 0.242801
5 0.674464 0.821131 0.28632 0.160224 0.0449841
1 0.416615 0.766142 0.281019 0.209337 0.0310472
1 0.44269 0.824601 0.205318 0.218686 0.0271613
1 0.666393 0.809986 0.325135 0.176924 0.0268374
5 0.44939 0.85991 0.156423 0.146822 0.022743
1 0.483841 0.75934 0.32081 0.23084 0.0201591
5 0.444262 0.829888 0.170209 0.209043 0.017261
1 0.635208 0.787762 0.386239 0.222868 0.0169175
5 0.699063 0.867678 0.127576 0.117133 0.0167549
5 0.696563 0.812549 0.266541 0.129504 0.0119513
1 0.571034 0.766755 0.455859 0.246914 0.0117954
1 0.680358 0.830248 0.243675 0.17932 0.0109817
1 0.700697 0.774246 0.28443 0.0713392 0.00893745
5 0.702443 0.780035 0.27965 0.0746035 0.00819547
1 0.479646 0.815487 0.279843 0.230248 0.00708264
1 0.535265 0.796494 0.384744 0.252226 0.00651986
1 0.70002 0.831277 0.212495 0.117247 0.00561346
1 0.702002 0.842769 0.181634 0.100004 0.00404851
1 0.459929 0.755826 0.251079 0.186621 0.00387187
5 0.694159 0.84521 0.191328 0.112878 0.00340126
1 0.626566 0.840787 0.285622 0.186325 0.00328787
5 0.319155 0.763636 0.124415 0.183691 0.00315563
5 0.691347 0.871397 0.0698442 0.109443 0.00306548
1 0.712667 0.857321 0.155262 0.0877107 0.00264209
1 0.488686 0.865213 0.154103 0.116722 0.00248229
1 0.49303 0.835956 0.164932 0.174242 0.00224106
1 0.428673 0.766309 0.185708 0.177707 0.00217348
1 0.647349 0.772556 0.321739 0.108245 0.00216212
1 0.531057 0.864928 0.109799 0.0877502 0.00186094
1 0.356875 0.766243 0.199884 0.19093 0.00185738
1 0.709054 0.822012 0.282068 0.119004 0.00162147
1 0.592387 0.868489 0.228791 0.0917462 0.00160983
1 0.654855 0.800767 0.315062 0.127611 0.00143041
1 0.673858 0.854126 0.206528 0.167654 0.00143019
1 0.641136 0.863276 0.232965 0.104436 0.00137138
5 0.439962 0.871605 0.123574 0.123287 0.00130853
1 0.410128 0.746167 0.194365 0.160875 0.00103816
1 0.481835 0.736281 0.270224 0.188232 0.00102047
