6 0.192131 0.491242 0.1095 0.150687 0.78094
10 0.285428 0.646107 0.493239 0.319476 0.725815
6 0.0963305 0.436382 0.0397387 0.179539 0.718352
10 0.227716 0.736569 0.339219 0.141996 0.460359
10 0.281547 0.724648 0.461627 0.180692 0.368674
10 0.207267 0.712177 0.312597 0.134868 0.1801
10 0.272522 0.738438 0.308381 0.117495 0.130175
10 0.242439 0.714606 0.351568 0.102032 0.123603
10 0.206965 0.682882 0.313436 0.189972 0.111518
10 0.355202 0.759097 0.292766 0.0964023 0.099749
10 0.241979 0.682096 0.353716 0.122454 0.075681
10 0.243351 0.663525 0.355202 0.18745 0.0297921
10 0.357512 0.816274 0.336873 0.0544687 0.00949384
10 0.264046 0.658456 0.352251 0.144023 0.00859586
6 0.0849121 0.437153 0.0627001 0.179981 0.00835
10 0.222653 0.818161 0.347005 0.0912659 0.00783348
10 0.332766 0.813392 0.359694 0.0687445 0.00497107
10 0.28327 0.750648 0.473403 0.290798 0.00477905
10 0.221079 0.834933 0.35155 0.0799752 0.00465394
10 0.275632 0.707599 0.282214 0.184224 0.00388527
10 0.364921 0.76782 0.265295 0.0732992 0.00363943
10 0.222676 0.767005 0.338646 0.156619 0.00316174
10 0.258255 0.781792 0.41832 0.232278 0.0028742
10 0.291712 0.742147 0.21996 0.124969 0.0026349
10 0.292382 0.829235 0.363833 0.0600379 0.00262455
10 0.243875 0.819431 0.36176 0.0686546 0.00230955
10 0.353123 0.796204 0.326595 0.0670897 0.00218247
10 0.204895 0.763021 0.325999 0.120515 0.00161877
10 0.286629 0.631433 0.346393 0.226689 0.00132897
