1 0.745775 0.42487 0.130757 0.256935 0.249377
5 0.749671 0.456605 0.112275 0.217493 0.196308
5 0.74584 0.428599 0.131051 0.264853 0.191597
5 0.818142 0.440587 0.0878063 0.201146 0.122653
5 0.811074 0.417176 0.122894 0.266538 0.118559
1 0.791439 0.423015 0.120099 0.206955 0.0863504
1 0.807733 0.43635 0.10247 0.199508 0.0442902
1 0.771836 0.41594 0.131053 0.215375 0.0356228
5 0.799776 0.386239 0.081594 0.213003 0.0253521
1 0.805756 0.408205 0.12106 0.26031 0.0249069
1 0.79526 0.40005 0.0822807 0.222492 0.0239932
1 0.822222 0.441956 0.0842556 0.186194 0.0223217
1 0.783022 0.380093 0.0880603 0.196706 0.0125616
5 0.810203 0.41357 0.0825751 0.20149 0.0125216
1 0.76923 0.444948 0.107777 0.220713 0.0113683
5 0.791364 0.362183 0.0784297 0.16542 0.0112801
5 0.66918 0.555611 0.277953 0.173389 0.00853538
5 0.828573 0.4535 0.122109 0.209619 0.00848604
5 0.852556 0.458905 0.122952 0.0945097 0.00787855
5 0.828911 0.461665 0.0946991 0.183492 0.00765781
5 0.849812 0.466363 0.123971 0.139157 0.00570227
1 0.784608 0.360627 0.0748446 0.16452 0.00444932
5 0.745489 0.385441 0.108197 0.170723 0.00419901
1 0.746538 0.399625 0.113369 0.200068 0.00398371
5 0.789339 0.452161 0.165034 0.22017 0.0029305
5 0.841378 0.481713 0.102742 0.129827 0.00246641
1 0.768333 0.364482 0.0855131 0.167398 0.00229521
5 0.783601 0.35077 0.0733551 0.14028 0.00225507
5 0.760192 0.453634 0.158325 0.219629 0.00185371
5 0.705767 0.529965 0.197895 0.105768 0.00166584
1 0.794214 0.455733 0.12044 0.198371 0.00161103
1 0.78429 0.41853 0.156227 0.26599 0.00132681
5 0.795696 0.344717 0.0942831 0.128635 0.0010311
5 0.815462 0.508472 0.1054 0.108539 0.00100457
