5 0.667536 0.644156 0.393333 0.337657 0.727557
1 0.481133 0.683616 0.310107 0.254166 0.0315392
1 0.45237 0.502114 0.349937 0.281343 0.0219154
1 0.375495 0.508228 0.227588 0.288177 0.0186184
1 0.465752 0.630635 0.285007 0.361749 0.0134363
5 0.676161 0.575527 0.240407 0.172624 0.0123161
1 0.54634 0.500238 0.155233 0.283104 0.00895642
1 0.447151 0.671678 0.225338 0.276293 0.00884653
1 0.401123 0.54726 0.278754 0.373429 0.00790907
5 0.391752 0.675641 0.0843872 0.244028 0.00759259
1 0.43348 0.624643 0.20347 0.372495 0.00742584
5 0.602677 0.685753 0.23406 0.224923 0.00526201
1 0.502426 0.600124 0.400448 0.425091 0.00401153
5 0.476948 0.687314 0.28522 0.24295 0.00387343
1 0.575092 0.496365 0.200354 0.303619 0.00384153
1 0.443328 0.585379 0.311357 0.44931 0.00375303
1 0.593041 0.681814 0.277115 0.222005 0.00360381
1 0.420052 0.660953 0.168481 0.278212 0.0032097
5 0.563248 0.494169 0.108913 0.280546 0.0029563
5 0.62478 0.661133 0.270533 0.257737 0.0028631
5 0.657787 0.609501 0.210476 0.228706 0.00280728
1 0.625847 0.504029 0.291973 0.318931 0.00272872
1 0.554902 0.663445 0.464502 0.298501 0.00246767
1 0.558104 0.696141 0.289823 0.212174 0.00171476
5 0.398108 0.678826 0.118009 0.257986 0.00169739
1 0.52459 0.497442 0.22555 0.285783 0.00162154
1 0.402519 0.644617 0.142109 0.334819 0.00153625
5 0.72527 0.573903 0.241467 0.176901 0.0015267
1 0.398705 0.600024 0.207444 0.42165 0.00144158
