10 0.722197 0.288096 0.0503387 0.219624 0.0346996
10 0.724211 0.329037 0.061376 0.304831 0.0122512
11 0.128932 0.773957 0.0809682 0.0672055 0.0105729
10 0.651699 0.783088 0.0387135 0.22128 0.00659689
11 0.616012 0.797248 0.0225282 0.127941 0.0062225
11 0.617741 0.799806 0.0408115 0.129095 0.00478976
4 0.610188 0.798976 0.0312317 0.130447 0.00458522
4 0.615484 0.799509 0.0303517 0.128829 0.00444425
11 0.609793 0.794235 0.0274374 0.124359 0.00347058
11 0.752427 0.388832 0.0200563 0.0661885 0.00333561
11 0.175717 0.741255 0.110661 0.0718632 0.00295692
11 0.633091 0.79772 0.0578304 0.137194 0.00294398
11 0.528967 0.830891 0.0499336 0.108944 0.00253245
11 0.612318 0.810201 0.0545904 0.115414 0.00241315
10 0.651331 0.79759 0.036546 0.154594 0.00161087
4 0.584898 0.54041 0.0200812 0.107589 0.00144738
11 0.604156 0.8027 0.0566904 0.121299 0.0014106
10 0.734054 0.295702 0.0594921 0.234087 0.0013364
11 0.601703 0.795949 0.0372446 0.130592 0.00132544
11 0.543116 0.822981 0.0610346 0.0901874 0.001296
11 0.583272 0.638759 0.0419884 0.102019 0.00124126
10 0.65571 0.784494 0.0496476 0.250976 0.00121808
11 0.535863 0.836272 0.0421065 0.118981 0.00119881
10 0.725987 0.335318 0.0432959 0.132774 0.00118838
10 0.720044 0.335008 0.0483667 0.106475 0.00118765
