1 0.564787 0.670739 0.265455 0.251362 0.471405
1 0.618558 0.673338 0.392142 0.224631 0.0627146
1 0.560961 0.663335 0.203806 0.225846 0.0284987
1 0.600878 0.674721 0.292664 0.166849 0.0165781
1 0.561422 0.689822 0.336014 0.245243 0.0151209
5 0.626515 0.669949 0.306887 0.135645 0.00512627
5 0.537638 0.665649 0.170682 0.207161 0.00471541
1 0.59451 0.652981 0.238867 0.215651 0.00316144
1 0.624708 0.657326 0.287657 0.163333 0.00303475
1 0.645621 0.633622 0.253852 0.153688 0.00204645
1 0.702126 0.672966 0.25927 0.194089 0.00199674
5 0.489968 0.679976 0.270704 0.0734734 0.00145561
5 0.601881 0.693119 0.278109 0.156559 0.00133432
5 0.510557 0.668141 0.18907 0.134315 0.0012687
1 0.665416 0.671519 0.290906 0.128475 0.00124278
1 0.571979 0.697274 0.270241 0.177124 0.00105513
