10 0.405684 0.566244 0.74973 0.401623 0.348338
6 0.423741 0.649179 0.183228 0.172202 0.21027
10 0.885509 0.627595 0.123276 0.282534 0.115555
6 0.893164 0.628624 0.139005 0.284558 0.0382729
6 0.371867 0.67184 0.134877 0.176978 0.0180139
1 0.277533 0.232618 0.208849 0.402393 0.0179519
5 0.206835 0.3018 0.327282 0.488974 0.010025
6 0.722227 0.310422 0.194897 0.18895 0.00899843
10 0.552572 0.552921 0.553964 0.386591 0.00827577
10 0.363548 0.567504 0.408647 0.417478 0.00500358
5 0.517391 0.555493 0.461171 0.410638 0.00435028
5 0.468186 0.554338 0.320075 0.403601 0.00282416
6 0.390276 0.659601 0.165794 0.180458 0.00268982
10 0.424687 0.557374 0.280261 0.404951 0.00231063
5 0.252953 0.255878 0.253289 0.434718 0.00189663
6 0.270342 0.259474 0.216015 0.445586 0.00174347
6 0.436648 0.618122 0.230241 0.254536 0.00159306
