1 0.293617 0.771928 0.134161 0.122873 0.429391
1 0.417947 0.803037 0.245685 0.225451 0.307863
1 0.415292 0.765297 0.192775 0.157072 0.268912
1 0.314816 0.766777 0.16583 0.133492 0.245686
1 0.344396 0.762345 0.181053 0.145013 0.135945
5 0.770222 0.834817 0.126876 0.192615 0.0707379
1 0.427243 0.829195 0.23494 0.164575 0.0642618
1 0.390896 0.775507 0.213399 0.162615 0.0304197
1 0.326512 0.752133 0.124636 0.151147 0.0235554
1 0.440742 0.807175 0.177653 0.204446 0.0218649
1 0.43738 0.760172 0.137999 0.147584 0.0191674
1 0.265337 0.769735 0.146841 0.123973 0.018556
1 0.363214 0.784986 0.200107 0.161272 0.0128168
1 0.314959 0.768726 0.125044 0.117814 0.0100554
5 0.438817 0.755148 0.133618 0.140735 0.00683247
5 0.439248 0.797398 0.158691 0.215266 0.00557698
1 0.578012 0.763945 0.18519 0.174471 0.00548452
1 0.381242 0.749955 0.161368 0.143461 0.00429292
1 0.451541 0.77992 0.142883 0.185064 0.00361587
1 0.713066 0.800051 0.125741 0.135028 0.00307038
1 0.341162 0.745956 0.0882717 0.143122 0.00288506
1 0.741712 0.816731 0.161446 0.170669 0.00242483
1 0.556586 0.791224 0.241961 0.243829 0.00212473
1 0.515573 0.82552 0.116084 0.144349 0.00204334
1 0.707464 0.790439 0.101647 0.112732 0.00151608
1 0.763885 0.82852 0.153171 0.20802 0.00145608
1 0.367446 0.813952 0.243298 0.182805 0.00123525
4 0.707838 0.785738 0.0949512 0.100078 0.00121583
5 0.782031 0.825859 0.0945724 0.190245 0.0011058
