10 0.523126 0.535348 0.736638 0.347059 0.966867
6 0.159802 0.758274 0.319604 0.309251 0.80644
5 0.305835 0.879856 0.389508 0.186102 0.693829
10 0.686685 0.668992 0.526386 0.262057 0.402226
1 0.757414 0.708751 0.382439 0.232425 0.270552
10 0.746353 0.709914 0.36073 0.23975 0.14513
6 0.755042 0.70938 0.370044 0.232971 0.117862
10 0.641679 0.615705 0.544952 0.367061 0.0352264
1 0.296397 0.88109 0.405526 0.169322 0.0197828
5 0.459688 0.901346 0.520832 0.105673 0.0189353
5 0.377818 0.924721 0.493603 0.0871502 0.0184696
6 0.735253 0.731655 0.309862 0.210715 0.0134643
5 0.352099 0.846071 0.283218 0.101246 0.0134112
10 0.595427 0.564898 0.607726 0.352471 0.0118554
5 0.390736 0.89173 0.501471 0.15159 0.0117484
10 0.689825 0.654066 0.367747 0.393457 0.00878706
5 0.394511 0.923418 0.315056 0.0749183 0.00806086
5 0.384364 0.896983 0.32534 0.131626 0.00728541
6 0.357682 0.869983 0.262086 0.145777 0.00701269
5 0.467187 0.879751 0.506175 0.125073 0.00504329
5 0.481261 0.908566 0.476412 0.0752959 0.0047924
5 0.581075 0.898676 0.278814 0.0759517 0.00466085
5 0.430986 0.936176 0.578006 0.0836823 0.00429355
5 0.362591 0.910924 0.303636 0.103779 0.0026876
5 0.308925 0.882997 0.348568 0.138104 0.00230017
5 0.41036 0.972481 0.656505 0.0550376 0.00217484
5 0.348065 0.87941 0.305081 0.161198 0.00213923
5 0.290913 0.856572 0.340061 0.0992341 0.00174706
6 0.339905 0.856709 0.296232 0.111805 0.00162998
10 0.295665 0.81899 0.447487 0.145103 0.00158895
5 0.365996 0.867557 0.435784 0.169043 0.00148517
10 0.63472 0.871964 0.57005 0.13679 0.00121282
10 0.487353 0.863871 0.502001 0.132359 0.00117226
10 0.277096 0.817134 0.487297 0.232017 0.00112315
5 0.341808 0.921647 0.323402 0.07702 0.00110006
10 0.470025 0.581245 0.3591 0.274801 0.00101328
