1 0.36451 0.815601 0.232835 0.153765 0.806739
1 0.690245 0.668624 0.13558 0.140175 0.422734
1 0.82474 0.753529 0.178713 0.263597 0.0466197
5 0.827686 0.751616 0.170217 0.261503 0.0186459
1 0.683104 0.675285 0.102023 0.128227 0.013452
1 0.361887 0.728288 0.139388 0.0969455 0.00791111
5 0.86326 0.689309 0.0905036 0.125241 0.00429254
1 0.845508 0.718292 0.131952 0.18688 0.00406183
5 0.855298 0.714767 0.111541 0.178837 0.0031199
11 0.706918 0.577739 0.0620045 0.0565717 0.00309196
1 0.385368 0.757592 0.106553 0.0725738 0.00280342
1 0.371063 0.741681 0.115689 0.0749797 0.0025347
1 0.395338 0.769789 0.151159 0.0824562 0.00250211
5 0.7981 0.746472 0.0788271 0.103705 0.00180643
1 0.856127 0.725812 0.099159 0.165199 0.00175049
1 0.679505 0.683019 0.0772588 0.111074 0.00173038
1 0.378086 0.747647 0.0953943 0.0644987 0.00141146
1 0.805289 0.750033 0.101164 0.0972567 0.00112602
1 0.408363 0.785693 0.150663 0.0553772 0.00110086
1 0.828685 0.747485 0.120948 0.113416 0.00108578
5 0.369081 0.775304 0.178008 0.0754877 0.00108569
