4 0.612119 0.750139 0.182671 0.0633205 0.247396
5 0.612485 0.751282 0.177113 0.0580074 0.148032
5 0.621735 0.618772 0.157594 0.0637974 0.0164258
5 0.586245 0.581728 0.173358 0.0497195 0.00856971
4 0.506805 0.726981 0.1356 0.058874 0.00595493
4 0.589702 0.755213 0.144643 0.0627077 0.00265205
1 0.599062 0.584091 0.188384 0.0679164 0.00228213
1 0.625942 0.613064 0.173433 0.0711397 0.00141633
4 0.289269 0.654934 0.0947609 0.0818524 0.00128093
5 0.606184 0.599131 0.168271 0.0680675 0.00114932
4 0.516875 0.719161 0.128086 0.056711 0.00101821
