1 0.914478 0.359791 0.140381 0.185555 0.0992618
5 0.827364 0.442924 0.0960525 0.037853 0.0788359
5 0.826548 0.435468 0.0991181 0.0424595 0.0528681
1 0.796062 0.328253 0.126855 0.195604 0.0431246
5 0.895202 0.399332 0.0970522 0.0901777 0.026293
1 0.825214 0.265598 0.126345 0.0940901 0.0256188
5 0.871415 0.280063 0.106748 0.0669213 0.0241841
1 0.862508 0.277176 0.0970184 0.0684386 0.0241082
1 0.849669 0.272225 0.101525 0.0757908 0.0201229
1 0.897696 0.404819 0.0901537 0.0918692 0.0179135
5 0.832772 0.425156 0.101337 0.0459701 0.017892
5 0.885173 0.406718 0.0983074 0.0695433 0.0158631
1 0.898813 0.384814 0.11712 0.124883 0.0138726
1 0.810669 0.277676 0.128776 0.13487 0.0124611
5 0.777453 0.303984 0.101599 0.104154 0.0123935
5 0.789467 0.332379 0.0998517 0.154437 0.0118262
1 0.91217 0.341786 0.132541 0.107104 0.0114864
11 0.22802 0.620817 0.0846375 0.0464998 0.011385
1 0.893623 0.343626 0.131083 0.090899 0.0110671
5 0.758118 0.301285 0.0632236 0.0709051 0.0110056
1 0.891881 0.340566 0.157656 0.177114 0.0103213
5 0.825863 0.409048 0.104754 0.0688123 0.0100279
1 0.925303 0.341596 0.113331 0.13209 0.0098882
5 0.931648 0.350604 0.101774 0.165929 0.0098396
5 0.855185 0.410589 0.123107 0.0661356 0.00914039
1 0.803755 0.267517 0.103357 0.108262 0.00892086
1 0.829734 0.276779 0.147749 0.111335 0.00872366
5 0.793223 0.293441 0.111621 0.143886 0.00870405
1 0.910411 0.320027 0.117798 0.0857618 0.00861972
5 0.873219 0.412758 0.0779194 0.0624755 0.00854414
1 0.768085 0.303119 0.0859739 0.0868739 0.00843661
1 0.821617 0.262612 0.0931591 0.0861107 0.00842845
1 0.899892 0.365507 0.137896 0.113637 0.00828048
1 0.560683 0.799507 0.11592 0.141691 0.00823978
5 0.858878 0.280768 0.0995201 0.0783036 0.00794165
5 0.56509 0.790563 0.0976719 0.104971 0.00791889
1 0.570642 0.780942 0.0874258 0.101291 0.0076323
5 0.887489 0.386843 0.115581 0.10071 0.00762154
5 0.779991 0.320118 0.090744 0.132148 0.00752451
5 0.802848 0.343229 0.108577 0.167323 0.00727261
1 0.789905 0.290736 0.107383 0.0993685 0.00726679
5 0.768245 0.302562 0.0838314 0.0823335 0.00714803
5 0.555971 0.828342 0.105675 0.0937395 0.007021
5 0.558209 0.807273 0.106705 0.102636 0.00674981
5 0.886777 0.342105 0.128753 0.0879422 0.00608668
1 0.814273 0.343337 0.149945 0.190693 0.00604791
5 0.882906 0.360633 0.124125 0.0889016 0.00601909
5 0.916378 0.403285 0.0699976 0.0933328 0.00525529
5 0.879504 0.289482 0.123756 0.0814894 0.00518294
5 0.904877 0.41453 0.0731163 0.0810949 0.00517861
5 0.911876 0.393548 0.0984016 0.109698 0.00507135
1 0.867576 0.351585 0.184885 0.185763 0.00489059
1 0.884358 0.295302 0.130003 0.0935425 0.00476231
5 0.82895 0.37921 0.112816 0.107815 0.00456692
5 0.858833 0.383092 0.146518 0.0905001 0.00455408
1 0.438937 0.257306 0.0988377 0.255667 0.00411014
1 0.92694 0.3226 0.104305 0.100097 0.00368611
5 0.935332 0.330218 0.0939838 0.122526 0.00341081
1 0.886403 0.315836 0.13234 0.100088 0.00314992
11 0.22173 0.618646 0.0964919 0.0600903 0.00311152
5 0.578841 0.807212 0.0729205 0.111906 0.0029734
5 0.817987 0.40032 0.10376 0.0597677 0.00291281
5 0.849736 0.432381 0.0593449 0.043314 0.00289216
1 0.901536 0.300892 0.112874 0.0845347 0.0028115
1 0.562484 0.76709 0.0796633 0.0930895 0.00259932
5 0.864341 0.363765 0.127792 0.0899476 0.00249007
5 0.822502 0.453903 0.105838 0.0545993 0.0019995
1 0.831992 0.322278 0.151584 0.129059 0.00178929
1 0.548462 0.800409 0.11876 0.0908619 0.00177463
1 0.549946 0.780064 0.103389 0.0957785 0.00163077
1 0.924125 0.303741 0.0919458 0.0819142 0.0015777
1 0.808025 0.697369 0.0551582 0.142456 0.00155608
1 0.855348 0.37488 0.164116 0.155288 0.00154775
5 0.813552 0.36635 0.10682 0.124555 0.00154744
1 0.8624 0.2933 0.169087 0.130997 0.00154069
5 0.927317 0.380653 0.0797021 0.126416 0.00147081
1 0.800798 0.70337 0.0559664 0.124191 0.00132429
5 0.851877 0.364186 0.131687 0.108422 0.00131529
1 0.88433 0.293897 0.155709 0.118546 0.00125494
1 0.826511 0.387938 0.133235 0.131498 0.00120286
1 0.77415 0.582771 0.0834279 0.12139 0.00112015
5 0.556113 0.844212 0.100646 0.0815906 0.00108089
5 0.57748 0.82793 0.071015 0.0887875 0.00103429
