5 0.278749 0.686078 0.101893 0.27755 0.241237
11 0.0782069 0.683851 0.0615976 0.0511924 0.0703606
11 0.0736847 0.677544 0.0725848 0.0683567 0.00483605
4 0.879376 0.626583 0.0267036 0.0987858 0.00369222
11 0.0854336 0.676563 0.0602578 0.0589781 0.00356321
4 0.190984 0.581259 0.0419312 0.0909052 0.00353711
1 0.331844 0.671687 0.103723 0.116043 0.00252445
1 0.32813 0.646297 0.0977987 0.134255 0.00226927
4 0.87846 0.619194 0.0342785 0.0997623 0.00203753
1 0.780787 0.221174 0.0424648 0.0725315 0.00202148
1 0.325409 0.623149 0.0959864 0.13033 0.00180786
4 0.877088 0.374208 0.0357064 0.0803602 0.00162428
1 0.316536 0.668039 0.0817109 0.137622 0.00150509
4 0.168841 0.611311 0.0504838 0.0973135 0.00147327
4 0.881262 0.602975 0.0311422 0.129578 0.00142318
1 0.779361 0.234613 0.0437883 0.0827326 0.00134296
4 0.17714 0.605894 0.0610869 0.12196 0.00133396
4 0.168885 0.591533 0.0508794 0.0816188 0.00130921
1 0.688776 0.403978 0.0913454 0.0743373 0.00129151
11 0.0969232 0.682088 0.0403049 0.0554246 0.00125972
1 0.773563 0.232874 0.0532077 0.0716601 0.00125939
4 0.882841 0.620117 0.036213 0.115618 0.00123668
1 0.774421 0.207627 0.049313 0.0496522 0.00120448
4 0.181172 0.587162 0.0561927 0.0994579 0.00118151
1 0.309959 0.697157 0.0948502 0.154504 0.00108675
1 0.317255 0.610314 0.0835642 0.109443 0.00103219
4 0.181465 0.708606 0.0469709 0.0853602 0.00102044
