1 0.264546 0.627689 0.320425 0.109499 0.623562
1 0.276572 0.664479 0.289908 0.0793089 0.0259146
5 0.278523 0.620634 0.282499 0.0896097 0.022618
1 0.247587 0.637191 0.290657 0.0827359 0.0218235
1 0.278763 0.647725 0.262309 0.0795273 0.0166069
1 0.275008 0.650929 0.333953 0.116597 0.0140226
1 0.289193 0.634593 0.254602 0.0901821 0.00658578
5 0.275585 0.675761 0.315045 0.0651282 0.00526518
4 0.743807 0.862397 0.194888 0.0518726 0.00401875
1 0.208889 0.638033 0.208032 0.0752445 0.00385485
4 0.720332 0.860647 0.188402 0.0438813 0.00241999
4 0.696014 0.865 0.17175 0.0413262 0.0022286
1 0.232136 0.646233 0.257803 0.0681119 0.00192859
