1 0.751121 0.821253 0.20156 0.139132 0.234442
1 0.798505 0.776419 0.18606 0.105082 0.222894
3 0.234677 0.896113 0.166106 0.135273 0.105274
1 0.684306 0.830098 0.246174 0.126849 0.0892973
5 0.655479 0.823065 0.200953 0.0967198 0.0850251
1 0.664667 0.825824 0.208505 0.100264 0.0701432
1 0.721682 0.819179 0.200316 0.125625 0.068456
1 0.781562 0.790825 0.207178 0.114912 0.0635296
1 0.654203 0.811477 0.172681 0.0901867 0.0340998
1 0.811429 0.779692 0.174315 0.0824292 0.0338019
1 0.769749 0.822474 0.17802 0.112385 0.0238373
1 0.689829 0.785023 0.170206 0.0951067 0.0229408
1 0.702844 0.832857 0.209036 0.0995474 0.0207191
1 0.773078 0.845075 0.174953 0.133045 0.0170897
1 0.692392 0.808466 0.213508 0.118038 0.0160245
5 0.66567 0.836883 0.205582 0.103818 0.0121791
1 0.781252 0.860237 0.149582 0.107497 0.011241
1 0.737597 0.796183 0.265191 0.124607 0.00946054
5 0.831955 0.743948 0.125768 0.0706175 0.00923254
1 0.814498 0.762085 0.158392 0.0928593 0.0083717
5 0.853789 0.710851 0.227712 0.138382 0.00833546
5 0.641023 0.816512 0.163455 0.0764052 0.00735143
1 0.741243 0.836132 0.173766 0.114392 0.00709161
5 0.823369 0.755086 0.142128 0.0695533 0.00599954
1 0.672703 0.801002 0.186977 0.0924265 0.00543705
5 0.702902 0.794775 0.18577 0.106568 0.00510724
3 0.23751 0.809936 0.0980895 0.0794935 0.00471518
5 0.689147 0.84139 0.179661 0.0915216 0.00387967
5 0.780492 0.870637 0.146771 0.0898579 0.00374946
11 0.161463 0.756784 0.0382931 0.054425 0.00341139
1 0.790656 0.771487 0.206082 0.137861 0.00292305
5 0.846886 0.734469 0.151023 0.074403 0.00290657
1 0.789648 0.830186 0.15232 0.11725 0.00278505
5 0.858598 0.718725 0.205343 0.103327 0.00257913
5 0.82471 0.783104 0.157157 0.0753118 0.00231596
11 0.152553 0.759889 0.0366783 0.0586624 0.00200471
1 0.823036 0.770043 0.147123 0.0628137 0.00161063
11 0.156252 0.755513 0.0507884 0.0628932 0.00157111
11 0.166295 0.75256 0.0458388 0.0572041 0.00147535
4 0.681694 0.770419 0.14612 0.0724114 0.00146204
1 0.833179 0.779476 0.134696 0.0713369 0.00144724
5 0.843038 0.724433 0.174651 0.0840193 0.00133246
1 0.793847 0.759146 0.177394 0.1056 0.00123395
1 0.670456 0.773192 0.141471 0.0726073 0.00116987
1 0.665388 0.789521 0.157396 0.0806434 0.00105011
5 0.694338 0.854974 0.159203 0.078211 0.00103962
5 0.837231 0.767673 0.119929 0.0545191 0.0010288
