1 0.336339 0.409207 0.334162 0.238048 0.35938
5 0.38578 0.536752 0.407709 0.297167 0.235396
1 0.38373 0.416562 0.398965 0.26694 0.0766222
1 0.456169 0.233534 0.383848 0.230994 0.0714822
1 0.319066 0.408713 0.243529 0.217686 0.0485684
1 0.505517 0.394944 0.483625 0.286561 0.0390175
1 0.605825 0.372975 0.272571 0.311532 0.0214197
1 0.643858 0.359102 0.187468 0.285328 0.0173528
5 0.482977 0.354152 0.431584 0.134601 0.0168584
1 0.406794 0.372414 0.309292 0.167126 0.0135717
1 0.519526 0.346569 0.450862 0.255121 0.0085168
5 0.422336 0.194945 0.227554 0.0746477 0.00841374
1 0.490794 0.361894 0.467647 0.18618 0.00821894
1 0.45224 0.353596 0.375385 0.137413 0.00621229
1 0.42461 0.428529 0.304902 0.22878 0.00524553
1 0.335215 0.375372 0.253911 0.174201 0.00482251
1 0.569982 0.341869 0.260156 0.207483 0.00424576
1 0.329049 0.413754 0.172345 0.216892 0.00390579
1 0.311544 0.482725 0.235971 0.399186 0.00290202
1 0.370381 0.36622 0.251325 0.148636 0.00270851
1 0.455966 0.424155 0.424176 0.314559 0.00260959
5 0.624575 0.350222 0.135054 0.259107 0.00258456
5 0.36218 0.355187 0.24161 0.140751 0.00230989
5 0.678844 0.345618 0.0987307 0.243543 0.00225769
1 0.413977 0.362009 0.400442 0.208452 0.00218584
5 0.280774 0.520793 0.0861443 0.212474 0.00183625
1 0.33285 0.420946 0.133955 0.189477 0.00181067
1 0.543112 0.308902 0.368526 0.288288 0.00171844
5 0.454907 0.199053 0.296687 0.0734515 0.00170792
1 0.379296 0.493239 0.40641 0.365959 0.00168219
5 0.406974 0.352257 0.313243 0.141479 0.00165415
1 0.595088 0.341797 0.185834 0.233581 0.00164023
1 0.608201 0.327372 0.251547 0.246987 0.00162579
1 0.34005 0.555964 0.298498 0.247125 0.00162302
5 0.65445 0.351206 0.146331 0.255793 0.00156752
5 0.278631 0.543472 0.100837 0.207344 0.00154983
5 0.289483 0.405095 0.160455 0.21407 0.00133539
5 0.295055 0.479412 0.194049 0.413774 0.00132823
5 0.602107 0.40417 0.229013 0.247538 0.00129513
1 0.651116 0.337626 0.158249 0.233169 0.00128335
1 0.425375 0.248566 0.311468 0.19496 0.00121804
5 0.475193 0.191782 0.315455 0.0980224 0.00116239
1 0.428084 0.49847 0.299359 0.195322 0.00115924
