6 0.187807 0.685 0.111674 0.197751 0.805759
10 0.288145 0.511986 0.502853 0.44369 0.752179
6 0.0977496 0.71182 0.0402213 0.205787 0.717373
10 0.283025 0.383293 0.368598 0.231509 0.71552
10 0.218144 0.435841 0.341764 0.240846 0.61095
10 0.25423 0.462478 0.329618 0.24863 0.0405312
10 0.2576 0.413526 0.378877 0.239957 0.0136025
6 0.098531 0.744287 0.0352805 0.149206 0.01332
10 0.219522 0.423906 0.318149 0.180353 0.0077375
10 0.255504 0.473184 0.271787 0.20926 0.00699105
10 0.248679 0.320898 0.352967 0.053338 0.00270277
10 0.258338 0.41221 0.330013 0.168227 0.002423
10 0.210822 0.372982 0.294501 0.0884509 0.00214317
10 0.268489 0.306273 0.351435 0.0655693 0.00199366
10 0.232129 0.339665 0.325443 0.0638564 0.00177783
6 0.0979054 0.694959 0.0327646 0.178666 0.00158489
10 0.208354 0.40054 0.297962 0.13349 0.0012642
10 0.223179 0.48113 0.358223 0.344627 0.00120985
10 0.296111 0.472685 0.273845 0.19353 0.00120559
