10 0.451867 0.602443 0.486901 0.351752 0.809603
1 0.790792 0.684962 0.357862 0.268337 0.748357
5 0.728851 0.507221 0.259489 0.452585 0.47567
10 0.804147 0.524072 0.280129 0.47309 0.162453
6 0.874644 0.653237 0.204966 0.233501 0.120034
5 0.789664 0.603129 0.366208 0.346619 0.0962044
10 0.758743 0.51665 0.271026 0.468751 0.0715779
10 0.787608 0.598776 0.354847 0.315368 0.0653088
6 0.837863 0.58239 0.211971 0.290049 0.0234232
6 0.835616 0.643539 0.282853 0.262591 0.0106351
5 0.791118 0.664529 0.368073 0.289398 0.0104224
10 0.835485 0.566171 0.296445 0.40856 0.00930239
10 0.739633 0.596401 0.267318 0.189693 0.00862822
6 0.835957 0.554931 0.297912 0.411288 0.00724512
6 0.802532 0.599369 0.299329 0.273534 0.00646582
5 0.810018 0.637766 0.270504 0.23246 0.00500849
10 0.715397 0.533693 0.431701 0.375245 0.00462547
10 0.532931 0.570692 0.594139 0.426549 0.00407216
10 0.741191 0.526044 0.229446 0.348729 0.00344625
6 0.775132 0.683223 0.327637 0.259074 0.00261464
10 0.726413 0.597445 0.473393 0.388637 0.00230874
6 0.909562 0.645902 0.133726 0.220916 0.00169282
6 0.839094 0.678048 0.247279 0.218413 0.00163846
10 0.744936 0.55761 0.270817 0.237865 0.0016366
10 0.598117 0.548533 0.656845 0.518947 0.00126675
5 0.859631 0.649537 0.218497 0.233315 0.0010864
10 0.655561 0.510974 0.438055 0.457672 0.00106635
6 0.873573 0.606281 0.222369 0.326714 0.00103195
