5 0.445568 0.821629 0.168902 0.185692 0.407691
1 0.445449 0.821393 0.172238 0.184659 0.331864
1 0.447189 0.618373 0.203176 0.0681045 0.129022
1 0.457465 0.592924 0.236038 0.106277 0.127723
1 0.463262 0.567584 0.237463 0.0508437 0.0943393
1 0.512367 0.573503 0.18792 0.0533209 0.0647587
1 0.463539 0.628314 0.168189 0.0458976 0.0531016
1 0.454535 0.607246 0.193933 0.0780769 0.0458866
1 0.48581 0.5766 0.237139 0.0606683 0.0414987
1 0.447184 0.579627 0.212557 0.0800995 0.03429
5 0.459913 0.627804 0.184938 0.0500036 0.0261378
1 0.508885 0.590167 0.193253 0.0772949 0.0251377
1 0.50703 0.564026 0.159433 0.0453478 0.0216874
1 0.43992 0.562436 0.185297 0.0416811 0.0210697
5 0.64314 0.559037 0.242944 0.0645588 0.0203037
5 0.397816 0.827163 0.0800383 0.175098 0.0188364
5 0.465886 0.63202 0.161844 0.0381281 0.0182037
1 0.482821 0.595737 0.211106 0.0851029 0.0173227
1 0.640568 0.558336 0.270039 0.0730976 0.0162265
5 0.692066 0.554829 0.169206 0.0579681 0.0156946
1 0.548801 0.569989 0.234391 0.0520483 0.0107266
1 0.698825 0.558993 0.160412 0.0502504 0.00774933
5 0.480251 0.617126 0.156069 0.0623896 0.00576164
1 0.431204 0.590977 0.203791 0.0877342 0.00554839
1 0.715319 0.567052 0.167219 0.044273 0.00535012
5 0.438782 0.621542 0.221831 0.0675158 0.00505478
1 0.272292 0.713248 0.248625 0.0914726 0.00481552
1 0.535485 0.579091 0.353016 0.100146 0.00471345
1 0.504876 0.556871 0.152314 0.0439584 0.00414401
5 0.612932 0.560767 0.322961 0.0799253 0.00337581
5 0.552623 0.563807 0.236395 0.0489931 0.00315922
1 0.603921 0.562886 0.341062 0.0855963 0.00290113
5 0.276688 0.857946 0.205485 0.0419994 0.00284752
1 0.53026 0.585811 0.208146 0.0543663 0.00284151
5 0.59565 0.567287 0.272102 0.0556577 0.00277183
1 0.423674 0.611447 0.280015 0.097265 0.00264261
5 0.490927 0.624624 0.128471 0.0446123 0.00243045
5 0.6184 0.559356 0.214447 0.0446161 0.00242353
5 0.556159 0.576537 0.246542 0.0448981 0.00216091
1 0.708114 0.562085 0.210698 0.0744915 0.0021588
5 0.263457 0.721654 0.235446 0.0680553 0.00214728
1 0.429248 0.568177 0.174196 0.0539291 0.0019087
1 0.45355 0.557527 0.201821 0.0402252 0.00164366
1 0.497936 0.586358 0.274834 0.116835 0.00147517
5 0.425893 0.560031 0.163486 0.0399235 0.00136792
5 0.250173 0.857273 0.173333 0.0502629 0.00130371
5 0.367533 0.632327 0.225166 0.057668 0.00122142
1 0.403382 0.587163 0.226041 0.0774336 0.00115187
1 0.370572 0.5855 0.247872 0.0639247 0.00103458
