10 0.455097 0.489297 0.697029 0.536765 0.813553
5 0.139504 0.48612 0.122378 0.532183 0.626417
5 0.357422 0.397842 0.368386 0.473577 0.568272
5 0.482872 0.465217 0.641658 0.559234 0.325242
5 0.403046 0.523731 0.632996 0.483293 0.0698663
10 0.320747 0.480223 0.445819 0.571145 0.0646117
6 0.344666 0.513864 0.351567 0.313879 0.0573721
6 0.233622 0.511026 0.285431 0.292085 0.0558564
10 0.240795 0.440698 0.376088 0.429215 0.0340894
10 0.423117 0.415217 0.621415 0.452841 0.0333764
10 0.104896 0.483687 0.149948 0.566613 0.0125549
10 0.20217 0.488394 0.321003 0.539959 0.0110407
5 0.165749 0.434963 0.178891 0.421026 0.009965
5 0.330805 0.54978 0.458541 0.494569 0.00970277
10 0.325722 0.385837 0.458068 0.397366 0.0096482
10 0.308747 0.297628 0.508635 0.215624 0.00638141
10 0.197957 0.423629 0.257135 0.400621 0.00608803
10 0.396416 0.550184 0.615955 0.464818 0.00562862
10 0.306402 0.314021 0.480179 0.296082 0.00550247
6 0.392956 0.501748 0.359909 0.279994 0.00530225
10 0.439857 0.424418 0.436117 0.469105 0.004238
6 0.261775 0.479107 0.325515 0.316998 0.00410371
10 0.0828587 0.488962 0.113053 0.539731 0.00373118
5 0.14895 0.550393 0.102333 0.370378 0.00349793
10 0.360472 0.343277 0.513415 0.313518 0.00349059
10 0.195283 0.53748 0.228349 0.483052 0.00305625
6 0.380092 0.343953 0.276018 0.33656 0.0027476
10 0.309303 0.300538 0.472176 0.157714 0.00273496
10 0.287512 0.339754 0.442324 0.211817 0.00228179
10 0.248105 0.545476 0.335936 0.457549 0.00184482
6 0.219811 0.550376 0.26339 0.271738 0.00171331
6 0.294379 0.540012 0.359465 0.325439 0.0014269
10 0.0826553 0.492522 0.115062 0.339211 0.00122194
10 0.45224 0.411991 0.316604 0.356775 0.00119877
10 0.216493 0.328247 0.309497 0.0730333 0.00114106
10 0.217143 0.375556 0.292269 0.293745 0.00111014
5 0.134981 0.44092 0.101987 0.383277 0.00101944
