5 0.425792 0.349953 0.503197 0.193527 0.566907
5 0.418062 0.469194 0.474341 0.412578 0.421389
5 0.372998 0.289948 0.436268 0.406566 0.30377
6 0.379586 0.366782 0.448792 0.295676 0.114352
6 0.343797 0.257863 0.351455 0.303365 0.0698296
10 0.461633 0.420284 0.445631 0.29043 0.0406879
6 0.375092 0.274169 0.439716 0.376551 0.0388734
10 0.383336 0.277843 0.458616 0.373403 0.0351569
10 0.404733 0.420796 0.481888 0.406762 0.0293716
10 0.383325 0.21697 0.428285 0.333916 0.0207159
6 0.393302 0.292327 0.35874 0.287574 0.0194795
10 0.480793 0.475265 0.417272 0.292453 0.0156222
5 0.3688 0.230899 0.445217 0.280731 0.00933114
10 0.407706 0.348549 0.489979 0.295374 0.00828366
6 0.539149 0.469447 0.285586 0.233802 0.00527275
10 0.507476 0.303556 0.329122 0.424005 0.00466292
6 0.380347 0.333916 0.363775 0.275484 0.00312229
10 0.425826 0.327735 0.332435 0.474245 0.00311244
6 0.313728 0.264964 0.333463 0.224342 0.00306806
6 0.334256 0.231643 0.317673 0.219 0.00281669
10 0.563344 0.293808 0.237014 0.411949 0.00197173
10 0.539033 0.408951 0.279013 0.147688 0.00170847
10 0.514697 0.442262 0.350629 0.269519 0.00154642
10 0.475616 0.389897 0.413742 0.158162 0.00100233
