1 0.308463 0.747312 0.192498 0.219802 0.466356
1 0.277705 0.759051 0.126348 0.176062 0.0393262
1 0.296324 0.748632 0.152924 0.192575 0.0332209
1 0.240137 0.750538 0.11221 0.195263 0.0256118
1 0.278516 0.744971 0.199289 0.23561 0.018063
1 0.262293 0.742439 0.0868136 0.185205 0.0172122
1 0.234748 0.741999 0.155535 0.241997 0.0113966
1 0.258733 0.769293 0.132449 0.173743 0.0110559
5 0.22124 0.741918 0.104234 0.212763 0.00867321
1 0.221033 0.749302 0.113132 0.206539 0.00752016
5 0.220628 0.711567 0.0974431 0.163018 0.00353148
1 0.259195 0.716065 0.0805985 0.164788 0.00262634
5 0.290722 0.777831 0.132136 0.140165 0.00206504
1 0.515233 0.875553 0.226507 0.129269 0.00193308
1 0.320964 0.73183 0.145451 0.173551 0.001867
1 0.246987 0.70572 0.171578 0.193458 0.00178248
5 0.272092 0.718614 0.0950526 0.153176 0.00171017
1 0.227981 0.71681 0.0942289 0.171058 0.00123968
1 0.294674 0.721139 0.136104 0.159168 0.00117443
