4 0.532373 0.600709 0.118653 0.0704197 0.683677
4 0.456879 0.532485 0.185793 0.0852417 0.0650117
4 0.792584 0.802454 0.167432 0.123019 0.0185833
4 0.432459 0.756275 0.107054 0.110112 0.00953609
4 0.517467 0.598701 0.100284 0.0575885 0.00918897
4 0.546463 0.275415 0.120408 0.0706246 0.00442577
4 0.42125 0.793089 0.11603 0.0827049 0.00363355
4 0.426086 0.745879 0.094723 0.085704 0.00297979
4 0.779701 0.807693 0.138953 0.09518 0.00287313
11 0.285291 0.387125 0.0386295 0.10039 0.0014807
4 0.711675 0.806022 0.141236 0.112692 0.00139114
4 0.457324 0.521594 0.189812 0.127528 0.00138899
4 0.752985 0.798241 0.117953 0.11002 0.00117511
