1 0.81837 0.588894 0.183845 0.200827 0.642655
1 0.725361 0.602342 0.13489 0.14337 0.0669742
1 0.79381 0.536308 0.173384 0.313511 0.0431798
5 0.863941 0.651291 0.14848 0.109147 0.036838
1 0.854645 0.641302 0.144973 0.107948 0.0346963
10 0.100603 0.634024 0.067061 0.0342593 0.0278379
5 0.727792 0.590795 0.13724 0.154988 0.0226411
1 0.830275 0.61856 0.164245 0.128623 0.0196508
1 0.784312 0.525307 0.16636 0.243353 0.0184127
1 0.679513 0.686346 0.126445 0.0848089 0.013608
1 0.845248 0.627779 0.140639 0.107895 0.0129574
3 0.042373 0.673787 0.0338906 0.124625 0.00932982
5 0.841757 0.533116 0.104637 0.0974661 0.00867091
1 0.741389 0.592251 0.175616 0.168904 0.00857648
1 0.706926 0.595459 0.120696 0.135748 0.00810001
1 0.706786 0.625302 0.117707 0.108289 0.00809764
1 0.838422 0.529547 0.106843 0.115227 0.00773477
5 0.841389 0.548275 0.119187 0.123787 0.00684638
1 0.697382 0.637613 0.125695 0.108983 0.00607125
5 0.847322 0.545347 0.109614 0.0832395 0.00509789
5 0.795105 0.616109 0.12045 0.136005 0.00500858
1 0.799453 0.48647 0.1418 0.192429 0.00439941
5 0.740055 0.575527 0.132669 0.141114 0.00428361
1 0.690729 0.656123 0.127082 0.103421 0.00426288
5 0.779497 0.534346 0.162029 0.199147 0.00420496
1 0.820782 0.479348 0.112886 0.158177 0.00413757
1 0.681152 0.705151 0.133565 0.109072 0.00375298
5 0.81225 0.471813 0.11772 0.161681 0.00370751
10 0.100212 0.627368 0.0693049 0.0481004 0.00347095
4 0.475238 0.796866 0.0759094 0.0871527 0.00332268
1 0.839255 0.564553 0.135672 0.12195 0.003301
4 0.419907 0.825281 0.0957224 0.0683726 0.00324922
1 0.746152 0.593803 0.147309 0.136469 0.00324859
5 0.854411 0.61531 0.124823 0.0844003 0.00301561
5 0.662849 0.540466 0.122065 0.135361 0.00257148
5 0.813676 0.608141 0.156748 0.156033 0.00232227
1 0.838606 0.653732 0.145113 0.0998249 0.00227885
5 0.814083 0.580085 0.175543 0.212866 0.00189276
10 0.101226 0.641363 0.0721923 0.0425773 0.00189034
1 0.671279 0.676394 0.105736 0.0815222 0.00164786
1 0.83037 0.569018 0.152708 0.157603 0.00158986
1 0.714801 0.572372 0.127349 0.180186 0.00157474
1 0.670798 0.697266 0.117131 0.0822222 0.00157447
5 0.779465 0.633051 0.107766 0.114302 0.00157396
5 0.77568 0.560209 0.143821 0.141811 0.00153677
10 0.0426376 0.675282 0.0360095 0.124254 0.00145299
5 0.75298 0.622184 0.13275 0.10891 0.00141753
1 0.754735 0.517747 0.207109 0.270021 0.00135773
5 0.851414 0.563278 0.110391 0.082032 0.00132522
1 0.680668 0.581551 0.110284 0.116938 0.00129328
1 0.851568 0.589044 0.12482 0.110317 0.00123849
5 0.650112 0.558461 0.106554 0.107627 0.0012293
1 0.835627 0.499727 0.097117 0.129512 0.00109993
5 0.764547 0.430084 0.140265 0.146647 0.00103552
