5 0.518167 0.690425 0.542004 0.61915 0.677271
5 0.229395 0.344989 0.188077 0.468418 0.647919
6 0.24737 0.540506 0.328816 0.310676 0.644742
10 0.337522 0.42971 0.163008 0.60225 0.616414
4 0.365462 0.220008 0.481681 0.378334 0.401828
5 0.341551 0.444393 0.163236 0.595127 0.279625
4 0.377127 0.219331 0.455298 0.261302 0.168187
4 0.444288 0.224279 0.327027 0.224616 0.142234
4 0.341936 0.256781 0.363865 0.426572 0.0997346
10 0.323746 0.349571 0.136593 0.375724 0.0238331
4 0.285768 0.330458 0.27088 0.43665 0.0223677
10 0.300725 0.335787 0.240919 0.443084 0.0103353
10 0.245621 0.611146 0.285342 0.297247 0.00991494
4 0.269829 0.268865 0.242123 0.417044 0.00579406
6 0.328218 0.563995 0.33427 0.321598 0.00376887
6 0.309743 0.473806 0.324275 0.241057 0.00197969
10 0.206152 0.400233 0.239805 0.580647 0.00189111
10 0.273773 0.56588 0.289634 0.358973 0.0018542
10 0.199369 0.316141 0.244655 0.389216 0.00159955
10 0.311481 0.297284 0.138629 0.361351 0.00158008
4 0.225869 0.264927 0.196903 0.404236 0.00116434
10 0.463134 0.684376 0.639413 0.62046 0.00114357
10 0.231665 0.364741 0.150471 0.418679 0.00109328
10 0.353989 0.493414 0.308099 0.531407 0.00107062
10 0.336386 0.545063 0.28129 0.389588 0.00106486
