10 0.394266 0.542339 0.313998 0.459902 0.799378
4 0.458398 0.539726 0.39123 0.253008 0.690065
8 0.578947 0.740784 0.294643 0.264374 0.650975
3 0.513144 0.816028 0.2318 0.172105 0.228504
4 0.461102 0.517909 0.388651 0.400561 0.11247
4 0.520036 0.547617 0.302305 0.295597 0.003923
4 0.49731 0.582181 0.353091 0.39276 0.0035368
4 0.549301 0.594509 0.296303 0.411421 0.00346741
8 0.5244 0.570497 0.275315 0.290667 0.00209169
8 0.552648 0.636795 0.271237 0.334092 0.00206129
11 0.51469 0.884709 0.121422 0.0673199 0.00148503
8 0.584591 0.664428 0.25923 0.28146 0.00113018
