11 0.559607 0.408962 0.204579 0.0275458 0.0488916
11 0.570898 0.404547 0.209132 0.0284442 0.02925
10 0.504368 0.315321 0.174279 0.0181318 0.00828565
10 0.507875 0.309603 0.171654 0.0164367 0.00508751
11 0.473683 0.314369 0.183668 0.0201777 0.00491797
11 0.525603 0.309462 0.143285 0.0169 0.0048877
11 0.500947 0.284543 0.144964 0.0204084 0.00359359
11 0.465403 0.310351 0.182303 0.0247211 0.00331505
11 0.380309 0.288667 0.151438 0.0251343 0.00312782
11 0.372932 0.284926 0.149464 0.0241308 0.00309841
11 0.622368 0.329653 0.170282 0.0173132 0.00291002
11 0.413416 0.289181 0.162186 0.0232395 0.00274911
11 0.4311 0.30464 0.159496 0.0388492 0.00260588
11 0.401452 0.278129 0.142325 0.0259405 0.00240359
11 0.462463 0.284558 0.13791 0.0190057 0.00225586
11 0.355475 0.283262 0.124655 0.0234038 0.00225348
11 0.451499 0.290092 0.149079 0.0194324 0.00224917
11 0.525336 0.284124 0.153839 0.022678 0.00218509
11 0.367269 0.277397 0.149858 0.0264087 0.0021541
11 0.450897 0.279226 0.131405 0.0252176 0.00208014
11 0.494215 0.312334 0.178191 0.0187124 0.00194176
11 0.409781 0.285741 0.148758 0.0233177 0.00183593
11 0.563697 0.400489 0.205747 0.0203506 0.00174133
11 0.593961 0.404988 0.217509 0.0336614 0.00163706
11 0.708682 0.301135 0.110585 0.033758 0.0015855
11 0.427406 0.310289 0.124358 0.0313782 0.00150021
11 0.538574 0.317111 0.118171 0.0194262 0.00147305
11 0.442203 0.285083 0.121775 0.0205899 0.00137084
11 0.632467 0.29881 0.122157 0.0318084 0.0013349
11 0.466459 0.291815 0.161081 0.0174067 0.00129136
11 0.617592 0.337571 0.18074 0.0199426 0.00123968
11 0.718056 0.30896 0.102183 0.0219839 0.00120935
11 0.6891 0.301476 0.104185 0.0348685 0.00120496
11 0.736514 0.3115 0.081078 0.0195007 0.00119053
11 0.584448 0.30913 0.16905 0.0200215 0.00109999
11 0.335436 0.277664 0.115166 0.0281351 0.00106815
11 0.327508 0.282553 0.10817 0.0248856 0.00101375
11 0.561249 0.413791 0.207281 0.0418121 0.00100387
