3 0.757987 0.69272 0.0884269 0.1813 0.731886
11 0.281675 0.454874 0.0299063 0.0793473 0.00547494
11 0.319244 0.391012 0.0355268 0.0762563 0.00369443
11 0.206683 0.428688 0.0690259 0.0450177 0.00279562
11 0.139343 0.390322 0.0631023 0.0353781 0.00256399
11 0.188939 0.495682 0.0649288 0.0354857 0.00254972
11 0.175762 0.610554 0.0612578 0.038626 0.00234885
11 0.207455 0.623992 0.0474902 0.035202 0.00222106
11 0.208265 0.630126 0.0484847 0.0398327 0.00212207
11 0.150196 0.401254 0.0505641 0.0416096 0.0020097
11 0.128919 0.45054 0.0525289 0.0696021 0.00200188
11 0.752581 0.329214 0.0553139 0.026862 0.00184031
11 0.192589 0.622628 0.0532155 0.0368811 0.00171065
11 0.763777 0.339357 0.0619764 0.0313449 0.00169663
11 0.215558 0.623935 0.055202 0.0374625 0.0015469
11 0.104277 0.409958 0.0511046 0.0734205 0.00152171
11 0.113819 0.398331 0.0448428 0.0697268 0.00147844
11 0.198586 0.627912 0.0488719 0.0405274 0.00140733
11 0.753865 0.33773 0.0507193 0.031659 0.00138681
11 0.133976 0.396666 0.0565287 0.0487622 0.00125758
11 0.776419 0.341997 0.0610479 0.0326577 0.00124893
11 0.206358 0.41972 0.0819915 0.0557498 0.00121523
11 0.184357 0.615869 0.0645686 0.0399505 0.00119999
11 0.745195 0.330482 0.0450903 0.0273826 0.00118733
11 0.123323 0.405026 0.0559851 0.0661182 0.00117947
11 0.139457 0.418727 0.0537724 0.0417779 0.00111177
11 0.157088 0.393857 0.0569864 0.0375906 0.00109586
11 0.165116 0.606644 0.0471469 0.0442966 0.00104811
11 0.21111 0.616972 0.0545971 0.0387631 0.00104426
11 0.278854 0.462758 0.0405163 0.0705194 0.00100624
