8 0.380983 0.601232 0.339909 0.307762 0.383983
7 0.362281 0.492405 0.0834981 0.0333883 0.0144687
9 0.382308 0.59605 0.347139 0.316565 0.0130684
7 0.373177 0.484171 0.0673227 0.0287104 0.00794706
7 0.486945 0.582528 0.0915858 0.0351465 0.00551034
7 0.502642 0.583077 0.0704771 0.0320702 0.00446731
7 0.483738 0.576706 0.0957909 0.0430867 0.00406078
7 0.482726 0.586556 0.0982358 0.0545958 0.0032368
7 0.379922 0.483815 0.061167 0.0369116 0.00318293
7 0.357728 0.497545 0.0788376 0.0416609 0.00289371
7 0.368957 0.488221 0.0826894 0.0426151 0.00265285
7 0.364579 0.487534 0.0869715 0.0267113 0.00224372
7 0.502906 0.567682 0.0991432 0.0485591 0.00177141
7 0.486006 0.568951 0.09124 0.05297 0.00176053
7 0.504393 0.586365 0.0926996 0.0419138 0.0016386
7 0.524303 0.585134 0.0877944 0.0359936 0.00155792
7 0.385451 0.474804 0.0555542 0.0383213 0.00133216
7 0.525709 0.561351 0.126239 0.0599893 0.00107328
7 0.532288 0.589373 0.0899033 0.0439577 0.00105828
