8 0.633411 0.416738 0.30043 0.363121 0.89881
11 0.720432 0.488203 0.114501 0.135214 0.858585
3 0.545054 0.671843 0.289968 0.310294 0.83461
4 0.582481 0.629866 0.374411 0.36988 0.0569744
4 0.549294 0.648291 0.285315 0.34836 0.0446886
11 0.530694 0.704228 0.111586 0.141947 0.0150644
4 0.563518 0.675887 0.179868 0.233137 0.0131135
11 0.505138 0.709361 0.146318 0.178457 0.00770106
4 0.619944 0.570026 0.365232 0.329257 0.00725418
4 0.543248 0.690138 0.141217 0.169318 0.00514026
11 0.531892 0.711251 0.150021 0.167149 0.00440404
11 0.53942 0.673989 0.246379 0.269191 0.00411483
11 0.553283 0.683337 0.184946 0.213189 0.00275044
4 0.642014 0.538581 0.285017 0.264127 0.00244455
8 0.692314 0.522384 0.183694 0.174663 0.00222906
11 0.47674 0.722856 0.150517 0.17527 0.00158718
11 0.514083 0.714351 0.0919297 0.14059 0.0011752
