4 0.534461 0.656922 0.36817 0.227967 0.00670162
2 0.549916 0.498101 0.437125 0.226628 0.00609641
2 0.557148 0.56987 0.515557 0.332693 0.0053768
2 0.545947 0.462615 0.429819 0.190567 0.00468479
7 0.735432 0.777212 0.0597431 0.0315795 0.00421913
10 0.456787 0.707236 0.191187 0.109296 0.00297139
0 0.56238 0.641593 0.454929 0.253521 0.00241343
2 0.562121 0.443434 0.504529 0.238738 0.00196989
2 0.564898 0.626692 0.472015 0.291205 0.00141676
0 0.502051 0.627496 0.326032 0.0898903 0.00130514
0 0.526845 0.621491 0.446628 0.133492 0.00116236
