3 0.836638 0.707984 0.169042 0.275243 0.855677
4 0.837879 0.547921 0.186667 0.316299 0.171602
4 0.849703 0.598393 0.173047 0.279385 0.0235378
4 0.814315 0.600749 0.241314 0.300843 0.00557024
4 0.817469 0.477133 0.135771 0.186631 0.00545848
10 0.853818 0.582553 0.153604 0.218347 0.00348082
4 0.804651 0.674604 0.247526 0.292367 0.00234336
8 0.797767 0.626048 0.276874 0.279882 0.00191455
11 0.833045 0.751471 0.162291 0.166965 0.00175022
4 0.867886 0.65651 0.207569 0.360503 0.0014386
4 0.85902 0.588878 0.143616 0.230542 0.00124118
