8 0.568495 0.515303 0.532593 0.226585 0.885368
3 0.576179 0.42657 0.40531 0.157211 0.758899
11 0.74287 0.499717 0.177742 0.0809938 0.0123059
11 0.54752 0.504995 0.178867 0.0521028 0.0063433
11 0.717693 0.479448 0.155224 0.069825 0.00587256
11 0.640525 0.451574 0.248216 0.104327 0.00516078
11 0.536727 0.495139 0.210619 0.0511501 0.00509467
11 0.668722 0.457849 0.202231 0.105049 0.00477658
11 0.69286 0.458644 0.169774 0.0676991 0.00444568
11 0.707163 0.486842 0.212483 0.0981335 0.00427644
11 0.686125 0.474288 0.179218 0.11363 0.00422704
11 0.5272 0.506473 0.210728 0.0708708 0.00362502
11 0.561757 0.502275 0.145861 0.0390661 0.00347943
11 0.652742 0.469728 0.239674 0.122827 0.003117
3 0.595081 0.45006 0.467531 0.171256 0.00277591
11 0.679638 0.448776 0.201573 0.0807997 0.00273777
11 0.715756 0.456193 0.130604 0.065319 0.00230383
11 0.554919 0.514252 0.126914 0.0617579 0.00205716
11 0.611179 0.470493 0.315875 0.102224 0.00165039
11 0.676031 0.480779 0.256489 0.113679 0.00151466
11 0.533206 0.511823 0.168012 0.0708546 0.00144209
11 0.531612 0.485676 0.268701 0.0687207 0.00125384
11 0.578993 0.483048 0.346521 0.0742632 0.00124188
3 0.598359 0.430478 0.367191 0.118809 0.00113947
11 0.5766 0.492618 0.210408 0.0561254 0.00107208
