8 0.275064 0.757509 0.249914 0.17267 0.864918
3 0.234681 0.554556 0.192397 0.315792 0.85048
11 0.160665 0.581657 0.0869802 0.173521 0.137548
11 0.171809 0.574094 0.0609817 0.190572 0.041316
11 0.186022 0.576645 0.0876949 0.205803 0.0117606
11 0.294586 0.562706 0.092334 0.139199 0.00986781
11 0.317202 0.491027 0.15831 0.0727164 0.0073529
11 0.237036 0.554355 0.187151 0.298642 0.00505843
11 0.283768 0.554465 0.102118 0.160327 0.00492678
11 0.273326 0.568206 0.109553 0.214545 0.00466068
11 0.172974 0.573681 0.0755426 0.159278 0.00438967
11 0.299177 0.567 0.126945 0.132432 0.00317139
11 0.31154 0.578759 0.125563 0.106933 0.00304779
11 0.246868 0.635224 0.0916115 0.112178 0.00241919
11 0.300524 0.497829 0.167232 0.0847408 0.00227722
11 0.25403 0.621871 0.071877 0.138631 0.00184893
11 0.226407 0.632839 0.127779 0.120523 0.00129251
11 0.263239 0.601623 0.0694685 0.174186 0.00128419
