11 0.492523 0.428572 0.0289956 0.0788624 0.0243904
11 0.60438 0.38836 0.107886 0.0344355 0.0142494
11 0.550737 0.417788 0.0641914 0.0370073 0.0131018
11 0.53359 0.388058 0.067569 0.0327486 0.011531
11 0.794414 0.441003 0.0353298 0.100845 0.0114498
11 0.549551 0.410601 0.0638465 0.0582496 0.0106317
11 0.62403 0.386316 0.0829486 0.0323305 0.00846113
11 0.799864 0.444672 0.0351568 0.0898187 0.00824899
11 0.583923 0.388531 0.0720456 0.0331306 0.0064271
11 0.240807 0.509536 0.0806595 0.0362665 0.00586054
11 0.253081 0.513568 0.0761937 0.0496717 0.00498488
11 0.371786 0.44814 0.0316327 0.0845797 0.00486465
11 0.20163 0.48808 0.0755675 0.0328065 0.0046377
11 0.216205 0.486748 0.0801639 0.0323021 0.0044445
11 0.200618 0.494761 0.0820548 0.0337347 0.00443425
11 0.195811 0.582777 0.0752884 0.0433032 0.00417344
11 0.291125 0.530414 0.0697496 0.0762076 0.00411942
11 0.18994 0.497292 0.0952431 0.0376664 0.00404431
11 0.641309 0.384136 0.0721876 0.0301948 0.00365607
11 0.186335 0.575991 0.0765842 0.0527471 0.00349437
11 0.208589 0.483755 0.070173 0.0275022 0.00343115
11 0.233197 0.502614 0.0881491 0.03964 0.00331895
11 0.567846 0.407825 0.0671049 0.0682672 0.00318847
11 0.796422 0.428405 0.0367218 0.0852298 0.00317043
11 0.219446 0.499226 0.0877261 0.0345732 0.00314132
11 0.202515 0.502182 0.0776393 0.0343559 0.00303297
11 0.231222 0.511468 0.0779535 0.041953 0.00302138
11 0.266785 0.516428 0.0650053 0.0561101 0.00298656
11 0.20758 0.588289 0.0761066 0.0321189 0.00284409
11 0.790874 0.429609 0.0363598 0.0973387 0.00260475
11 0.546731 0.420963 0.0607763 0.0280162 0.00258545
11 0.219363 0.505174 0.0733562 0.0294936 0.00249214
11 0.299947 0.522625 0.0725259 0.0830445 0.00242657
11 0.37195 0.431726 0.0356446 0.0604019 0.00239791
11 0.360376 0.412185 0.0318604 0.0972288 0.00236901
11 0.353126 0.397387 0.0297629 0.0895926 0.00235503
11 0.296464 0.540297 0.0688613 0.058368 0.00234214
11 0.286001 0.513467 0.0688896 0.0693489 0.00233513
11 0.277758 0.520072 0.0681182 0.0695292 0.00229197
11 0.494876 0.41984 0.031103 0.0655238 0.00225429
11 0.366436 0.443591 0.0340009 0.0808496 0.00225297
11 0.80511 0.495186 0.0307771 0.0825665 0.00221395
11 0.202667 0.511425 0.074716 0.0451369 0.00208927
11 0.177574 0.502737 0.0910538 0.0427438 0.0020485
11 0.580812 0.40094 0.0734229 0.0578088 0.00203257
11 0.205394 0.481885 0.070015 0.0412181 0.00200678
11 0.250859 0.504528 0.0741195 0.0455343 0.00197926
11 0.180112 0.561809 0.0815022 0.0749593 0.00195159
11 0.55649 0.391142 0.0242163 0.0318515 0.00195023
11 0.791416 0.404676 0.0374167 0.0672435 0.00191435
11 0.806359 0.444233 0.0361052 0.0748489 0.001844
11 0.308683 0.527758 0.0704509 0.0805396 0.00182378
11 0.490386 0.442472 0.0349903 0.0638469 0.00181962
11 0.218879 0.588147 0.0672976 0.0279381 0.00178482
11 0.277671 0.505114 0.0706029 0.0592392 0.00174693
11 0.22734 0.491876 0.0863722 0.0418776 0.00165205
11 0.178422 0.54054 0.076205 0.0680051 0.00164981
11 0.173203 0.574719 0.0802259 0.0556422 0.00163471
11 0.587674 0.395602 0.0806289 0.048512 0.00163276
11 0.26873 0.505854 0.0618617 0.0524409 0.00160448
11 0.209786 0.580914 0.072238 0.0332696 0.00156909
11 0.178645 0.526111 0.0722621 0.0681723 0.00156138
11 0.552209 0.422926 0.0725559 0.0529023 0.00154864
11 0.187617 0.513626 0.0788808 0.0573618 0.00154507
11 0.348957 0.386084 0.0274921 0.0691832 0.00153591
11 0.53905 0.405205 0.0690705 0.0474108 0.00153113
11 0.151393 0.379395 0.0290716 0.0845716 0.00151603
11 0.346717 0.381849 0.0349387 0.0582144 0.00149388
11 0.924666 0.352167 0.0344143 0.0297713 0.00148875
11 0.16982 0.558939 0.0882999 0.0855627 0.0014683
11 0.805049 0.433628 0.0405504 0.0780519 0.00144434
11 0.350772 0.38535 0.0391849 0.0678418 0.0014091
11 0.485893 0.452394 0.0410048 0.0570242 0.00138707
11 0.189132 0.542811 0.0724618 0.0587414 0.00135267
11 0.285777 0.603302 0.0699871 0.0328613 0.00129183
11 0.165687 0.513502 0.0787145 0.0632503 0.00128669
11 0.653989 0.381525 0.0679761 0.0316745 0.00128666
11 0.169311 0.54061 0.0871736 0.0898615 0.00125306
11 0.909757 0.39231 0.0419095 0.0537787 0.0012512
11 0.189078 0.563721 0.0777138 0.0633491 0.00124726
11 0.552139 0.431688 0.0719246 0.0421663 0.00123704
11 0.798941 0.495719 0.0337973 0.0835657 0.00123287
11 0.637327 0.387748 0.0713759 0.0396572 0.00122217
11 0.223095 0.581011 0.0668174 0.0277495 0.0011693
11 0.239993 0.519479 0.0781 0.0553758 0.00116818
11 0.5138 0.404375 0.0596356 0.0467407 0.00115413
11 0.896096 0.350002 0.0404827 0.0191616 0.00115259
11 0.793037 0.391658 0.0442873 0.0582897 0.00115189
11 0.809732 0.374453 0.061961 0.0241305 0.00109212
11 0.471301 0.467996 0.0507528 0.0379161 0.00108244
11 0.363119 0.40593 0.0417014 0.099929 0.00106566
11 0.198778 0.529742 0.0697365 0.0583903 0.00106143
11 0.616852 0.394066 0.0839473 0.0475688 0.00105511
11 0.37592 0.428115 0.0323886 0.0520167 0.00104204
11 0.885062 0.350092 0.0448731 0.018512 0.00101416
