6 0.322627 0.537498 0.0698662 0.191286 0.39926
4 0.31815 0.539116 0.0600627 0.191655 0.160528
4 0.309839 0.537482 0.0388966 0.195672 0.144479
4 0.338868 0.535329 0.105957 0.199306 0.0431986
4 0.343018 0.505743 0.126088 0.259241 0.0320275
7 0.309637 0.537212 0.0400606 0.189793 0.0235874
6 0.313187 0.537735 0.0468347 0.189938 0.0209941
7 0.322667 0.601373 0.0664307 0.0552459 0.00626728
7 0.322404 0.585918 0.0671182 0.087009 0.00211543
4 0.292293 0.539632 0.146769 0.198556 0.00177407
4 0.299761 0.539012 0.100588 0.19259 0.00133252
