3 0.334106 0.705757 0.33417 0.336374 0.841712
4 0.381945 0.554194 0.408604 0.396075 0.685654
8 0.34261 0.688324 0.322028 0.30862 0.445367
4 0.302956 0.635698 0.301846 0.313586 0.418197
4 0.312768 0.613252 0.213927 0.257562 0.110387
10 0.317991 0.628634 0.249453 0.285961 0.00767455
4 0.33207 0.688093 0.345653 0.318936 0.0035087
10 0.327698 0.602299 0.191287 0.234546 0.00250171
10 0.274494 0.692208 0.287404 0.212612 0.00223797
8 0.311397 0.645343 0.297585 0.306495 0.00123994
4 0.28313 0.682645 0.297517 0.255524 0.0010558
