3 0.632468 0.602162 0.246351 0.157914 0.0200242
10 0.390604 0.413145 0.14165 0.0341709 0.0181933
11 0.498658 0.446744 0.0956131 0.0378293 0.0123383
3 0.678437 0.595957 0.206184 0.146236 0.0108775
3 0.608389 0.616283 0.194702 0.135927 0.00970062
11 0.829258 0.526756 0.0737748 0.0473656 0.00548324
11 0.533421 0.440047 0.140681 0.0423584 0.0044285
3 0.565597 0.434777 0.130399 0.0402878 0.00438554
11 0.800904 0.504091 0.0820896 0.0589428 0.00355167
3 0.657792 0.571104 0.230303 0.199295 0.0033272
11 0.858632 0.611653 0.0487437 0.0695652 0.00293478
11 0.491558 0.453369 0.106713 0.0468151 0.00265211
11 0.862903 0.617184 0.0419073 0.0575447 0.00258976
11 0.667452 0.569506 0.0783477 0.0669036 0.00245894
11 0.794707 0.510313 0.0781405 0.0477519 0.00200011
11 0.774948 0.504729 0.0824703 0.0563093 0.00189171
11 0.836262 0.538922 0.0628282 0.0489825 0.00186072
11 0.811377 0.526847 0.0813787 0.0575138 0.00180109
3 0.703003 0.597428 0.143665 0.133006 0.00148389
11 0.82178 0.53164 0.0734709 0.0537976 0.00144845
11 0.666173 0.557093 0.0886312 0.0873874 0.00144575
11 0.810335 0.507102 0.0846347 0.0739775 0.00125642
11 0.706204 0.639916 0.104038 0.038072 0.00112755
11 0.619202 0.464519 0.0663565 0.0352322 0.00111489
11 0.633665 0.530154 0.0624914 0.0652661 0.00107196
11 0.66436 0.540913 0.0885329 0.089686 0.0010529
11 0.798676 0.519751 0.0736399 0.0538632 0.0010392
11 0.684393 0.629833 0.0811663 0.0573465 0.00103842
11 0.704375 0.629007 0.104757 0.0594925 0.00103769
11 0.825162 0.522522 0.0834986 0.0605574 0.00102214
11 0.620031 0.52598 0.0468307 0.0580879 0.00100174
11 0.647011 0.554795 0.0845311 0.0858411 0.00100144
