8 0.676382 0.558589 0.35277 0.18048 0.917347
3 0.39929 0.658358 0.318783 0.338457 0.911568
11 0.494812 0.725184 0.133331 0.104687 0.00579125
11 0.468836 0.747747 0.147264 0.117705 0.00445938
11 0.423903 0.65892 0.11408 0.124688 0.0039746
11 0.436695 0.67486 0.116199 0.136021 0.00290222
11 0.408699 0.643018 0.130006 0.120452 0.00269696
11 0.521002 0.726705 0.146033 0.104701 0.00236662
11 0.547304 0.727535 0.103852 0.107173 0.00231842
11 0.470265 0.717663 0.142659 0.123524 0.00219947
11 0.391526 0.655212 0.134846 0.122469 0.00203555
11 0.454691 0.692459 0.129694 0.153172 0.00185859
11 0.446516 0.651784 0.126112 0.129266 0.00174627
11 0.378723 0.638902 0.144334 0.127059 0.00172895
11 0.484837 0.738238 0.130413 0.0994755 0.00158137
11 0.410864 0.673004 0.122789 0.124718 0.0014703
11 0.464224 0.762534 0.165112 0.110846 0.00124986
11 0.389776 0.621843 0.151121 0.139161 0.00119811
11 0.517063 0.721751 0.103851 0.0918173 0.00116177
11 0.426555 0.690199 0.128492 0.138176 0.00106385
11 0.430288 0.636684 0.117245 0.118595 0.00105352
