3 0.134844 0.554776 0.147733 0.122727 0.841766
11 0.515426 0.543493 0.0420891 0.101269 0.0170165
11 0.510696 0.537588 0.0310501 0.0914156 0.0124213
11 0.690157 0.635082 0.0667602 0.0529428 0.00600227
11 0.528498 0.565925 0.0382168 0.0699553 0.00577241
11 0.52329 0.551089 0.0426801 0.101066 0.00478789
3 0.805039 0.65107 0.146548 0.103604 0.00391055
11 0.832734 0.592294 0.0880389 0.0542382 0.0030386
11 0.906876 0.661519 0.0324917 0.0817666 0.00142889
11 0.894653 0.657542 0.0485039 0.0730982 0.00128264
11 0.845355 0.586277 0.0791306 0.0634905 0.00121311
11 0.819501 0.600005 0.113351 0.0679542 0.00106605
11 0.879613 0.649611 0.0608955 0.0535797 0.00104979
