3 0.451077 0.547821 0.0449312 0.117041 0.355806
3 0.761506 0.575859 0.0636288 0.133725 0.0114084
3 0.803587 0.579914 0.0386488 0.0854884 0.0108308
11 0.287817 0.493727 0.0409514 0.0417474 0.00575004
11 0.283343 0.503157 0.0431658 0.0444341 0.00504486
11 0.266033 0.403221 0.0382142 0.0339418 0.00419211
11 0.29787 0.488453 0.0405192 0.0353481 0.00317867
11 0.987393 0.427472 0.0230179 0.044418 0.0028454
3 0.773045 0.577002 0.0689549 0.116026 0.00272417
3 0.750317 0.675077 0.0392195 0.098563 0.00270852
11 0.990561 0.423694 0.0184113 0.0467946 0.00268442
11 0.261903 0.408721 0.0385561 0.0425241 0.00260834
11 0.341437 0.491706 0.0349688 0.0301387 0.002565
3 0.577589 0.780505 0.0566729 0.103887 0.00250519
11 0.350295 0.489774 0.0388181 0.0303253 0.00243725
11 0.274342 0.398849 0.0362622 0.0307052 0.00228757
11 0.37333 0.442829 0.0342193 0.0309981 0.00223756
11 0.38036 0.486955 0.0213101 0.0372434 0.00218319
11 0.324464 0.49038 0.0256385 0.0317575 0.00218229
11 0.34003 0.507096 0.0356982 0.0312402 0.00208635
11 0.334661 0.509602 0.0310393 0.0320538 0.00207292
11 0.368562 0.428083 0.0391978 0.0341012 0.00205834
11 0.379654 0.467777 0.0244237 0.0305028 0.00201215
11 0.263163 0.419411 0.0401351 0.0463933 0.00197749
11 0.984906 0.444142 0.0263895 0.0428948 0.00194727
11 0.391684 0.489994 0.0195932 0.0464285 0.00190481
11 0.380919 0.60825 0.0240585 0.0508542 0.00183625
10 0.796946 0.377239 0.0635938 0.0402407 0.00183053
3 0.797318 0.376746 0.0651812 0.0414126 0.00182604
11 0.73456 0.763259 0.0213084 0.0719478 0.00181817
11 0.975962 0.447852 0.0336838 0.0442147 0.00180162
11 0.367686 0.443674 0.0423699 0.0275071 0.00179399
11 0.990333 0.441492 0.019289 0.0513139 0.00177927
11 0.386321 0.473013 0.0241431 0.0430167 0.00175973
11 0.353431 0.506164 0.0309517 0.0346415 0.00167429
3 0.0609764 0.778131 0.0472936 0.0964733 0.00157856
11 0.369011 0.488058 0.0288779 0.031693 0.00157221
11 0.354733 0.469116 0.0409287 0.0348936 0.00155853
11 0.362894 0.445845 0.0422098 0.0285416 0.00155711
11 0.816052 0.731889 0.0326302 0.0474763 0.00154752
11 0.269438 0.419108 0.04098 0.0417816 0.00153494
11 0.251647 0.423842 0.0298396 0.05326 0.00147591
11 0.793821 0.377501 0.0602279 0.0439997 0.00141548
11 0.344972 0.472579 0.0347298 0.0417856 0.00141062
11 0.237137 0.569714 0.0292134 0.0636567 0.00138778
11 0.296686 0.395012 0.0307215 0.0315521 0.00133257
11 0.330837 0.402499 0.021452 0.0386447 0.00132604
11 0.369428 0.507309 0.0205459 0.0419392 0.00128673
11 0.239343 0.583884 0.0272608 0.0571785 0.00126555
11 0.380183 0.595993 0.0225915 0.0481639 0.00126352
11 0.251439 0.411 0.02989 0.0496961 0.00122751
11 0.815623 0.76409 0.0314117 0.0631537 0.00122567
11 0.337051 0.474242 0.0278766 0.0440634 0.00121902
11 0.979158 0.431401 0.0356926 0.0448861 0.00121735
11 0.9752 0.479301 0.0313763 0.0597493 0.00117614
11 0.991736 0.518754 0.0165281 0.13016 0.00117522
3 0.458681 0.532371 0.0595959 0.088982 0.001171
11 0.809694 0.73376 0.0278235 0.0476739 0.0011709
11 0.309432 0.617942 0.0328076 0.052368 0.00114969
11 0.338895 0.403562 0.024631 0.0411219 0.00114881
11 0.81036 0.75712 0.0278404 0.0625221 0.00108086
11 0.778398 0.378611 0.0380168 0.0468515 0.00107713
11 0.330839 0.532094 0.0300208 0.0429875 0.00107127
11 0.280073 0.492279 0.0465233 0.0391528 0.00106603
11 0.738163 0.760306 0.0240894 0.0667435 0.00106
11 0.748696 0.678838 0.0339636 0.0989619 0.00103617
11 0.406053 0.519941 0.0162511 0.0523717 0.00103431
11 0.311158 0.395322 0.0361845 0.0333449 0.00100937
11 0.408322 0.532232 0.0185604 0.0509614 0.00100411
