9 0.481392 0.812704 0.304338 0.220122 0.900266
0 0.467843 0.570846 0.261073 0.321732 0.897885
11 0.523397 0.765436 0.170157 0.110481 0.004599
11 0.449252 0.773119 0.140344 0.105105 0.0031817
11 0.545386 0.735721 0.135658 0.12326 0.00311491
11 0.422058 0.770681 0.156078 0.129157 0.00281186
11 0.525788 0.784987 0.171811 0.0855712 0.00277925
11 0.567987 0.744091 0.126918 0.125663 0.00207459
11 0.533421 0.800395 0.149089 0.108035 0.00145537
11 0.523485 0.746371 0.161359 0.119599 0.00107136
11 0.487146 0.769132 0.179208 0.0934753 0.00105516
11 0.410098 0.736129 0.159732 0.0751369 0.00100673
