7 0.28539 0.532303 0.0874442 0.162113 0.169002
7 0.254165 0.519998 0.138401 0.186295 0.0603042
11 0.249555 0.516921 0.159527 0.189604 0.0302145
7 0.506997 0.463153 0.0679455 0.0320027 0.00828241
7 0.523835 0.460963 0.130443 0.034551 0.00492668
7 0.294038 0.54582 0.0826005 0.135438 0.00367242
7 0.27016 0.521059 0.0967527 0.187077 0.00317634
10 0.253005 0.51953 0.17023 0.198069 0.00243587
4 0.516474 0.440771 0.18881 0.0915943 0.00185201
7 0.529 0.469601 0.114851 0.0499926 0.00144475
7 0.514372 0.46797 0.0820913 0.0463013 0.00101939
