3 0.107777 0.390395 0.069219 0.127522 0.707575
3 0.180823 0.394889 0.0738493 0.0965787 0.494213
3 0.161275 0.393844 0.0356811 0.0961152 0.0118556
3 0.644707 0.728732 0.0672327 0.101274 0.0114653
3 0.655374 0.740185 0.0881321 0.118229 0.00814235
11 0.489188 0.328848 0.0385046 0.0263666 0.00593487
11 0.795823 0.563052 0.0233423 0.0805449 0.0037367
11 0.800822 0.560479 0.0285522 0.0704697 0.00310303
11 0.746362 0.36123 0.0257067 0.0525777 0.00304337
11 0.767782 0.349444 0.0343598 0.0340995 0.00292341
11 0.49331 0.331854 0.0428372 0.0311864 0.00283086
11 0.836739 0.334777 0.0243908 0.071759 0.00267937
11 0.759649 0.355436 0.0283449 0.0373362 0.00254735
11 0.776786 0.33804 0.0424537 0.0330974 0.00225014
11 0.775655 0.34667 0.041715 0.035166 0.00221658
11 0.847378 0.333202 0.0309452 0.0718945 0.0021666
11 0.783166 0.335424 0.0400035 0.0345075 0.00203998
11 0.832106 0.336244 0.0226265 0.0699254 0.00201573
11 0.730644 0.365811 0.0315269 0.0801105 0.00200878
11 0.156561 0.477714 0.0306318 0.0691845 0.00188523
11 0.787342 0.349948 0.0360176 0.0326785 0.00177955
11 0.530145 0.363223 0.0179062 0.0624677 0.0017794
11 0.490994 0.346074 0.036901 0.0361865 0.00160691
11 0.83761 0.324329 0.0257393 0.0570478 0.00159704
11 0.801338 0.569367 0.024597 0.0765162 0.0015654
11 0.838953 0.355287 0.0215616 0.0823841 0.00144496
11 0.497864 0.350388 0.0321856 0.0422544 0.00144025
11 0.833118 0.325961 0.0239151 0.0580498 0.00143107
11 0.830657 0.345028 0.0213297 0.0751763 0.00138624
11 0.795155 0.569772 0.0176773 0.0797518 0.0013627
3 0.183045 0.468869 0.0527047 0.0601513 0.00135161
11 0.747415 0.377476 0.0230842 0.0510138 0.00134983
11 0.763267 0.340092 0.0327963 0.0365555 0.00120627
11 0.272601 0.492976 0.0240982 0.0673564 0.00120249
11 0.523282 0.359728 0.0216789 0.0579046 0.00120246
3 0.661775 0.754973 0.0967797 0.116669 0.00118843
11 0.488623 0.317059 0.0390023 0.0331983 0.00112376
11 0.744308 0.341968 0.0262789 0.0476485 0.00108936
11 0.49664 0.417651 0.0214953 0.0406495 0.00108612
11 0.826406 0.355158 0.0233085 0.0651821 0.0010656
11 0.729277 0.378221 0.0246511 0.0690579 0.00106307
11 0.169688 0.47322 0.0458529 0.0657575 0.00106141
