3 0.367019 0.373073 0.086774 0.0738207 0.179046
11 0.624597 0.626765 0.0521318 0.0335916 0.0159855
11 0.226775 0.608363 0.0301056 0.0613015 0.0148508
11 0.194154 0.49091 0.0321378 0.0506083 0.00627429
11 0.816419 0.389501 0.0529387 0.0319215 0.00547486
11 0.835934 0.374038 0.0399185 0.0258464 0.00542886
11 0.893167 0.465907 0.0570561 0.0361885 0.00518539
11 0.898026 0.398602 0.0572796 0.0450767 0.00508758
11 0.891433 0.399264 0.0506855 0.0360028 0.00485257
11 0.890299 0.446095 0.0550899 0.0390443 0.00469933
11 0.834397 0.388963 0.0379925 0.0285934 0.00458835
11 0.876307 0.444361 0.0367126 0.0478554 0.0045322
11 0.63585 0.42385 0.0355177 0.0577162 0.00427722
11 0.876578 0.465139 0.0368464 0.0434299 0.00427374
11 0.822167 0.378065 0.0528009 0.0285778 0.00426397
11 0.792716 0.392916 0.0375457 0.0348087 0.00408908
11 0.789439 0.37987 0.0397074 0.0315341 0.00391791
11 0.902826 0.467721 0.0539078 0.0334463 0.00373134
11 0.800721 0.382694 0.0530277 0.0333619 0.00372289
11 0.88907 0.417789 0.050317 0.0390729 0.00366817
11 0.087819 0.491842 0.032863 0.0560958 0.00365663
11 0.193864 0.481292 0.0274825 0.0597682 0.00345531
11 0.0920815 0.510474 0.0340358 0.0466569 0.00334672
11 0.878554 0.397715 0.0346153 0.0276571 0.00309483
11 0.886262 0.38038 0.0436702 0.0309746 0.00306928
11 0.877109 0.419426 0.034597 0.0365276 0.00296868
11 0.61802 0.622587 0.0421587 0.0403049 0.0029643
11 0.801194 0.393351 0.0498148 0.0350767 0.00292083
11 0.896068 0.385116 0.0556354 0.0379761 0.00287442
11 0.898563 0.449698 0.0588779 0.0358557 0.00274138
11 0.175022 0.615339 0.0290627 0.0512968 0.00262752
11 0.74748 0.701249 0.0205913 0.0672207 0.00260734
11 0.108648 0.558268 0.0390053 0.0525124 0.00250505
11 0.0569287 0.473194 0.0207113 0.091177 0.00246164
11 0.104704 0.540067 0.0355643 0.0475935 0.00245054
11 0.128837 0.399814 0.0279615 0.0332445 0.00242321
11 0.776983 0.690716 0.0400528 0.070076 0.00241196
11 0.0983666 0.533189 0.0365104 0.0450141 0.00240944
11 0.811944 0.686498 0.0565002 0.0721352 0.00239656
11 0.874838 0.375405 0.0320185 0.0256162 0.00237413
11 0.771339 0.375288 0.0335809 0.0324281 0.00236192
11 0.757202 0.692653 0.0220569 0.0684846 0.00235309
10 0.898915 0.399936 0.0592968 0.0493787 0.00226228
11 0.0820373 0.482773 0.02901 0.0693078 0.002261
11 0.775137 0.388464 0.0277767 0.0387074 0.00224982
11 0.897553 0.414682 0.0586165 0.0538092 0.00224271
11 0.807994 0.390898 0.0555062 0.0342234 0.00220348
11 0.809516 0.381582 0.0602543 0.0319474 0.00219624
11 0.866407 0.669042 0.0334457 0.0904578 0.00214414
11 0.762228 0.678723 0.0262749 0.0836642 0.00209148
11 0.120508 0.400639 0.0268673 0.0325342 0.00198273
11 0.100937 0.55044 0.0380288 0.0582185 0.00196846
11 0.233961 0.60475 0.0408098 0.0640721 0.00196196
11 0.839342 0.590895 0.0376774 0.0481665 0.00191966
11 0.0640422 0.47423 0.0208079 0.0850262 0.00191576
11 0.0991377 0.519432 0.037781 0.0483766 0.00191509
10 0.900843 0.409808 0.0573326 0.0701702 0.00190188
11 0.120743 0.562071 0.0362981 0.0515459 0.00189684
11 0.0789743 0.470447 0.0323483 0.0719606 0.0018953
11 0.753927 0.70046 0.0224663 0.0633072 0.00185299
11 0.81437 0.658792 0.0541294 0.115173 0.00183696
11 0.426509 0.732622 0.0342983 0.0438707 0.00178109
11 0.761644 0.373724 0.0353831 0.0364426 0.00176626
11 0.816626 0.706938 0.0577748 0.0576214 0.00174735
11 0.77127 0.672014 0.0371873 0.0919241 0.00173062
11 0.779578 0.701154 0.0403539 0.05408 0.00171762
11 0.0976861 0.495733 0.0409986 0.0576641 0.00171082
11 0.129421 0.420957 0.0254768 0.0411232 0.00169861
11 0.121587 0.543578 0.0293537 0.0576097 0.00167572
11 0.808169 0.707478 0.0620006 0.0523344 0.00166696
11 0.775555 0.67004 0.0393311 0.111765 0.00164701
11 0.758149 0.387765 0.0274243 0.0437593 0.00160748
11 0.290178 0.462728 0.0251634 0.060306 0.00158019
11 0.787773 0.689762 0.0455891 0.0763802 0.00156788
11 0.0896514 0.465171 0.036289 0.0531121 0.00155486
11 0.890518 0.483532 0.0447918 0.0404893 0.00154786
11 0.772457 0.699049 0.0361993 0.0583639 0.00152837
11 0.0529447 0.47476 0.0232716 0.10107 0.00150585
11 0.170464 0.399905 0.0289752 0.0315599 0.00146591
11 0.628032 0.419924 0.0325758 0.0463429 0.00144172
11 0.865136 0.468395 0.0265226 0.0525587 0.00141267
11 0.822707 0.719542 0.0517407 0.0802264 0.00140609
11 0.833698 0.575057 0.0323214 0.0386012 0.00137211
11 0.856208 0.667449 0.036089 0.0862982 0.00136923
11 0.824697 0.702466 0.0482462 0.0689248 0.00134958
11 0.874559 0.487983 0.0308251 0.043239 0.00133856
11 0.141781 0.400419 0.0322332 0.0328499 0.00133727
11 0.828302 0.682258 0.0397013 0.065492 0.00133277
3 0.390526 0.372166 0.0377182 0.0663952 0.00128865
11 0.291293 0.449957 0.0276021 0.0823093 0.00127566
11 0.607873 0.608175 0.025637 0.0499812 0.00127049
11 0.141478 0.419341 0.0281569 0.0395289 0.00126446
11 0.193965 0.453611 0.0218501 0.0651618 0.00125594
11 0.868417 0.689823 0.0338671 0.0818512 0.00125444
11 0.188899 0.478791 0.0291208 0.0559709 0.00125325
11 0.84995 0.372911 0.0416777 0.0252813 0.00124379
11 0.838646 0.578508 0.0369919 0.0483496 0.00124195
11 0.16875 0.615821 0.0349573 0.0532693 0.00123831
11 0.110493 0.403334 0.033178 0.0342432 0.00122953
11 0.820647 0.403164 0.0410251 0.0393666 0.00120158
11 0.194598 0.498483 0.037237 0.0577766 0.00119187
11 0.629914 0.408612 0.02875 0.048739 0.00118194
11 0.0636348 0.487299 0.02334 0.0888817 0.00117535
11 0.155548 0.477876 0.0300927 0.0526426 0.00114401
11 0.607435 0.559639 0.0209059 0.0733358 0.00113704
11 0.122847 0.570693 0.0386584 0.0464458 0.00113089
11 0.0473779 0.406002 0.0243829 0.0489118 0.0011247
11 0.837466 0.681024 0.0319189 0.0727517 0.00111614
11 0.741334 0.444624 0.0236664 0.0641104 0.00111221
11 0.840656 0.668882 0.0274937 0.0770645 0.00111199
11 0.905914 0.48069 0.0481445 0.0426306 0.00109824
11 0.861359 0.392209 0.0288441 0.0232495 0.00109493
11 0.154094 0.49777 0.0342937 0.0521328 0.00109009
11 0.130131 0.438455 0.024228 0.0472822 0.00108628
11 0.793517 0.666786 0.0388622 0.121497 0.00108574
11 0.909914 0.470361 0.0475363 0.0421947 0.00108559
11 0.160059 0.401301 0.0283067 0.033343 0.00108447
11 0.0226166 0.434097 0.0248311 0.0442598 0.00108168
11 0.157599 0.416202 0.0275477 0.0375948 0.00107381
11 0.0319154 0.429344 0.0253165 0.0457115 0.00105652
11 0.231628 0.613507 0.040397 0.0740423 0.00105624
11 0.21248 0.607375 0.0507524 0.0568456 0.00104819
11 0.881222 0.794581 0.0636276 0.0372307 0.00104284
11 0.201922 0.474077 0.0277168 0.0798037 0.00102025
11 0.14018 0.439287 0.0269154 0.0450019 0.00101969
11 0.591526 0.472609 0.0247551 0.0484959 0.00101486
11 0.143666 0.479688 0.032456 0.0564383 0.00101329
11 0.872111 0.66878 0.0347241 0.0930173 0.0010123
