10 0.611227 0.409059 0.307887 0.31953 0.059376
0 0.609479 0.412887 0.297298 0.336894 0.0204963
10 0.557041 0.414721 0.101866 0.342359 0.00913879
10 0.547297 0.398663 0.232924 0.348317 0.00756348
10 0.600508 0.410045 0.179802 0.269428 0.00616557
10 0.542731 0.398868 0.134667 0.326906 0.00497419
2 0.536793 0.391564 0.231827 0.345578 0.0034765
2 0.623592 0.515702 0.281691 0.575918 0.00294862
10 0.639167 0.451171 0.178549 0.279582 0.00195987
8 0.638785 0.71747 0.302781 0.321467 0.00183665
8 0.656311 0.493932 0.298606 0.414535 0.00116349
10 0.574345 0.405074 0.130282 0.316371 0.00101327
