3 0.554974 0.361739 0.346746 0.126631 0.534161
11 0.225757 0.747125 0.159152 0.0364308 0.0626515
11 0.37494 0.743794 0.212448 0.0292689 0.00919714
11 0.375883 0.748503 0.217514 0.023821 0.0080572
11 0.25911 0.741955 0.150873 0.0429511 0.00561526
10 0.138818 0.714091 0.0568676 0.063076 0.0035414
11 0.403964 0.73974 0.259081 0.0353361 0.0030297
11 0.292274 0.739017 0.10184 0.0457614 0.00285362
11 0.135021 0.721143 0.0580238 0.0810638 0.00243065
11 0.241443 0.750594 0.192002 0.0478504 0.0021387
10 0.302692 0.738008 0.0809015 0.0460856 0.00201811
11 0.847157 0.342057 0.0555559 0.0586632 0.00188248
11 0.190445 0.734802 0.154658 0.0616442 0.00181958
11 0.414734 0.752512 0.206568 0.0167719 0.00180369
11 0.552924 0.754448 0.22828 0.0251982 0.00167806
11 0.385756 0.734072 0.245502 0.0505165 0.00167094
11 0.66218 0.332297 0.149728 0.054409 0.00154091
11 0.656072 0.342152 0.145418 0.0775068 0.00144984
11 0.348427 0.741456 0.17009 0.0376239 0.00128559
11 0.258505 0.72285 0.190866 0.0248024 0.00115684
11 0.431943 0.640406 0.150607 0.0624157 0.00106359
11 0.562857 0.752515 0.21642 0.0350331 0.00101727
