9 0.617099 0.617782 0.628925 0.437341 0.886753
7 0.465888 0.772741 0.294613 0.11333 0.160972
7 0.541438 0.762162 0.227859 0.133624 0.14549
7 0.513402 0.770225 0.254211 0.115133 0.106904
7 0.454314 0.804275 0.303572 0.0535124 0.0723053
7 0.449063 0.792318 0.291689 0.0755384 0.0649989
7 0.564456 0.74824 0.268863 0.161102 0.0514799
11 0.29477 0.381029 0.0903285 0.122146 0.0243687
11 0.291811 0.363626 0.0805445 0.0861998 0.0112274
11 0.320715 0.379451 0.124356 0.156479 0.00722598
7 0.422707 0.807019 0.235834 0.046275 0.00381685
7 0.470645 0.757067 0.234613 0.142782 0.00343372
7 0.395844 0.804605 0.17952 0.0519787 0.00329851
6 0.552662 0.604599 0.361037 0.31513 0.00301628
6 0.537111 0.648644 0.314757 0.305158 0.00143059
11 0.344953 0.37536 0.145199 0.185571 0.0013223
11 0.332576 0.364368 0.146701 0.1177 0.00120528
