3 0.151111 0.673123 0.0988408 0.120167 0.720528
10 0.611059 0.315633 0.107966 0.0302787 0.0118195
3 0.611707 0.316019 0.109299 0.0294779 0.00808804
11 0.568621 0.68355 0.077004 0.0239872 0.00689738
11 0.555952 0.349905 0.0725036 0.0287653 0.0067496
11 0.670549 0.412481 0.0660069 0.0475983 0.00573767
11 0.681288 0.416064 0.0740746 0.0412408 0.00499822
11 0.538865 0.353588 0.0846161 0.032879 0.00493843
11 0.498076 0.361418 0.0669769 0.0421537 0.00479267
11 0.579067 0.351962 0.0664066 0.0300027 0.00471916
11 0.519251 0.36449 0.0798177 0.0395734 0.00451851
11 0.608005 0.350055 0.0784245 0.0349497 0.00451155
11 0.595088 0.350931 0.0757802 0.0333351 0.00424099
11 0.66635 0.406415 0.0606916 0.0511261 0.00414071
11 0.624002 0.350794 0.0788677 0.0334616 0.00410769
11 0.685837 0.438163 0.0751627 0.0643188 0.00404375
11 0.671647 0.683929 0.0629102 0.0332017 0.0040315
11 0.536687 0.361721 0.0921517 0.0369665 0.00395985
11 0.685442 0.425435 0.0759384 0.0422463 0.00351319
11 0.644298 0.465046 0.0903497 0.0290825 0.00342823
11 0.554213 0.344526 0.0756839 0.0312729 0.00342041
11 0.674396 0.439861 0.068733 0.0582035 0.00310207
11 0.693034 0.420784 0.0560344 0.0262449 0.00309518
11 0.548676 0.35962 0.0916412 0.0361738 0.00294678
11 0.612907 0.553038 0.0559665 0.0461574 0.00286645
11 0.658067 0.411906 0.0787209 0.0486575 0.00273098
11 0.60677 0.546069 0.0681948 0.0525794 0.00262567
11 0.584457 0.480043 0.0720705 0.0299789 0.00256052
11 0.67566 0.398081 0.039471 0.0572837 0.00252814
11 0.694148 0.426386 0.0552822 0.0374249 0.00244338
11 0.695595 0.350879 0.0388959 0.0531189 0.00234471
11 0.645676 0.403244 0.0851105 0.0325547 0.0023237
11 0.644052 0.459104 0.0937708 0.0344977 0.00230082
11 0.702647 0.363123 0.0348308 0.0820737 0.0022785
11 0.489102 0.35812 0.0579821 0.0478676 0.00224555
11 0.639935 0.63813 0.0651785 0.0271034 0.00219368
11 0.659959 0.444991 0.0698356 0.0473457 0.00216289
11 0.493234 0.352156 0.0688122 0.053412 0.00214208
11 0.579828 0.362558 0.0753705 0.032533 0.00201419
11 0.567918 0.343316 0.0723679 0.0312896 0.00201387
11 0.680737 0.339026 0.0593768 0.0334576 0.00199191
11 0.66712 0.399001 0.0541684 0.0528698 0.00195901
11 0.566004 0.678775 0.0724028 0.0317319 0.00195825
11 0.692208 0.342572 0.0435105 0.0386905 0.00194722
11 0.546022 0.427358 0.0853531 0.0361434 0.0019399
11 0.617312 0.31689 0.0985345 0.0327496 0.00193867
11 0.540666 0.339013 0.0758869 0.0331174 0.00191275
11 0.681779 0.349684 0.0506228 0.0436393 0.00190156
11 0.686754 0.407275 0.065465 0.0501607 0.00188303
11 0.561115 0.426021 0.0700556 0.0403388 0.00188264
11 0.569323 0.361167 0.0728401 0.0330095 0.00188211
11 0.607055 0.436457 0.0728462 0.0517112 0.00186057
11 0.638025 0.634284 0.0655484 0.0393917 0.0018359
11 0.534537 0.438561 0.0738688 0.0342055 0.00182808
11 0.50193 0.347247 0.0739 0.0522143 0.00178597
11 0.591411 0.438012 0.0703155 0.0505816 0.00178324
11 0.626751 0.683336 0.0626942 0.0234277 0.00174677
11 0.578645 0.438966 0.0672167 0.0469481 0.00174056
11 0.656116 0.421681 0.0801244 0.056273 0.00169738
11 0.501979 0.368895 0.062444 0.0425657 0.00166719
11 0.627702 0.405817 0.0829172 0.0336566 0.00165939
11 0.667897 0.352867 0.0625267 0.0364933 0.00163806
11 0.623546 0.436819 0.0849138 0.0516249 0.00163686
11 0.679165 0.326413 0.0607503 0.0341504 0.00158446
3 0.597758 0.658859 0.0991897 0.0567302 0.00156108
11 0.600522 0.539406 0.0780014 0.0662731 0.00155076
11 0.628259 0.360818 0.0769083 0.0391014 0.00154741
11 0.566959 0.436793 0.0686597 0.0435569 0.00153339
11 0.5585 0.681538 0.0603598 0.0268531 0.0015135
11 0.54074 0.419851 0.08399 0.0386442 0.0014842
11 0.554064 0.67548 0.0530119 0.037129 0.00146163
11 0.494495 0.368709 0.0624867 0.048834 0.00145629
11 0.689549 0.395811 0.0538045 0.0693344 0.00145538
11 0.562991 0.416666 0.0761765 0.0386907 0.00144112
11 0.639486 0.365654 0.073548 0.0304528 0.00141871
3 0.610279 0.311928 0.114722 0.0409859 0.00139418
11 0.594282 0.652847 0.0867972 0.0462437 0.00137619
11 0.551798 0.435021 0.0797803 0.0406497 0.00133965
11 0.527937 0.419215 0.0735439 0.0424209 0.0013379
11 0.574931 0.427275 0.0667957 0.0499114 0.00132429
11 0.641344 0.373249 0.0771538 0.0290259 0.0013176
11 0.636804 0.353632 0.0689042 0.0346402 0.00130365
11 0.63377 0.456103 0.102917 0.0472339 0.0012797
11 0.647493 0.354914 0.0676738 0.0357212 0.00127824
11 0.656734 0.455126 0.0707075 0.0329532 0.00123766
11 0.685337 0.330863 0.0552084 0.0312844 0.00123668
11 0.660623 0.365144 0.0616047 0.0307243 0.00123615
11 0.522448 0.338396 0.0568922 0.0372865 0.00121512
11 0.634847 0.643618 0.0662418 0.0374192 0.00118782
11 0.636521 0.468979 0.0998245 0.0328606 0.00118758
11 0.577213 0.677301 0.0941196 0.0363969 0.00118673
11 0.517206 0.371045 0.0761995 0.0361242 0.0011824
11 0.648348 0.472419 0.0844325 0.0270999 0.00115364
11 0.670264 0.454385 0.0524086 0.0346744 0.00114562
11 0.602236 0.360218 0.0685304 0.0390794 0.00114451
11 0.575153 0.412887 0.0726696 0.0473055 0.00114046
11 0.634879 0.412097 0.0853412 0.0414872 0.00112994
11 0.52846 0.428165 0.0677008 0.037979 0.00112473
11 0.643126 0.392272 0.0849558 0.0364329 0.00112138
11 0.662501 0.380284 0.0575591 0.0384146 0.00111279
11 0.634483 0.65252 0.0633616 0.0424333 0.00110823
11 0.671606 0.478492 0.0509242 0.0243048 0.0011032
11 0.59379 0.318591 0.0779732 0.029917 0.00108785
11 0.679517 0.361206 0.0387855 0.0435629 0.00108166
11 0.531329 0.447836 0.0692873 0.0401007 0.00107699
11 0.651615 0.395864 0.0759699 0.0427744 0.00105211
11 0.525237 0.406891 0.0793814 0.0430564 0.00104888
11 0.57986 0.48651 0.072382 0.0372571 0.00104748
11 0.584736 0.681761 0.102288 0.0281863 0.00102589
11 0.592794 0.428768 0.0744156 0.056883 0.00101798
11 0.659814 0.475913 0.0697021 0.0228702 0.00101643
11 0.708123 0.440363 0.0396414 0.0656868 0.0010106
11 0.696836 0.408814 0.0469356 0.0518518 0.00100745
