2 0.657135 0.395842 0.461307 0.506357 0.827791
1 0.598708 0.521665 0.549963 0.143436 0.793664
1 0.649137 0.55818 0.520162 0.151619 0.0317649
10 0.613767 0.512718 0.456882 0.162711 0.0158614
2 0.563582 0.411051 0.500412 0.534987 0.0135476
1 0.675687 0.557953 0.366753 0.164682 0.0102283
2 0.581302 0.442735 0.595099 0.427164 0.00822357
2 0.501588 0.41709 0.663102 0.448903 0.00221973
2 0.591242 0.520749 0.551157 0.189843 0.00183515
10 0.650071 0.485096 0.403815 0.21333 0.0016332
1 0.619842 0.517453 0.437827 0.178922 0.00153862
10 0.637985 0.469331 0.361348 0.290803 0.00142073
4 0.602368 0.537687 0.569362 0.206859 0.00103371
