9 0.213057 0.366274 0.311028 0.368172 0.866351
0 0.392054 0.38807 0.307989 0.405028 0.864135
11 0.233813 0.293134 0.143704 0.117137 0.146667
11 0.274484 0.336606 0.183976 0.147027 0.142022
11 0.218854 0.283444 0.130144 0.130739 0.116039
11 0.257489 0.301813 0.134489 0.129297 0.113112
11 0.275462 0.321238 0.144223 0.131478 0.110096
11 0.216994 0.267671 0.111726 0.143329 0.0309826
11 0.319914 0.286086 0.154558 0.189579 0.0146638
11 0.237042 0.325617 0.182695 0.127749 0.00957633
11 0.290565 0.264585 0.100854 0.156833 0.00675256
11 0.214194 0.349973 0.141821 0.15184 0.00542067
11 0.188186 0.342672 0.149694 0.138238 0.00209526
11 0.154156 0.199228 0.164035 0.129112 0.00200093
11 0.194011 0.370555 0.136453 0.159561 0.00171703
11 0.200952 0.330781 0.132626 0.121944 0.0014633
11 0.157844 0.319692 0.162939 0.124655 0.00129032
11 0.13469 0.300121 0.145447 0.169191 0.00109617
11 0.229529 0.361545 0.171689 0.12085 0.00100993
