11 0.716271 0.485618 0.136549 0.051639 0.00965824
11 0.246678 0.615608 0.063791 0.0613939 0.00724016
11 0.637319 0.467789 0.133132 0.0723083 0.00680314
11 0.0829265 0.587748 0.0753023 0.055709 0.00671672
11 0.182698 0.473545 0.0912837 0.0490163 0.00646838
11 0.656783 0.471193 0.126997 0.0714098 0.00592156
11 0.188931 0.484012 0.114404 0.0628939 0.00569287
11 0.230387 0.527786 0.0950438 0.0823833 0.00565894
11 0.0746283 0.592595 0.0640525 0.0544832 0.00551101
10 0.152354 0.624348 0.0797517 0.126809 0.00519451
11 0.295332 0.49542 0.124364 0.0538226 0.0046945
11 0.32492 0.496965 0.0667214 0.0552503 0.0046689
11 0.562641 0.464768 0.143663 0.0412364 0.00464699
11 0.16767 0.475833 0.107324 0.045155 0.00440609
11 0.5611 0.454031 0.139089 0.0392061 0.0042394
11 0.546412 0.409452 0.141688 0.0226644 0.00415348
11 0.170519 0.462216 0.112845 0.0604399 0.00412547
11 0.743733 0.480527 0.104835 0.0469801 0.0040168
11 0.0976285 0.586049 0.0809885 0.0571056 0.00383833
11 0.0187059 0.586123 0.0374119 0.0485689 0.00378422
11 0.408395 0.516298 0.194229 0.0394043 0.00375646
11 0.245453 0.601315 0.0652743 0.0923376 0.00358181
11 0.176736 0.445728 0.159031 0.04485 0.00336176
11 0.613142 0.478676 0.167987 0.0649654 0.0032179
11 0.727341 0.576679 0.101566 0.0717539 0.00321694
11 0.326899 0.506883 0.0571245 0.0680428 0.00316774
11 0.334135 0.492098 0.0622646 0.0560114 0.00315744
11 0.33921 0.482184 0.0645959 0.0427996 0.00314847
11 0.614596 0.462774 0.161943 0.0600125 0.00313393
11 0.57765 0.404889 0.16109 0.0195062 0.00311561
3 0.61604 0.398372 0.146037 0.0182894 0.00310274
11 0.577635 0.478498 0.163176 0.0330929 0.00307031
11 0.20112 0.498046 0.117281 0.0826787 0.00306596
11 0.557688 0.442067 0.140545 0.0503578 0.00299224
11 0.530334 0.41187 0.115094 0.0266402 0.00292374
11 0.217822 0.535003 0.115869 0.0818233 0.00291694
11 0.0217704 0.592821 0.0435408 0.0616922 0.00284568
11 0.598193 0.481785 0.184013 0.04291 0.00283111
11 0.772135 0.673299 0.166915 0.0364639 0.00280824
11 0.770462 0.454628 0.113274 0.0170887 0.00280398
11 0.159633 0.483117 0.156034 0.0505236 0.00276257
11 0.619746 0.402155 0.150336 0.0192666 0.0027585
11 0.295062 0.507726 0.11386 0.073333 0.00272585
11 0.651335 0.407482 0.0966524 0.0222126 0.0026337
11 0.33019 0.486767 0.0757555 0.0537577 0.00260152
11 0.234249 0.519677 0.12652 0.0757574 0.00254266
11 0.019357 0.578883 0.0387139 0.0592249 0.002535
11 0.0998875 0.590312 0.108081 0.0636763 0.00249282
11 0.690589 0.419743 0.126909 0.029129 0.00248313
11 0.385287 0.513122 0.163415 0.0454405 0.0024529
11 0.270026 0.513652 0.148752 0.0715683 0.00244856
11 0.773705 0.481337 0.132403 0.0379086 0.00243258
11 0.501347 0.515171 0.218856 0.0520402 0.00241699
10 0.159004 0.638159 0.0606133 0.100476 0.00235513
11 0.663483 0.417533 0.0829816 0.030415 0.00233361
11 0.256669 0.525301 0.109422 0.0850025 0.00230256
11 0.765836 0.580743 0.0889627 0.09161 0.00230002
11 0.188175 0.461307 0.0939156 0.0595111 0.00229978
11 0.554996 0.540215 0.143759 0.0436133 0.00228934
11 0.543051 0.420725 0.136387 0.0240728 0.0022817
11 0.669676 0.410683 0.0828879 0.025852 0.00223573
11 0.063699 0.586988 0.0731332 0.057928 0.00223002
11 0.605248 0.453817 0.148844 0.0478386 0.00222619
11 0.177321 0.43776 0.190434 0.0315937 0.0022226
11 0.532566 0.531016 0.171761 0.0489976 0.00221782
11 0.589314 0.543057 0.10033 0.0420906 0.00214696
11 0.543092 0.457025 0.12631 0.0457464 0.00212453
11 0.589779 0.460324 0.172645 0.0454539 0.00209164
11 0.20679 0.48374 0.115674 0.0734862 0.0020738
11 0.131728 0.476074 0.156166 0.0445512 0.00204323
11 0.623018 0.493531 0.15013 0.0431546 0.00202321
11 0.634536 0.536379 0.105046 0.0439482 0.00200866
11 0.439402 0.510546 0.240728 0.0472596 0.00200742
11 0.605555 0.399001 0.137944 0.019514 0.0020073
11 0.219179 0.455607 0.111938 0.0582171 0.00197335
11 0.0151036 0.584532 0.0302071 0.0409934 0.00196527
11 0.200956 0.520298 0.132589 0.0663817 0.00194522
11 0.647559 0.48124 0.115413 0.0613867 0.0019371
11 0.636458 0.415112 0.12094 0.0324484 0.00193135
11 0.322915 0.530291 0.0513272 0.0695446 0.00190365
11 0.714895 0.577308 0.102908 0.0484562 0.00187992
11 0.427387 0.524636 0.220684 0.0419227 0.00187512
11 0.795892 0.580268 0.0441224 0.0921616 0.00185616
11 0.620695 0.539122 0.105258 0.0416894 0.00183626
11 0.336844 0.507733 0.0742628 0.0598581 0.00181988
11 0.127252 0.484152 0.165575 0.040865 0.00180078
11 0.210638 0.468019 0.121529 0.0647215 0.0017833
11 0.19151 0.530087 0.160757 0.0734789 0.00177872
11 0.641966 0.489937 0.130951 0.0474066 0.00177829
11 0.2197 0.443487 0.115099 0.039175 0.00177314
11 0.773652 0.679702 0.177689 0.0503943 0.00177302
11 0.706081 0.429717 0.137399 0.0460438 0.00176267
11 0.250336 0.502659 0.154448 0.0753452 0.00174418
11 0.306138 0.52481 0.0754237 0.085609 0.00171246
11 0.581459 0.537703 0.108218 0.0375323 0.00171183
11 0.140551 0.457808 0.132367 0.0504202 0.00170928
11 0.232388 0.450989 0.0953783 0.0520066 0.00169575
11 0.386662 0.525159 0.164654 0.0495558 0.00169147
11 0.742693 0.50068 0.0871084 0.0700438 0.00167533
11 0.678741 0.482101 0.128072 0.0593187 0.00167431
11 0.458866 0.565671 0.170785 0.0292246 0.00166681
11 0.741117 0.435497 0.0950305 0.0502864 0.00164038
11 0.770557 0.474861 0.12458 0.0520375 0.00161953
11 0.671683 0.488868 0.121525 0.0482795 0.00160638
11 0.634304 0.544908 0.0951973 0.0432061 0.00157537
11 0.688114 0.572378 0.116871 0.0382471 0.00155961
11 0.247004 0.451191 0.0939524 0.05493 0.00155014
11 0.611196 0.500613 0.166747 0.0322672 0.00153232
11 0.663104 0.548575 0.12395 0.0542824 0.0015252
11 0.597031 0.491943 0.186248 0.0393785 0.00148657
11 0.780739 0.580276 0.0712642 0.0907805 0.0014735
11 0.684692 0.473632 0.14914 0.0676363 0.00145525
11 0.209823 0.435397 0.134225 0.0265486 0.00145428
11 0.611379 0.545332 0.0905263 0.043526 0.00144374
11 0.124647 0.586259 0.0593424 0.0566586 0.00143871
11 0.171666 0.566407 0.139504 0.0400614 0.00141877
11 0.536725 0.430682 0.12455 0.0413094 0.00138154
11 0.662061 0.533108 0.124919 0.0561256 0.00137125
11 0.353905 0.480426 0.0855781 0.0423493 0.00136112
11 0.226936 0.542181 0.0957839 0.0738457 0.00134781
11 0.57991 0.451061 0.147486 0.0419779 0.00134351
11 0.106078 0.485277 0.134831 0.0356098 0.00132457
11 0.616343 0.521914 0.142015 0.0524591 0.00132368
11 0.699221 0.413449 0.138606 0.0337826 0.00131474
11 0.640357 0.558413 0.091355 0.0327346 0.00131098
11 0.0588855 0.576849 0.0705237 0.0727036 0.00130167
11 0.650084 0.568281 0.101606 0.0364243 0.0012866
11 0.241548 0.542329 0.0717374 0.0719254 0.00126873
11 0.653591 0.455916 0.131699 0.0583527 0.00125565
11 0.0821241 0.56365 0.062902 0.086042 0.00125548
11 0.757815 0.435894 0.0943574 0.0532175 0.00123372
11 0.253871 0.583645 0.0719966 0.0868384 0.00122321
11 0.606636 0.417095 0.149708 0.0276564 0.00122266
11 0.703898 0.572812 0.109991 0.0432803 0.00122119
11 0.224974 0.485498 0.106298 0.0633916 0.00121779
11 0.67464 0.567631 0.127976 0.0412065 0.00121706
11 0.620157 0.455635 0.132316 0.0577922 0.00119077
11 0.145764 0.61598 0.0760384 0.113963 0.00119
11 0.132463 0.593599 0.0613332 0.0706652 0.00117833
11 0.110568 0.504349 0.129674 0.0419483 0.00117422
11 0.0784068 0.543462 0.0520055 0.0603292 0.00117407
11 0.28546 0.488021 0.125705 0.0562863 0.00116573
11 0.243439 0.563344 0.0700341 0.0583976 0.00113166
11 0.239899 0.493295 0.135639 0.0685033 0.00112138
11 0.227003 0.466729 0.105975 0.0536516 0.00111208
11 0.546677 0.518514 0.141012 0.0461354 0.00110957
11 0.564132 0.401065 0.148953 0.0249404 0.00110335
11 0.135153 0.508638 0.155388 0.0393801 0.00109929
11 0.571258 0.420566 0.147035 0.0264606 0.00108429
11 0.300505 0.482645 0.125505 0.0549196 0.00107517
11 0.783336 0.485188 0.129242 0.028167 0.00106203
11 0.229814 0.435393 0.100818 0.0277042 0.00104963
11 0.143248 0.587005 0.0767935 0.0581474 0.00104684
11 0.626573 0.550968 0.0920811 0.0429342 0.00104136
11 0.164239 0.509422 0.159279 0.0475527 0.00104019
11 0.255103 0.469971 0.0886856 0.0480748 0.00102804
11 0.249894 0.563891 0.0709166 0.0827512 0.00102738
11 0.321573 0.543292 0.0523165 0.0672634 0.00102142
11 0.767883 0.448352 0.107985 0.0246307 0.00101833
11 0.52247 0.540048 0.179056 0.053902 0.00101144
11 0.476263 0.553281 0.173954 0.0474827 0.00101103
11 0.708508 0.415726 0.135856 0.0441869 0.00101055
