4 0.747817 0.384528 0.307568 0.0486864 0.0226481
7 0.775127 0.379039 0.25153 0.0331147 0.00881832
10 0.730947 0.380272 0.334654 0.0374741 0.00766463
4 0.648 0.390214 0.514468 0.0854697 0.00456202
4 0.642231 0.365302 0.523644 0.111293 0.00450484
4 0.756523 0.404558 0.287594 0.0922799 0.00398311
10 0.627188 0.384995 0.557939 0.0656436 0.00364514
4 0.624695 0.385446 0.563568 0.0582667 0.00346317
4 0.579491 0.420931 0.629727 0.158954 0.00218989
4 0.638336 0.404645 0.534239 0.124332 0.00186145
4 0.684118 0.391738 0.442188 0.0643207 0.00171784
7 0.811101 0.378473 0.182762 0.0306324 0.001703
