3 0.810383 0.672919 0.185017 0.181802 0.860589
11 0.5 0.614379 0.101536 0.0303295 0.00951349
11 0.47135 0.564087 0.0605751 0.0708608 0.00575535
11 0.491488 0.617517 0.0886279 0.0389794 0.00564502
11 0.4617 0.563069 0.0511667 0.0699651 0.002633
11 0.460802 0.570988 0.0446748 0.0633446 0.00246822
11 0.508674 0.611487 0.08736 0.0294101 0.00224564
11 0.483709 0.574786 0.0606942 0.053474 0.00219053
11 0.499356 0.612393 0.0899088 0.0405529 0.00192923
11 0.470892 0.576198 0.0483834 0.0549893 0.00191147
11 0.483159 0.55651 0.0804011 0.0629031 0.00182097
11 0.479553 0.546162 0.0672667 0.056487 0.00166401
11 0.464253 0.556301 0.061924 0.07104 0.00145382
11 0.478121 0.619557 0.0810283 0.0415277 0.00135762
11 0.487366 0.580933 0.0512627 0.0465129 0.00133079
11 0.508614 0.594969 0.0740669 0.0451658 0.00110377
11 0.503713 0.583434 0.0559345 0.0432564 0.0010037
