10 0.492818 0.653894 0.51694 0.313118 0.892501
4 0.493975 0.482659 0.308088 0.0569963 0.246961
4 0.478847 0.484795 0.290929 0.0788023 0.170507
4 0.492466 0.478133 0.313208 0.0374105 0.124665
4 0.450558 0.483547 0.405591 0.0717638 0.072383
4 0.490458 0.500346 0.302415 0.0943715 0.0612968
4 0.501011 0.4846 0.291658 0.0402692 0.0554658
4 0.451196 0.465841 0.402339 0.107998 0.0441964
4 0.462803 0.48959 0.243136 0.0984414 0.0346816
4 0.473774 0.469176 0.354571 0.0832286 0.0310962
4 0.515116 0.515555 0.283909 0.122168 0.026332
4 0.509782 0.480185 0.272196 0.0291801 0.0116453
4 0.467516 0.506236 0.273007 0.127773 0.0107263
4 0.434321 0.47847 0.243861 0.0835221 0.00812896
4 0.496545 0.467351 0.305604 0.0663702 0.00803055
4 0.526211 0.501641 0.251778 0.0812902 0.00605985
4 0.435789 0.50467 0.246286 0.111803 0.0042555
4 0.461353 0.470865 0.251381 0.0821529 0.00257422
4 0.5531 0.527806 0.279523 0.140581 0.00251831
4 0.456631 0.459651 0.400313 0.184092 0.00249087
10 0.488733 0.481933 0.335428 0.0442924 0.00197328
4 0.405139 0.494469 0.264924 0.0886813 0.00157611
4 0.461538 0.50461 0.395755 0.068814 0.00112713
4 0.519015 0.68699 0.339281 0.227444 0.00111757
