10 0.26259 0.295572 0.338626 0.192158 0.86249
10 0.627052 0.508129 0.745896 0.427562 0.646711
4 0.544504 0.536353 0.405225 0.449553 0.631839
4 0.569935 0.551139 0.57281 0.433215 0.47087
10 0.539774 0.512329 0.69472 0.333542 0.271908
10 0.536698 0.521273 0.395683 0.452557 0.056468
3 0.678431 0.475482 0.406347 0.332656 0.0336005
3 0.393568 0.353668 0.351646 0.206147 0.0273571
4 0.53121 0.492893 0.323468 0.39114 0.0221353
10 0.473219 0.489609 0.471938 0.388702 0.0219718
3 0.356609 0.37573 0.340892 0.234955 0.0090471
8 0.665141 0.483439 0.404275 0.334679 0.00904039
10 0.509608 0.466561 0.368207 0.339037 0.00692277
3 0.5678 0.443797 0.259786 0.292025 0.00616932
10 0.409174 0.423922 0.439309 0.149764 0.00559563
3 0.319152 0.311865 0.308378 0.231163 0.00515736
4 0.518415 0.486818 0.658892 0.275593 0.00469778
8 0.716727 0.503464 0.409293 0.349552 0.00300953
3 0.524477 0.572412 0.375345 0.314525 0.00294263
3 0.824279 0.405409 0.313824 0.307733 0.00283502
10 0.38203 0.387883 0.39063 0.186367 0.00198447
3 0.337336 0.344112 0.366812 0.207576 0.00174785
3 0.326228 0.351606 0.278295 0.252206 0.00155032
3 0.440983 0.337675 0.374166 0.187973 0.00127425
