5 0.724152 0.344587 0.158442 0.331685 0.885599
5 0.157999 0.712693 0.0870853 0.464759 0.870536
2 0.221052 0.689257 0.259315 0.388833 0.782157
2 0.73271 0.680346 0.319227 0.22866 0.499096
2 0.715523 0.63471 0.286057 0.319088 0.371412
2 0.707372 0.526361 0.270162 0.532918 0.256498
2 0.675789 0.493724 0.205897 0.599115 0.00483383
2 0.203375 0.652989 0.289061 0.505666 0.00427249
1 0.0960589 0.586844 0.0875461 0.213755 0.00426285
1 0.717614 0.418588 0.159297 0.228604 0.00328113
2 0.749978 0.741113 0.345201 0.379464 0.00196969
1 0.13546 0.638091 0.115167 0.314656 0.00193234
1 0.711521 0.456515 0.160962 0.265582 0.00192453
1 0.121944 0.605109 0.110064 0.252403 0.0016328
