3 0.55228 0.806687 0.221384 0.14053 0.822442
11 0.56883 0.428363 0.198776 0.0318072 0.0938118
3 0.502635 0.520443 0.255497 0.0921945 0.00580427
11 0.412715 0.434383 0.196195 0.033714 0.00548597
11 0.52205 0.425916 0.288069 0.0270309 0.00526547
11 0.589761 0.432668 0.160653 0.0356987 0.00504007
11 0.445053 0.427807 0.202263 0.0246813 0.00416393
11 0.428358 0.429358 0.199809 0.030435 0.00381184
3 0.435139 0.517493 0.388174 0.0974341 0.00341591
11 0.439708 0.428845 0.195917 0.0402525 0.00268135
11 0.467287 0.420296 0.189903 0.0196356 0.0023859
11 0.457827 0.409335 0.1808 0.0306442 0.00216877
11 0.449633 0.423634 0.188139 0.0307296 0.00215368
11 0.602588 0.444517 0.146203 0.0612386 0.00207727
3 0.498736 0.533463 0.247342 0.0641258 0.001902
11 0.455282 0.415253 0.181105 0.0451332 0.00167604
3 0.514518 0.512319 0.219937 0.068647 0.00147046
3 0.465287 0.688481 0.214573 0.156121 0.00117473
