5 0.670059 0.539894 0.147375 0.359864 0.894766
5 0.170271 0.719297 0.234649 0.116174 0.767361
2 0.780438 0.451309 0.37634 0.299958 0.760564
2 0.230305 0.677873 0.354529 0.334682 0.612179
2 0.225456 0.730395 0.366224 0.228054 0.438333
1 0.163054 0.650651 0.247587 0.232699 0.149258
1 0.107745 0.629468 0.138884 0.20198 0.0714587
2 0.173548 0.69593 0.251348 0.291801 0.0151982
1 0.0880871 0.55276 0.0925234 0.22567 0.00730415
6 0.0774359 0.620333 0.0778622 0.182389 0.00348151
4 0.0860741 0.586109 0.0964989 0.134919 0.00286146
1 0.0864691 0.584817 0.0938934 0.129069 0.00266992
6 0.0676401 0.62521 0.0565662 0.179586 0.00249309
1 0.087443 0.621836 0.0980936 0.194415 0.00247593
4 0.0847637 0.610679 0.0933677 0.162731 0.00148354
4 0.0842122 0.571465 0.096042 0.27246 0.00101894
