3 0.827997 0.510921 0.0859472 0.093985 0.0223878
11 0.218079 0.593283 0.0619871 0.045228 0.00875947
11 0.133143 0.530286 0.0694411 0.0582625 0.00756922
4 0.0668143 0.479397 0.0291571 0.0845416 0.00491672
11 0.201154 0.589303 0.0707544 0.0378905 0.00479448
11 0.124564 0.534933 0.0563612 0.0620452 0.00469097
11 0.221602 0.601411 0.05614 0.0398192 0.00463481
11 0.143335 0.537327 0.0565279 0.0417167 0.00417444
11 0.167017 0.574431 0.0557592 0.0583618 0.00397381
11 0.272748 0.647122 0.0617467 0.075542 0.00387606
11 0.134359 0.547536 0.0745794 0.0702081 0.0038255
11 0.183409 0.586558 0.0617626 0.0370059 0.00349698
11 0.220802 0.584563 0.0562997 0.0525183 0.00344299
11 0.233235 0.582282 0.0414805 0.0529188 0.00334644
11 0.311806 0.551199 0.0407161 0.0397794 0.00333545
11 0.238522 0.589597 0.0422624 0.0498795 0.00329749
11 0.267647 0.663618 0.058519 0.0509241 0.00326546
11 0.180795 0.576723 0.0595699 0.054632 0.00324213
11 0.113279 0.464486 0.0603233 0.0327638 0.00322027
11 0.280915 0.660446 0.0510926 0.0547255 0.00320902
11 0.295007 0.476714 0.0659881 0.0251782 0.00317487
11 0.167974 0.587433 0.059642 0.0402555 0.00308837
10 0.218778 0.485779 0.0229313 0.0750406 0.00296126
11 0.160297 0.547348 0.0496265 0.0397706 0.00284748
11 0.318446 0.550845 0.0311344 0.03579 0.00283322
11 0.208387 0.583791 0.0693178 0.0508739 0.00283217
11 0.194875 0.580983 0.0635845 0.0499752 0.00281262
11 0.12012 0.467847 0.0630194 0.030116 0.00279636
11 0.283229 0.638048 0.0524759 0.0889272 0.00278977
11 0.261986 0.65373 0.0489678 0.0650814 0.00261199
11 0.155367 0.569186 0.0517359 0.0590043 0.00251783
11 0.14292 0.555863 0.0663128 0.0646733 0.00247336
11 0.27635 0.628311 0.0658925 0.0966823 0.00246599
11 0.105523 0.456064 0.0521938 0.0353732 0.00245348
10 0.288166 0.615786 0.0467075 0.0837216 0.0023657
11 0.140791 0.520486 0.0555027 0.050399 0.00232617
11 0.24544 0.578255 0.0413255 0.0599679 0.00227838
11 0.240772 0.604347 0.0439222 0.0474491 0.00221114
4 0.0631601 0.484762 0.0244049 0.0928656 0.00214676
11 0.118047 0.555727 0.0520693 0.0702812 0.00214603
11 0.259024 0.665772 0.0471952 0.0469529 0.00212358
11 0.219771 0.500972 0.0243507 0.0485689 0.0020665
11 0.287026 0.485817 0.0506461 0.0283972 0.00200974
11 0.178876 0.550818 0.0551634 0.0467709 0.00198493
10 0.134819 0.521661 0.0682393 0.0561912 0.00196205
11 0.279983 0.615347 0.0613024 0.0826942 0.00187159
11 0.291134 0.610685 0.0433633 0.074169 0.00185009
11 0.34753 0.545012 0.0530684 0.0385299 0.0018286
11 0.345964 0.59161 0.0458693 0.0555175 0.0017952
11 0.264344 0.637157 0.0561166 0.0854061 0.00176131
11 0.282572 0.513183 0.0423614 0.0298168 0.00175077
11 0.0648169 0.578139 0.0245155 0.0722342 0.00174513
11 0.103851 0.463667 0.0506741 0.0432818 0.0017333
11 0.29221 0.660754 0.0352932 0.05366 0.00173091
11 0.329235 0.547935 0.0394979 0.0346923 0.00173011
11 0.0742699 0.576053 0.0288326 0.0710141 0.00172548
11 0.297003 0.54693 0.0621679 0.044009 0.00171385
11 0.288481 0.509517 0.047131 0.032282 0.00170892
11 0.153905 0.591652 0.0414918 0.0378272 0.00168246
11 0.180599 0.662255 0.0543493 0.0313955 0.00167265
11 0.255675 0.678756 0.0496886 0.0314622 0.00162764
11 0.16291 0.666218 0.0507124 0.0309179 0.00161658
11 0.286482 0.476567 0.0539866 0.0223502 0.00159134
11 0.0245866 0.691155 0.0261373 0.0575348 0.00157189
11 0.180073 0.512753 0.048321 0.0317426 0.00155872
4 0.0611224 0.469199 0.0319853 0.0716343 0.00155863
11 0.263962 0.677348 0.060913 0.0342155 0.00155012
11 0.060381 0.583742 0.025722 0.070473 0.00152815
11 0.236037 0.561284 0.0460782 0.0625414 0.00151811
11 0.194008 0.660341 0.0409805 0.0321405 0.00151676
11 0.19072 0.548956 0.0534577 0.0437242 0.00150767
11 0.220484 0.552587 0.0471708 0.061308 0.00149126
11 0.180186 0.531686 0.0540556 0.0381061 0.00148894
11 0.289733 0.532185 0.0562697 0.0336553 0.00146954
11 0.308628 0.572333 0.0373365 0.0451877 0.00145264
11 0.273483 0.601691 0.0466009 0.0702348 0.00144659
11 0.192749 0.529403 0.0524765 0.0324214 0.00139298
11 0.256557 0.590559 0.0502758 0.0648868 0.00136769
11 0.252813 0.560792 0.0458846 0.0634929 0.00136375
11 0.0237019 0.819861 0.0248368 0.0851473 0.00136121
11 0.278247 0.529498 0.0431369 0.0335169 0.00134469
11 0.27764 0.676235 0.0552855 0.0371435 0.00133025
11 0.115248 0.458637 0.0623328 0.029823 0.00132386
11 0.352009 0.539383 0.0468592 0.0389545 0.00131585
11 0.262382 0.611317 0.0586669 0.0748544 0.00130919
11 0.223477 0.50858 0.0300634 0.0349823 0.00126786
11 0.217215 0.617505 0.0598244 0.0469911 0.00126173
11 0.134865 0.512636 0.0666771 0.0526063 0.00122782
11 0.247166 0.654553 0.0313418 0.0591238 0.00122645
11 0.29954 0.604063 0.0405191 0.0655399 0.00122568
11 0.316135 0.566263 0.0306835 0.0446881 0.00122016
11 0.255057 0.574236 0.047003 0.0752901 0.00119997
11 0.291525 0.639648 0.0387444 0.0832963 0.00118321
11 0.19308 0.647879 0.0440961 0.0400227 0.00117292
11 0.247096 0.680296 0.0418054 0.0316232 0.00117281
11 0.183766 0.648331 0.0552784 0.0407967 0.00115355
11 0.247456 0.635264 0.0336099 0.0670161 0.00115272
11 0.278875 0.731534 0.0418033 0.0357395 0.00113338
11 0.229979 0.622529 0.0456406 0.0456081 0.00112355
11 0.201795 0.550224 0.0628389 0.0517088 0.00112287
11 0.205683 0.660678 0.0444669 0.0337602 0.00111028
11 0.275949 0.544307 0.0466002 0.0552067 0.00110292
11 0.298902 0.482573 0.0648143 0.0333952 0.00107236
11 0.205294 0.645857 0.0488422 0.0426264 0.00106839
11 0.218555 0.522732 0.0335413 0.0356363 0.00105663
11 0.0280932 0.818924 0.0266551 0.0812732 0.00105302
11 0.200606 0.606676 0.0724148 0.0305364 0.00103969
11 0.246781 0.666859 0.0343805 0.04398 0.00103608
