3 0.398239 0.486258 0.443149 0.210807 0.708478
4 0.585651 0.458234 0.718129 0.151295 0.459409
4 0.554811 0.485001 0.776389 0.209806 0.38687
10 0.417086 0.445195 0.343376 0.0939029 0.0369104
10 0.386369 0.473371 0.403536 0.178871 0.017457
4 0.597961 0.484616 0.694273 0.158354 0.0116175
4 0.404136 0.460308 0.382965 0.11612 0.0044086
4 0.378059 0.465534 0.415419 0.224645 0.00253641
4 0.363351 0.471652 0.351841 0.115839 0.00192167
4 0.426179 0.459114 0.488184 0.168104 0.00156121
10 0.54749 0.481975 0.757498 0.219384 0.00144545
10 0.374685 0.458944 0.371862 0.107668 0.00127198
