11 0.47667 0.458093 0.0891412 0.141536 0.139543
11 0.468166 0.464457 0.101375 0.188344 0.0582507
11 0.516944 0.376282 0.0549145 0.130428 0.03345
11 0.474327 0.577048 0.145882 0.135231 0.0334161
11 0.518372 0.396508 0.0501361 0.141382 0.0116524
11 0.465955 0.390014 0.0545742 0.145341 0.011649
11 0.460509 0.413753 0.0685583 0.189125 0.00890743
7 0.601575 0.265072 0.0961378 0.0258581 0.00696205
11 0.510846 0.364015 0.0664806 0.14019 0.00602303
11 0.467572 0.575658 0.119881 0.11089 0.00487321
11 0.458391 0.564882 0.0985695 0.117833 0.00446453
7 0.585865 0.264527 0.0626566 0.0230186 0.00399083
11 0.468647 0.364271 0.0547771 0.147903 0.00371888
7 0.661411 0.31868 0.0672255 0.0443104 0.00342981
11 0.47648 0.25804 0.0360443 0.191833 0.00322977
11 0.48248 0.389293 0.0917414 0.144729 0.00322619
11 0.613665 0.273973 0.124363 0.0763365 0.00290899
11 0.496024 0.345854 0.0889849 0.131551 0.00279849
11 0.486952 0.359065 0.0962702 0.156326 0.00245332
11 0.498149 0.458761 0.0672932 0.142603 0.00234887
11 0.607882 0.268984 0.111968 0.0526472 0.00227067
11 0.510126 0.464438 0.0413559 0.142689 0.00215944
7 0.673388 0.323751 0.0917319 0.0356543 0.00211224
11 0.663164 0.567833 0.0557465 0.0408679 0.0019046
11 0.623001 0.283278 0.138783 0.0978961 0.00170262
11 0.482154 0.342499 0.0734869 0.119387 0.00127355
11 0.604814 0.266492 0.106309 0.03384 0.00127247
11 0.455688 0.459285 0.0795425 0.218516 0.00113751
