7 0.484601 0.409138 0.106526 0.035337 0.443414
7 0.609793 0.578151 0.102993 0.0390812 0.0941719
7 0.609029 0.602175 0.099763 0.0298279 0.0467864
7 0.607146 0.586869 0.103423 0.0514694 0.0313366
7 0.666719 0.569485 0.115641 0.0417456 0.0312009
7 0.652704 0.574951 0.141498 0.0386669 0.0168791
7 0.489131 0.377045 0.0786169 0.0509608 0.0168401
7 0.681129 0.566187 0.0850086 0.0527448 0.0150278
7 0.685239 0.572016 0.0784117 0.0367386 0.0148618
7 0.603701 0.519108 0.0902023 0.0418933 0.0115674
7 0.504558 0.377981 0.0674207 0.0551865 0.00847207
7 0.505676 0.408859 0.0978114 0.0398438 0.006364
7 0.520697 0.409843 0.103325 0.0425366 0.0041482
7 0.47621 0.383939 0.0838144 0.0647769 0.00409633
7 0.612738 0.607876 0.0898418 0.0315193 0.00357181
7 0.59137 0.521705 0.0663502 0.0469629 0.00352165
7 0.621992 0.630912 0.0672179 0.0260249 0.0034635
7 0.64342 0.580772 0.150405 0.05381 0.00222769
7 0.496264 0.425146 0.0691159 0.0609409 0.00175214
7 0.612858 0.570483 0.108045 0.053693 0.00169946
7 0.618956 0.623561 0.079128 0.0427633 0.00161679
7 0.606383 0.530368 0.097526 0.0540512 0.00155614
7 0.582024 0.530359 0.0516596 0.0579109 0.0015047
7 0.639828 0.59393 0.130658 0.0513095 0.00141487
