3 0.383807 0.733161 0.104909 0.0990632 0.0338649
3 0.788308 0.314073 0.0357911 0.0541474 0.0169886
11 0.834989 0.319137 0.040725 0.0343165 0.0142629
11 0.831472 0.310809 0.0395863 0.0317832 0.0107379
11 0.845991 0.326911 0.0386341 0.0331848 0.00520858
3 0.446875 0.819812 0.0352512 0.0784406 0.00405812
11 0.564753 0.47864 0.0365871 0.046857 0.00376005
11 0.568402 0.509005 0.0446884 0.0366368 0.00356094
11 0.56738 0.496356 0.0419091 0.0393621 0.00345385
11 0.60214 0.453828 0.0346634 0.0403316 0.00323684
11 0.821891 0.313927 0.0505526 0.0474255 0.00304468
11 0.58231 0.498546 0.0318219 0.0377022 0.00298109
11 0.558345 0.480146 0.04233 0.0475904 0.00285302
11 0.603173 0.477245 0.0450687 0.0495955 0.00275471
11 0.61302 0.441449 0.0317108 0.0494998 0.00265586
11 0.807266 0.382538 0.0391685 0.0733317 0.002627
11 0.562384 0.507748 0.0476366 0.0417304 0.00261834
11 0.603195 0.443845 0.0347054 0.0472682 0.00259997
11 0.558918 0.492181 0.0455808 0.0443259 0.00259074
11 0.581344 0.507436 0.0337292 0.0339894 0.00258649
11 0.839279 0.313234 0.0485954 0.0366656 0.0025682
11 0.576748 0.481472 0.0354156 0.0492326 0.00252742
11 0.809376 0.368489 0.0425282 0.0561353 0.00251211
11 0.55182 0.493056 0.0451967 0.0466323 0.00241913
3 0.300644 0.677158 0.0545825 0.182603 0.00233496
11 0.813552 0.377791 0.039436 0.0650726 0.00215986
11 0.609804 0.435846 0.0357649 0.0501343 0.00214925
11 0.584702 0.462556 0.036931 0.0443103 0.00209281
11 0.619265 0.441425 0.0445208 0.0522815 0.00204705
11 0.801025 0.386976 0.0514067 0.0760461 0.00201557
11 0.815725 0.364226 0.0408169 0.0475092 0.00184113
3 0.796649 0.313869 0.0524067 0.0504756 0.00181069
11 0.625263 0.426803 0.0500717 0.0529435 0.00180627
11 0.100501 0.584886 0.0549303 0.0478371 0.00179129
11 0.842359 0.462191 0.0661125 0.0405281 0.00174503
11 0.662037 0.505721 0.0334314 0.0581628 0.00172399
11 0.642427 0.518689 0.0467135 0.0460973 0.00169256
11 0.567808 0.516314 0.04198 0.0477909 0.00164016
11 0.601358 0.496031 0.0530233 0.0399417 0.00163421
11 0.799028 0.36463 0.0507212 0.0547241 0.00149047
11 0.661503 0.49518 0.0301437 0.0570648 0.00143748
11 0.855515 0.341839 0.028381 0.0345085 0.00142035
11 0.0966345 0.562001 0.059396 0.0474882 0.00141613
11 0.631992 0.522864 0.0390303 0.039055 0.00141456
11 0.565012 0.469332 0.0334416 0.0469864 0.00139872
11 0.84398 0.4566 0.0608532 0.0387098 0.0013697
11 0.865576 0.346599 0.0260758 0.040338 0.00136742
11 0.793867 0.412488 0.0460115 0.0430794 0.00136723
11 0.880476 0.36752 0.0267315 0.0497035 0.00134878
11 0.626603 0.459475 0.057342 0.032269 0.00133241
11 0.841353 0.340158 0.0372825 0.0328236 0.00131755
11 0.619583 0.522135 0.0295086 0.0380327 0.00131585
11 0.595866 0.505553 0.0468051 0.032471 0.00131278
11 0.740068 0.339452 0.0352415 0.0490074 0.001278
11 0.659923 0.478653 0.0340279 0.0457688 0.00127771
11 0.649047 0.512998 0.047899 0.0573346 0.00127465
11 0.799796 0.404642 0.0489936 0.0528458 0.00127358
11 0.113811 0.585432 0.0372166 0.0421548 0.00126476
11 0.643036 0.504472 0.0485113 0.0540225 0.00125834
11 0.541145 0.500193 0.0370903 0.0603508 0.00125395
11 0.649154 0.479076 0.0451746 0.043221 0.00122645
11 0.825253 0.377582 0.0377416 0.0543978 0.00120714
11 0.603383 0.502001 0.0503656 0.0388594 0.0012064
11 0.679296 0.50788 0.0379682 0.0548075 0.0011984
11 0.578204 0.516448 0.0353459 0.0462787 0.0011965
11 0.869473 0.360965 0.0274504 0.0420199 0.00116222
11 0.550313 0.507139 0.0452563 0.0517818 0.00116111
11 0.65045 0.462492 0.043489 0.0325252 0.00115976
11 0.650516 0.492393 0.042469 0.0545648 0.00115807
11 0.0674575 0.520196 0.0473804 0.0431863 0.00115407
11 0.62831 0.501901 0.0525659 0.0492276 0.00114305
11 0.617053 0.536494 0.0316099 0.0578279 0.00113632
11 0.637488 0.48894 0.0585204 0.0545467 0.00111239
11 0.61217 0.498923 0.0474689 0.047298 0.00107703
11 0.0841795 0.583995 0.0415624 0.0674811 0.00107168
11 0.828386 0.341704 0.0386929 0.0291279 0.00106942
11 0.612232 0.456352 0.0324353 0.0383974 0.0010608
11 0.795357 0.31502 0.0501656 0.0540763 0.00104651
11 0.629193 0.534273 0.0387681 0.0552564 0.00103869
11 0.0568757 0.51325 0.040917 0.0445058 0.00103408
11 0.745162 0.347434 0.03081 0.0622237 0.00101852
11 0.860698 0.459629 0.0393342 0.0592459 0.00101798
11 0.605379 0.519591 0.0367906 0.0401124 0.00100406
