9 0.546185 0.376522 0.394963 0.147886 0.841168
6 0.651891 0.347329 0.292113 0.243019 0.0217587
7 0.590203 0.404523 0.114518 0.0365681 0.0171627
7 0.57019 0.40402 0.134292 0.033484 0.0154165
7 0.577008 0.395159 0.203095 0.0353558 0.0117348
7 0.54388 0.408241 0.189566 0.055426 0.0116404
6 0.594594 0.342626 0.407355 0.2349 0.010506
7 0.561712 0.391271 0.286431 0.0529006 0.00641595
7 0.589396 0.370565 0.25238 0.0445681 0.00420187
7 0.605356 0.404821 0.107102 0.0590846 0.00385618
7 0.532545 0.404738 0.222008 0.0841951 0.00376224
7 0.594915 0.39117 0.150352 0.0620265 0.00288677
7 0.582762 0.410753 0.167351 0.0627043 0.00284374
7 0.58123 0.375595 0.292198 0.0653359 0.00280651
7 0.593072 0.361246 0.223245 0.0428217 0.00239815
7 0.544604 0.392315 0.288067 0.0856482 0.00180101
7 0.588555 0.359827 0.245255 0.0674323 0.0017721
7 0.564946 0.374125 0.278559 0.0933326 0.00176713
7 0.599908 0.369044 0.18972 0.0493517 0.0013404
7 0.573484 0.361185 0.22982 0.0980547 0.0013227
6 0.556995 0.383406 0.308711 0.0969397 0.00132047
7 0.532665 0.374056 0.193834 0.0732828 0.00131193
7 0.527824 0.381944 0.22334 0.0937362 0.00113981
7 0.536653 0.363178 0.175458 0.0758317 0.00103086
