7 0.34345 0.424948 0.0607992 0.0458531 0.571827
7 0.349215 0.416667 0.0857151 0.0482105 0.0920569
7 0.316535 0.667509 0.0294759 0.0502272 0.0613494
7 0.348814 0.668719 0.0480593 0.0448837 0.0219107
7 0.321469 0.668083 0.0345278 0.0539366 0.00734594
7 0.321394 0.728169 0.0568781 0.0376004 0.00586961
7 0.316689 0.670748 0.0349195 0.0630274 0.00585876
7 0.349817 0.408338 0.0796131 0.0536124 0.00351729
11 0.340705 0.608677 0.094195 0.226859 0.00218567
11 0.343667 0.651395 0.0628338 0.112765 0.00148158
7 0.351075 0.66779 0.0602605 0.0512015 0.00135014
7 0.329826 0.670892 0.0563115 0.0673185 0.00108649
