4 0.519369 0.568974 0.55919 0.198101 0.788319
10 0.513973 0.439445 0.716776 0.254885 0.778158
3 0.356869 0.512968 0.31248 0.211538 0.286726
8 0.42163 0.539557 0.456887 0.267915 0.0800909
3 0.392047 0.537125 0.382915 0.263476 0.0651496
4 0.613772 0.538845 0.532239 0.191383 0.0409338
8 0.351755 0.514343 0.340252 0.236247 0.0281601
4 0.450282 0.537667 0.524865 0.275926 0.017507
10 0.580428 0.551781 0.60122 0.172697 0.0162129
8 0.381727 0.458747 0.368242 0.190361 0.00758475
10 0.638911 0.535289 0.478877 0.193991 0.00434891
8 0.627687 0.544912 0.310333 0.152169 0.00352789
8 0.578022 0.554141 0.605479 0.170515 0.00293341
3 0.61204 0.546102 0.326931 0.153238 0.00255122
4 0.557808 0.545194 0.377054 0.14228 0.00232571
8 0.369914 0.424786 0.355726 0.173641 0.0020623
8 0.443027 0.51889 0.544637 0.323523 0.00128715
3 0.625249 0.483573 0.326587 0.178654 0.00123541
3 0.307819 0.505913 0.210491 0.222049 0.00119155
