11 0.326789 0.662879 0.0983971 0.0902108 0.393588
11 0.314197 0.656317 0.125541 0.105129 0.0778695
11 0.40014 0.368234 0.13481 0.0372206 0.0242667
11 0.417011 0.363147 0.165168 0.0419556 0.00454679
11 0.390026 0.373203 0.153466 0.0362375 0.00448191
11 0.403014 0.359411 0.138949 0.0376493 0.00401871
11 0.184122 0.454561 0.105177 0.0709537 0.00365028
11 0.249807 0.373238 0.154347 0.0256909 0.0035631
11 0.216474 0.397089 0.184936 0.0444341 0.00344458
11 0.232405 0.612461 0.0750855 0.0763852 0.00328516
11 0.419592 0.37624 0.146845 0.0381469 0.00307373
11 0.237514 0.389323 0.173593 0.0505735 0.00282173
11 0.179931 0.423134 0.116922 0.0405038 0.00205584
11 0.197881 0.402196 0.151335 0.0394117 0.00187586
11 0.406275 0.380577 0.153809 0.0445544 0.00184187
11 0.246347 0.615767 0.100761 0.0831032 0.00175145
11 0.277034 0.62598 0.140941 0.0945065 0.00169159
11 0.238134 0.381751 0.148178 0.0496401 0.00154102
11 0.258646 0.432726 0.203136 0.0390366 0.00150318
11 0.24702 0.387142 0.160097 0.0374342 0.00138843
11 0.257486 0.384439 0.147424 0.0282623 0.00136577
11 0.436124 0.39411 0.137882 0.0615933 0.00135047
11 0.196134 0.445196 0.101236 0.0558684 0.00134339
11 0.231946 0.436131 0.167172 0.0427232 0.00129661
11 0.176403 0.440736 0.102655 0.051565 0.0010241
11 0.254409 0.367718 0.156423 0.0296037 0.00102324
