11 0.495834 0.642208 0.0542316 0.0435615 0.0466082
10 0.779565 0.681646 0.0427333 0.195734 0.0414461
11 0.672388 0.408595 0.0603539 0.093753 0.0234613
11 0.66927 0.420495 0.0695264 0.123255 0.00574048
11 0.807541 0.755327 0.0514602 0.100327 0.0055425
11 0.817503 0.732981 0.0505573 0.0966068 0.00391118
11 0.812757 0.743456 0.0477571 0.101707 0.00379794
11 0.480362 0.641325 0.0876309 0.0441553 0.00353964
10 0.75536 0.446806 0.0463736 0.137441 0.00327567
11 0.798678 0.758446 0.0655605 0.10974 0.00218122
8 0.598844 0.450771 0.119185 0.398386 0.00184508
11 0.822458 0.720529 0.0525933 0.0883983 0.00101282
