7 0.81123 0.372138 0.0575779 0.0747974 0.25493
7 0.540361 0.721389 0.0417813 0.0448675 0.162669
7 0.802173 0.37528 0.0380995 0.0790013 0.152775
7 0.566302 0.716384 0.0308653 0.0536411 0.140033
7 0.812287 0.362205 0.0584822 0.0538227 0.0951497
7 0.561251 0.716967 0.0434659 0.0535161 0.0600403
7 0.546574 0.719061 0.054764 0.0493337 0.0469955
7 0.448629 0.695469 0.0555406 0.0314863 0.0453785
7 0.352431 0.556584 0.0214567 0.0517542 0.0407882
7 0.451596 0.688917 0.054225 0.0443578 0.0276069
7 0.392161 0.565519 0.0347506 0.0396521 0.0190938
7 0.386192 0.559761 0.031603 0.0424824 0.01538
7 0.584105 0.497207 0.0552373 0.0403265 0.0121855
7 0.40288 0.576169 0.0358627 0.0455504 0.00677984
7 0.406146 0.587123 0.0371109 0.0364156 0.00460023
7 0.408594 0.592914 0.0378507 0.0352246 0.00408649
7 0.418041 0.541505 0.0320137 0.0322808 0.0040258
7 0.364567 0.557008 0.0426405 0.0492089 0.00392503
7 0.455133 0.680608 0.0551842 0.0508619 0.00331572
7 0.539171 0.711068 0.041181 0.0543188 0.00309283
7 0.683478 0.425689 0.0689806 0.0494532 0.0030551
7 0.817212 0.38395 0.0668125 0.099546 0.0030451
7 0.567495 0.728185 0.0336498 0.0824708 0.00255984
7 0.81005 0.683294 0.0703735 0.0643385 0.00237563
7 0.412502 0.543945 0.0386189 0.03358 0.00230112
7 0.41757 0.550616 0.0358594 0.0419564 0.00223667
7 0.413393 0.5918 0.0455223 0.0493277 0.00172049
7 0.734137 0.703308 0.0431844 0.0547773 0.00162328
7 0.409834 0.583382 0.0399887 0.0582297 0.00159699
11 0.806695 0.685721 0.0854838 0.0749178 0.00158625
7 0.404736 0.5543 0.0501301 0.0381409 0.00155787
7 0.411823 0.568696 0.0453787 0.0790311 0.00120582
7 0.723853 0.709526 0.0702864 0.0727835 0.00107899
