4 0.521662 0.665557 0.462637 0.417806 0.860587
8 0.59866 0.588731 0.486062 0.251065 0.795448
3 0.710225 0.725666 0.29881 0.296896 0.732372
3 0.634749 0.785382 0.24899 0.179963 0.00953721
3 0.639896 0.729254 0.240752 0.297749 0.00620027
8 0.670169 0.710498 0.34615 0.297385 0.00476222
3 0.615728 0.765817 0.283368 0.228107 0.00386689
3 0.308523 0.701556 0.259495 0.156 0.00335884
11 0.903831 0.987601 0.165041 0.0247591 0.00297696
11 0.30042 0.71241 0.209699 0.11818 0.00270478
11 0.914881 0.984001 0.161174 0.0317146 0.00196309
8 0.700222 0.681479 0.34416 0.214693 0.0018892
11 0.910023 0.975224 0.172387 0.049387 0.001779
3 0.459718 0.59616 0.262935 0.270534 0.00138112
11 0.806166 0.990925 0.191477 0.0181507 0.00133904
10 0.829954 0.977549 0.338049 0.0440948 0.00123604
