9 0.690269 0.644441 0.514239 0.254054 0.887206
0 0.541169 0.639725 0.397156 0.360906 0.826591
11 0.760607 0.612929 0.300028 0.135755 0.22062
11 0.734257 0.621585 0.236229 0.119641 0.191706
11 0.702091 0.629813 0.232418 0.110707 0.12419
11 0.761312 0.625664 0.32973 0.180065 0.0243234
11 0.639743 0.557366 0.185398 0.181655 0.0117489
11 0.687153 0.534494 0.146614 0.131575 0.00860029
11 0.826995 0.605458 0.231389 0.114722 0.00645407
11 0.816686 0.624145 0.242441 0.134507 0.00535824
11 0.828489 0.501722 0.143386 0.0828503 0.00321352
11 0.6559 0.563276 0.160729 0.13907 0.00251722
11 0.790031 0.594553 0.287654 0.131563 0.00173611
11 0.64545 0.59717 0.197754 0.147029 0.001548
11 0.673774 0.626896 0.235304 0.144946 0.00151182
11 0.595707 0.668866 0.190962 0.140381 0.00150842
11 0.731496 0.59827 0.233432 0.149081 0.00120506
