9 0.709943 0.505295 0.335067 0.392746 0.889817
0 0.514463 0.504387 0.182486 0.409574 0.877041
11 0.624675 0.378082 0.107991 0.152393 0.370382
11 0.640635 0.389698 0.124741 0.164249 0.0653889
11 0.554168 0.381796 0.0924405 0.144635 0.0492176
11 0.565638 0.356973 0.178783 0.113994 0.0442407
11 0.631739 0.363941 0.0848905 0.125694 0.039293
11 0.561851 0.376173 0.132905 0.151945 0.0319579
11 0.591422 0.372276 0.161015 0.144817 0.0235065
11 0.559079 0.406232 0.0812929 0.201269 0.00325843
11 0.724898 0.390505 0.183638 0.163622 0.00232299
11 0.694196 0.399984 0.195853 0.184506 0.00203256
