11 0.576807 0.507607 0.0609872 0.0699572 0.00818109
11 0.107187 0.533017 0.0447239 0.0435766 0.00439608
11 0.570919 0.500047 0.0683594 0.0495793 0.00371905
10 0.13572 0.714647 0.0488184 0.0938715 0.00341327
11 0.262552 0.52059 0.0721698 0.0533566 0.00288773
11 0.576184 0.492603 0.0578673 0.0516251 0.00286347
11 0.448606 0.46612 0.119096 0.0331997 0.00263024
11 0.430173 0.466869 0.135821 0.035945 0.002491
11 0.262991 0.598 0.073424 0.0577843 0.00245044
11 0.386575 0.533369 0.060214 0.0791716 0.00240831
11 0.532019 0.64481 0.0693811 0.0808585 0.00239085
11 0.261273 0.605443 0.0658194 0.0480333 0.00236654
11 0.100987 0.533796 0.0473694 0.0499808 0.00229968
11 0.110699 0.703462 0.0524855 0.0879908 0.00229161
11 0.530661 0.492798 0.128644 0.0252375 0.00227268
11 0.271983 0.52821 0.0627311 0.0575197 0.00216439
11 0.132169 0.70614 0.0567284 0.0868322 0.00215375
11 0.568844 0.491999 0.068917 0.0385634 0.00213143
11 0.100606 0.698615 0.0500925 0.0871675 0.00205719
11 0.432371 0.482465 0.118187 0.0297688 0.00199877
11 0.445536 0.771376 0.0571212 0.0714605 0.00197412
11 0.424077 0.489009 0.113069 0.0302586 0.00185527
11 0.452287 0.555004 0.0895639 0.0596331 0.00174169
11 0.487523 0.541603 0.0675254 0.0677482 0.00174086
11 0.461732 0.485519 0.088281 0.0246431 0.0017236
11 0.0527653 0.485138 0.0629095 0.0550381 0.00167138
11 0.53812 0.638176 0.057888 0.0664036 0.00164126
11 0.399053 0.538267 0.0734565 0.0909845 0.00162405
11 0.540375 0.491666 0.119814 0.0320831 0.00161521
11 0.571734 0.518177 0.0808035 0.0816576 0.00160499
11 0.094801 0.52371 0.0533071 0.0650276 0.00157999
11 0.424339 0.770687 0.0537884 0.0636141 0.00155207
11 0.0562989 0.488613 0.0441014 0.0439134 0.0015228
11 0.109473 0.540292 0.0397974 0.0551288 0.00151806
11 0.233993 0.60912 0.049006 0.0481712 0.00150464
11 0.378758 0.523318 0.0609087 0.06289 0.00148742
11 0.486541 0.603301 0.0558111 0.0834412 0.00142917
11 0.447513 0.568543 0.0889881 0.0484408 0.00138714
11 0.144832 0.704576 0.0587504 0.0805196 0.00136406
11 0.0796744 0.488204 0.0721871 0.0511827 0.00133559
11 0.193204 0.611119 0.0776285 0.0402256 0.00133267
11 0.534684 0.661756 0.0635499 0.0563059 0.00133101
11 0.583977 0.511157 0.0768629 0.0815231 0.00132333
11 0.0443649 0.487589 0.0640418 0.0492981 0.00130054
11 0.396864 0.522568 0.0701225 0.0754633 0.00129211
11 0.497761 0.493059 0.0833437 0.0238711 0.00128135
11 0.497993 0.540165 0.0611333 0.0725328 0.00127398
11 0.280766 0.535888 0.0684923 0.071215 0.00125849
11 0.212988 0.610353 0.0529307 0.0432489 0.00125035
11 0.276021 0.548362 0.0648047 0.0344238 0.00123465
11 0.488212 0.489101 0.0810524 0.0245558 0.00123373
11 0.0986338 0.682332 0.054283 0.0731614 0.00122879
11 0.482708 0.552123 0.0738535 0.0699794 0.00122074
11 0.455228 0.544782 0.0865891 0.0734204 0.00122063
11 0.471378 0.491709 0.0771395 0.0251224 0.00121329
11 0.236943 0.604132 0.0580221 0.052218 0.00120538
11 0.466311 0.570555 0.0790506 0.0492149 0.00120523
11 0.414927 0.478969 0.127401 0.030376 0.00119416
11 0.386755 0.734589 0.0974822 0.0329147 0.00118313
11 0.521039 0.63491 0.0875131 0.0641355 0.00118133
11 0.131675 0.521436 0.0474684 0.0563313 0.0011719
11 0.157247 0.703474 0.0597799 0.0709217 0.00115496
11 0.453064 0.460754 0.120654 0.0313379 0.00111177
11 0.164422 0.513887 0.0503877 0.0568194 0.00110719
11 0.4347 0.542243 0.0986769 0.0853699 0.00108685
11 0.469848 0.662965 0.0884026 0.0406201 0.00105184
11 0.420729 0.746359 0.0642509 0.0696369 0.00104712
11 0.123458 0.53159 0.0519217 0.0445869 0.0010414
11 0.174084 0.518969 0.060459 0.0538367 0.00103846
11 0.513661 0.644149 0.102276 0.0789669 0.00102049
11 0.064121 0.492868 0.041799 0.0555033 0.00101406
11 0.472242 0.466983 0.0868196 0.0333241 0.00100934
11 0.105165 0.689783 0.0586384 0.0771279 0.00100559
10 0.117528 0.714372 0.0538377 0.0949795 0.00100357
11 0.169192 0.609991 0.0640071 0.0378842 0.00100301
