3 0.420918 0.627184 0.385768 0.128304 0.86383
11 0.184007 0.355752 0.0780216 0.0633786 0.00755219
11 0.477674 0.29631 0.158337 0.0184364 0.00577423
11 0.452434 0.297076 0.179155 0.0233935 0.0054915
11 0.592592 0.316447 0.113648 0.0262991 0.00351126
11 0.409147 0.295378 0.21309 0.0262146 0.00344616
11 0.483399 0.300904 0.147332 0.0233188 0.00323869
11 0.584112 0.305901 0.126906 0.0299031 0.00264754
11 0.504442 0.295896 0.16929 0.019842 0.00264119
11 0.466164 0.301456 0.152328 0.0273019 0.00262656
11 0.387392 0.293093 0.179688 0.0270216 0.00240733
11 0.418047 0.30003 0.210027 0.0334628 0.00235272
11 0.537223 0.30279 0.120299 0.0244415 0.00218811
11 0.574063 0.297983 0.142641 0.0258828 0.00211092
11 0.481332 0.290814 0.170712 0.0225048 0.00205879
11 0.194176 0.359539 0.0852575 0.0543307 0.0019334
11 0.327911 0.340843 0.119429 0.0525253 0.00175112
11 0.44864 0.306694 0.178773 0.0425035 0.001698
11 0.30528 0.338037 0.122991 0.0472894 0.00164617
11 0.336118 0.351001 0.0974783 0.0407731 0.0015876
11 0.308152 0.349382 0.110286 0.0363473 0.00142913
11 0.598891 0.326103 0.119971 0.036646 0.00136946
11 0.233824 0.358301 0.121009 0.0446629 0.00128771
11 0.573866 0.314088 0.11649 0.0250443 0.00126803
11 0.585896 0.301037 0.139481 0.0350458 0.00119595
11 0.286927 0.349207 0.102974 0.0409847 0.00105891
