0 0.459948 0.518979 0.505045 0.385169 0.880051
9 0.470272 0.748873 0.390161 0.122565 0.807581
11 0.346146 0.722582 0.146196 0.0708849 0.10807
11 0.364161 0.733907 0.16456 0.0564598 0.0863468
11 0.349945 0.739909 0.141043 0.0575799 0.0212565
11 0.662422 0.652991 0.100178 0.0975476 0.0170257
11 0.325071 0.7249 0.105547 0.0770637 0.0143652
11 0.365114 0.753696 0.147202 0.0912345 0.0143025
11 0.478754 0.744735 0.187142 0.0983475 0.0124774
11 0.588627 0.748748 0.137783 0.104448 0.00915673
11 0.56195 0.745623 0.130867 0.0985052 0.00870334
11 0.461594 0.756402 0.211445 0.0914386 0.00657694
11 0.329575 0.747585 0.1136 0.0690682 0.00626627
11 0.650825 0.667241 0.118616 0.0890943 0.00543221
11 0.331459 0.738836 0.117453 0.0482293 0.00510658
11 0.645382 0.649078 0.118289 0.108336 0.00420366
11 0.371918 0.7685 0.148681 0.0660436 0.00407802
9 0.433196 0.708529 0.347689 0.210329 0.00398192
11 0.557142 0.742499 0.1899 0.0937918 0.00387234
11 0.624291 0.666919 0.125595 0.098679 0.00361667
11 0.379119 0.721338 0.188985 0.0713504 0.00352028
9 0.391905 0.687987 0.353775 0.242824 0.00338563
11 0.319442 0.758938 0.0976925 0.087634 0.00337092
9 0.434138 0.736097 0.327786 0.120807 0.00248885
9 0.332653 0.659201 0.343915 0.288315 0.00175107
11 0.556826 0.729696 0.182448 0.06757 0.00159511
11 0.384185 0.758665 0.132203 0.0753904 0.00156623
11 0.447989 0.762413 0.167325 0.073352 0.00148384
11 0.506519 0.739884 0.19609 0.0879248 0.00142303
9 0.415258 0.716062 0.296046 0.160133 0.00129709
9 0.444176 0.716377 0.41332 0.293379 0.00113885
11 0.578509 0.725679 0.148504 0.0580147 0.00113022
11 0.478213 0.765539 0.252682 0.0788764 0.00107287
