9 0.24405 0.404266 0.265289 0.545404 0.860166
7 0.163248 0.533645 0.0481883 0.19874 0.321438
7 0.159594 0.510965 0.047804 0.17595 0.0744557
7 0.162424 0.491735 0.0474972 0.246135 0.0452282
7 0.26105 0.222556 0.0784934 0.038927 0.00915375
7 0.155782 0.487639 0.0557972 0.283624 0.00577868
7 0.168711 0.495978 0.0600938 0.305432 0.00464789
6 0.195125 0.455872 0.0915817 0.375004 0.00263159
7 0.254817 0.216524 0.0843813 0.060611 0.00242293
7 0.238719 0.575129 0.038192 0.0759347 0.0022638
7 0.257675 0.19607 0.102636 0.103146 0.00194471
6 0.180189 0.462626 0.0766376 0.344026 0.00179328
7 0.183054 0.588778 0.0382229 0.104745 0.00167335
7 0.216787 0.578673 0.062894 0.120103 0.00161944
7 0.195477 0.58699 0.0542588 0.124091 0.00153701
7 0.253294 0.577644 0.0642119 0.0666736 0.00150439
7 0.205971 0.582277 0.0640418 0.13614 0.00142685
