3 0.282548 0.492062 0.0839206 0.121108 0.728348
11 0.768876 0.544331 0.0753362 0.0436658 0.0120478
11 0.683349 0.337101 0.0589262 0.0609705 0.00836927
11 0.761403 0.404662 0.0707887 0.033416 0.00800591
11 0.676268 0.319714 0.0649378 0.0275264 0.00748376
11 0.763469 0.343949 0.0589703 0.0432742 0.00566339
11 0.771175 0.371687 0.076221 0.047021 0.00539172
11 0.775846 0.420604 0.0894419 0.043543 0.00527382
11 0.723021 0.348924 0.0321314 0.0724179 0.00523852
11 0.763049 0.394787 0.0770403 0.0537592 0.00513047
11 0.674728 0.326655 0.0713888 0.0412885 0.00505699
11 0.769537 0.410933 0.0839615 0.0449901 0.00497607
11 0.893537 0.441669 0.0435161 0.0704877 0.00445886
11 0.669856 0.331381 0.0717503 0.0387514 0.00439656
11 0.782677 0.369171 0.0762447 0.0492515 0.00433193
11 0.771861 0.343846 0.0769093 0.0377351 0.00426711
10 0.722596 0.348127 0.0319154 0.0754228 0.00396158
11 0.787676 0.362872 0.0876461 0.0524342 0.00345814
11 0.700837 0.320106 0.066754 0.0259276 0.00343253
11 0.805052 0.327925 0.058211 0.0286212 0.00343085
11 0.632795 0.374004 0.046904 0.0650297 0.00332976
11 0.742616 0.348441 0.0528688 0.0636924 0.00325769
11 0.782763 0.337765 0.090321 0.035411 0.00311252
11 0.740048 0.411555 0.0896286 0.0385678 0.00289567
11 0.706755 0.524005 0.0711165 0.0531864 0.00278549
11 0.707147 0.342958 0.0534548 0.0717558 0.00267393
11 0.715218 0.34549 0.0433443 0.0775561 0.00265989
11 0.641461 0.350692 0.0394424 0.048651 0.00261257
11 0.6367 0.366018 0.0447302 0.0655674 0.0025336
11 0.769671 0.360039 0.0819406 0.0542866 0.00247687
11 0.807291 0.335102 0.0574383 0.0268113 0.00244878
11 0.814717 0.350255 0.0559542 0.0499496 0.0023801
11 0.781123 0.414489 0.0924576 0.0438195 0.00232276
11 0.788756 0.342039 0.091102 0.0300485 0.00231463
11 0.619965 0.386908 0.0264465 0.0653082 0.00229777
11 0.797626 0.422564 0.0864485 0.0398752 0.00213939
11 0.762141 0.424591 0.0717662 0.0564553 0.00206761
11 0.618544 0.399957 0.0261082 0.0866251 0.00198505
11 0.630644 0.383962 0.0472008 0.0642769 0.00197633
11 0.820992 0.3593 0.0605049 0.0575766 0.00194667
11 0.753759 0.415197 0.0709316 0.0423687 0.00193754
11 0.798592 0.359693 0.0794746 0.0579423 0.00189729
11 0.655596 0.343659 0.0534792 0.0490219 0.00185572
11 0.792386 0.328517 0.0861803 0.0323704 0.00180562
11 0.762651 0.381452 0.0755793 0.0586038 0.00169291
11 0.769527 0.552021 0.0808617 0.0522425 0.00165838
11 0.788334 0.428652 0.0898014 0.0549804 0.00161492
11 0.750271 0.42667 0.0658136 0.0598818 0.00154414
11 0.730838 0.418994 0.095833 0.0415519 0.00151196
11 0.751421 0.368439 0.0726215 0.0627319 0.00150824
11 0.794938 0.368206 0.0770178 0.0540727 0.00150581
11 0.70801 0.421635 0.0931043 0.0354192 0.00147673
11 0.777777 0.387309 0.0850346 0.0651637 0.00145475
11 0.649499 0.338432 0.0441455 0.0415268 0.00143657
11 0.883426 0.427092 0.0565653 0.0717116 0.00139222
11 0.716077 0.334007 0.0483173 0.0494072 0.00138006
11 0.696811 0.528165 0.0538412 0.047751 0.00135258
11 0.682037 0.350315 0.0562269 0.0678999 0.00134473
11 0.702322 0.31445 0.0682121 0.0249588 0.00134157
11 0.761669 0.334831 0.0588203 0.0472037 0.00132472
11 0.696851 0.348031 0.0693331 0.0720299 0.00126945
11 0.718821 0.415659 0.0915722 0.0447809 0.00124586
11 0.809782 0.34224 0.0580073 0.0354201 0.00122832
11 0.887944 0.435188 0.0460319 0.0692297 0.00120937
11 0.679996 0.315122 0.06173 0.0250285 0.00120195
11 0.763884 0.550895 0.0761112 0.0400604 0.00119645
11 0.799168 0.414429 0.0876034 0.0341551 0.00117529
11 0.800662 0.340681 0.0738512 0.0306492 0.00112017
11 0.876753 0.412005 0.059654 0.0733398 0.00106642
11 0.842637 0.369093 0.0396617 0.0643692 0.00102666
11 0.890372 0.450936 0.0505417 0.0880991 0.00100181
