3 0.0818346 0.56647 0.0699308 0.110417 0.0781363
3 0.0923953 0.562675 0.0484606 0.0969127 0.0188419
3 0.559757 0.670132 0.0437116 0.14598 0.0155042
3 0.566823 0.672438 0.0397665 0.147737 0.00761474
3 0.0717934 0.546445 0.0421444 0.0940787 0.00664365
11 0.142971 0.541169 0.0308544 0.0582928 0.00567298
11 0.24094 0.584601 0.0330684 0.0579967 0.0052291
11 0.14666 0.547359 0.0311095 0.0507604 0.00512322
11 0.148392 0.76779 0.0470972 0.089402 0.00500463
3 0.55545 0.653732 0.0483474 0.118948 0.004497
3 0.548677 0.666038 0.0383413 0.137336 0.00441434
11 0.161787 0.615178 0.0358632 0.0418598 0.00430661
11 0.518358 0.498826 0.0463108 0.0548762 0.00428285
11 0.527569 0.499088 0.0384037 0.0484987 0.00403521
11 0.767785 0.372071 0.0327065 0.0323744 0.0037911
11 0.742532 0.369152 0.0312952 0.0301059 0.00329938
11 0.692031 0.437692 0.0197065 0.0686504 0.00329619
11 0.755134 0.369005 0.0373781 0.0295405 0.00325257
11 0.519064 0.509533 0.0379646 0.0646932 0.00301936
11 0.206964 0.604786 0.0187774 0.0521453 0.00291853
11 0.207145 0.594454 0.0185257 0.0533642 0.0027929
3 0.549331 0.647176 0.0415236 0.110022 0.00277818
11 0.218274 0.516682 0.0229229 0.0331561 0.00270757
11 0.559116 0.5188 0.0307086 0.0577478 0.00270035
11 0.150243 0.777971 0.041814 0.0739201 0.00269996
11 0.552397 0.517379 0.0301246 0.055372 0.00262375
11 0.775349 0.376707 0.0337134 0.0379896 0.00244977
11 0.161262 0.632021 0.0368949 0.0433755 0.00240782
11 0.732156 0.372013 0.0275223 0.0340049 0.00234787
11 0.155818 0.63509 0.0325761 0.0387779 0.00224599
11 0.517232 0.475931 0.0484745 0.0350174 0.00214774
11 0.150381 0.666875 0.0259059 0.0644978 0.00211946
11 0.727935 0.441522 0.0313444 0.0491734 0.00200298
11 0.560674 0.534388 0.0276778 0.0666754 0.00200026
11 0.204837 0.683155 0.020854 0.050686 0.0019985
11 0.804804 0.438358 0.0224479 0.070449 0.00199347
11 0.119661 0.742052 0.028086 0.0549193 0.00197056
11 0.546047 0.514449 0.0244725 0.0519598 0.00194867
11 0.691122 0.451805 0.0202213 0.0588127 0.00194327
11 0.238464 0.677074 0.0248258 0.0836497 0.00189697
11 0.527908 0.510533 0.0398508 0.0585293 0.00187218
11 0.0630979 0.565962 0.0356437 0.108205 0.00187076
11 0.234595 0.668213 0.0283211 0.0721893 0.00180952
11 0.135446 0.765698 0.0304148 0.0854731 0.00177144
11 0.729561 0.421251 0.0308201 0.0526816 0.00175867
11 0.0498549 0.568648 0.0200754 0.0984529 0.00172185
11 0.525167 0.476462 0.039736 0.0357771 0.00171848
11 0.509356 0.498661 0.0421495 0.0543387 0.00169975
11 0.691177 0.369821 0.025703 0.0342774 0.00164772
11 0.541241 0.504681 0.0268526 0.0484919 0.00164574
11 0.109164 0.744529 0.0304745 0.0631061 0.00159075
11 0.128817 0.753125 0.0208987 0.0711197 0.00158716
11 0.680876 0.353334 0.0355361 0.0317309 0.00157804
11 0.693339 0.42538 0.0195062 0.075655 0.00157628
11 0.238909 0.57535 0.037481 0.0507011 0.00157387
11 0.138882 0.5339 0.034645 0.0677481 0.00155548
11 0.72499 0.457989 0.0298849 0.0535815 0.00155312
11 0.722754 0.439185 0.0292731 0.0570442 0.00154881
3 0.560224 0.66849 0.0581621 0.156856 0.00154301
11 0.510411 0.509382 0.0422926 0.0669777 0.00150932
11 0.554976 0.528554 0.028417 0.0610924 0.00147964
11 0.684021 0.366102 0.0303595 0.0313339 0.00147225
11 0.153256 0.661738 0.0276732 0.0548979 0.00146967
11 0.686924 0.441577 0.0195811 0.0692223 0.00146789
11 0.125936 0.741261 0.0262308 0.054202 0.00144599
11 0.205819 0.67073 0.021815 0.0566392 0.00141435
11 0.216009 0.668356 0.0255507 0.064013 0.00139413
11 0.686975 0.353187 0.0341442 0.0319724 0.00135867
11 0.734435 0.468228 0.0267032 0.0465178 0.00135818
11 0.7448 0.358146 0.034944 0.0347399 0.00134324
11 0.152943 0.67756 0.0231448 0.0721194 0.00133576
11 0.684932 0.45589 0.0184086 0.0578232 0.00131267
11 0.67598 0.365515 0.034509 0.0329457 0.00130155
11 0.79073 0.404248 0.0292211 0.0677424 0.00129014
11 0.518064 0.517664 0.0307676 0.0673668 0.00126138
11 0.244794 0.597844 0.0260492 0.076158 0.00125917
11 0.780488 0.390734 0.0275087 0.0471158 0.0012464
3 0.0735782 0.580575 0.0571201 0.0855083 0.00124334
11 0.199438 0.685885 0.0227581 0.0502888 0.00123184
11 0.738012 0.487213 0.0250097 0.0556195 0.00120341
3 0.555727 0.628094 0.0441159 0.0762992 0.0011815
11 0.754345 0.357808 0.0418973 0.0341859 0.00116262
11 0.730041 0.395574 0.0301605 0.0482858 0.00115483
11 0.160776 0.655521 0.034411 0.0464366 0.0011382
11 0.639468 0.489067 0.022744 0.0632182 0.00112778
11 0.741912 0.414671 0.0283323 0.0510922 0.00112354
11 0.153758 0.616923 0.033737 0.0437091 0.00111096
11 0.812128 0.441287 0.0275551 0.0757113 0.00110259
11 0.0667363 0.555777 0.0381765 0.110801 0.00108881
11 0.50777 0.473502 0.0389227 0.0311646 0.00108068
11 0.234695 0.584481 0.0451294 0.0526478 0.00108065
11 0.694146 0.39313 0.0197403 0.0559063 0.00107085
3 0.543881 0.656481 0.0330184 0.121298 0.00105203
11 0.708935 0.438049 0.0233618 0.0644676 0.00105196
11 0.566868 0.605289 0.0281594 0.0582845 0.00104756
11 0.742023 0.39546 0.0289789 0.0433262 0.00102911
11 0.214507 0.678906 0.0219397 0.0636941 0.00102535
3 0.102194 0.555614 0.0288942 0.0884285 0.00102248
11 0.734127 0.357681 0.0281227 0.0342912 0.00100977
