5 0.119895 0.725967 0.16123 0.311287 0.897944
2 0.731245 0.507293 0.308521 0.444882 0.890513
2 0.1769 0.705351 0.297809 0.215681 0.612685
5 0.612474 0.599691 0.142184 0.34284 0.498962
2 0.210824 0.728484 0.225199 0.171712 0.0413711
5 0.645205 0.574506 0.10838 0.303476 0.0246962
1 0.641305 0.575857 0.117372 0.312429 0.0175026
2 0.178415 0.700642 0.295418 0.314113 0.0163935
5 0.597602 0.624567 0.0996993 0.283565 0.0103631
1 0.103614 0.704925 0.115927 0.248108 0.00446445
5 0.611183 0.595455 0.0781643 0.312488 0.0036756
1 0.640929 0.576678 0.161446 0.33389 0.00282524
3 0.0817803 0.714378 0.0767251 0.233454 0.00277076
2 0.681791 0.518565 0.233078 0.446391 0.00269403
1 0.0881565 0.698737 0.0840549 0.234415 0.00266849
5 0.627447 0.583426 0.105449 0.305288 0.00251176
