3 0.436317 0.493842 0.295162 0.0843619 0.080004
11 0.366045 0.441258 0.16112 0.0386259 0.00596098
11 0.444748 0.443739 0.246996 0.0415305 0.00549219
11 0.396133 0.441545 0.182111 0.0381006 0.00546095
11 0.378632 0.447841 0.192932 0.0463985 0.00447533
11 0.502437 0.445501 0.222615 0.0437072 0.003008
11 0.540059 0.443114 0.177233 0.0381115 0.00286719
11 0.279518 0.669475 0.196336 0.0322041 0.00253842
11 0.402297 0.451202 0.225399 0.0472681 0.0024083
11 0.613798 0.511432 0.142357 0.0512026 0.00238159
3 0.464877 0.452008 0.33692 0.0624136 0.00185767
11 0.542995 0.455771 0.160749 0.047179 0.0018018
11 0.528796 0.438416 0.205551 0.0319092 0.00170789
11 0.605208 0.472245 0.161873 0.029376 0.00168766
11 0.437044 0.454271 0.237309 0.0470431 0.00167832
11 0.570455 0.461279 0.165356 0.0459703 0.00154817
11 0.514363 0.453899 0.192939 0.0482947 0.00149552
3 0.45061 0.477941 0.322384 0.0935498 0.00143976
11 0.552475 0.470868 0.134508 0.0313434 0.00138951
11 0.480004 0.439137 0.221309 0.0349335 0.00129673
11 0.599141 0.46604 0.173647 0.0411453 0.00126085
11 0.520691 0.466911 0.166707 0.0362511 0.00123968
11 0.62052 0.464745 0.147869 0.04643 0.00122512
11 0.625063 0.643135 0.154573 0.0542944 0.00121423
11 0.585273 0.451074 0.169428 0.0564576 0.00120298
11 0.593801 0.505441 0.12627 0.0641107 0.00119384
11 0.594032 0.474713 0.128218 0.026759 0.00114354
11 0.557081 0.478281 0.0975312 0.036424 0.00111351
