4 0.44166 0.411681 0.301272 0.0822585 0.568048
4 0.444005 0.420178 0.303746 0.212361 0.00935304
7 0.853499 0.311352 0.0309855 0.112529 0.00312225
7 0.869163 0.295727 0.0615265 0.114597 0.00233408
7 0.879579 0.290804 0.0502399 0.0902849 0.00210777
7 0.874162 0.277394 0.0547813 0.0654685 0.0014278
7 0.849716 0.300644 0.0252258 0.0930337 0.00136866
4 0.452111 0.410973 0.273235 0.0622225 0.00116607
7 0.867422 0.313202 0.0533227 0.122107 0.00111659
7 0.85488 0.289454 0.0355949 0.0855161 0.0010445
7 0.868845 0.328223 0.0478744 0.101249 0.00102943
