3 0.577491 0.565988 0.0455492 0.119632 0.230259
11 0.938672 0.627338 0.0380219 0.0762397 0.0107492
11 0.944394 0.540161 0.0482525 0.0787475 0.0103183
3 0.410885 0.560977 0.0636252 0.213861 0.00905958
11 0.787456 0.464619 0.0337601 0.0989186 0.00892259
11 0.92659 0.649817 0.0283672 0.0939873 0.00539497
11 0.880727 0.682088 0.0506279 0.0398405 0.00519518
11 0.931578 0.622112 0.0285343 0.083522 0.00501558
11 0.93793 0.527756 0.0408622 0.0670602 0.00450977
11 0.939354 0.542804 0.0430759 0.058908 0.00443082
11 0.886508 0.685649 0.0427282 0.0369257 0.00402961
11 0.940673 0.551114 0.0480031 0.0587939 0.0035834
3 0.822997 0.687317 0.0927482 0.110072 0.00351747
11 0.878158 0.668454 0.0525616 0.0402847 0.00330789
11 0.9188 0.679505 0.0240532 0.0647906 0.00316005
11 0.90646 0.684725 0.0288506 0.04945 0.00311853
11 0.872026 0.679819 0.0482993 0.0490851 0.00280986
11 0.910513 0.672857 0.0300733 0.0611951 0.00273218
11 0.92275 0.676193 0.0262336 0.0742949 0.00264337
11 0.932597 0.554826 0.041087 0.054875 0.00241094
11 0.225839 0.400622 0.0282968 0.0439215 0.00216584
11 0.920191 0.690655 0.0219489 0.0531521 0.00216358
11 0.890507 0.700858 0.0344255 0.03294 0.00207053
11 0.149915 0.600536 0.0490675 0.0661281 0.00202654
11 0.922102 0.523808 0.0337887 0.0641766 0.00197
11 0.944379 0.627703 0.039764 0.0702185 0.00195708
11 0.910068 0.531648 0.0299416 0.0597955 0.0018311
11 0.942746 0.526572 0.0427551 0.0872529 0.00169609
11 0.925081 0.688222 0.0223391 0.0620218 0.00165307
11 0.91743 0.492097 0.0262756 0.0769468 0.00159621
3 0.580554 0.550089 0.0381739 0.12856 0.00147795
3 0.626214 0.553633 0.031701 0.12107 0.00146714
11 0.920451 0.606283 0.0274305 0.0833942 0.00146151
11 0.916654 0.476275 0.026923 0.066351 0.00145345
11 0.902109 0.54439 0.0296677 0.0403485 0.00143798
11 0.782476 0.490409 0.0390444 0.135675 0.00140741
11 0.213225 0.412427 0.0317146 0.0336613 0.00140731
11 0.897542 0.698493 0.0364675 0.0416273 0.00137665
11 0.891251 0.715925 0.0323143 0.0391333 0.00135657
11 0.00642704 0.439429 0.0128541 0.0817623 0.00132631
11 0.0065104 0.41701 0.0130064 0.0914719 0.00130583
11 0.00855522 0.708102 0.0171104 0.122709 0.00127813
11 0.865222 0.693063 0.0323763 0.0571256 0.00124297
11 0.922324 0.648167 0.0280643 0.102846 0.00123236
11 0.00727037 0.683841 0.0145407 0.106221 0.0012092
11 0.925103 0.516111 0.0329647 0.079667 0.00120648
11 0.216559 0.402177 0.0327153 0.0339325 0.00120311
11 0.0063671 0.462167 0.0127342 0.0685221 0.00116238
11 0.006014 0.487102 0.012028 0.0857108 0.00113233
11 0.00565093 0.519687 0.0113019 0.121201 0.00111497
11 0.225846 0.409899 0.0291436 0.0404285 0.00109439
11 0.00664066 0.401849 0.0132732 0.0885998 0.00106849
11 0.0154264 0.711968 0.0305063 0.125935 0.0010479
11 0.921809 0.544561 0.040938 0.0443008 0.00104497
