10 0.51592 0.498 0.595417 0.194104 0.833869
4 0.553569 0.602838 0.28633 0.0891131 0.11686
4 0.551901 0.585032 0.27984 0.0848546 0.114166
4 0.529238 0.623461 0.261447 0.116182 0.0830377
4 0.479645 0.618871 0.333361 0.118421 0.0613008
4 0.514919 0.569399 0.263009 0.120575 0.0462607
4 0.575116 0.53826 0.477193 0.226016 0.0397473
4 0.511513 0.636525 0.311961 0.137981 0.0329928
4 0.545082 0.618028 0.311233 0.139755 0.0311914
4 0.556994 0.558183 0.314359 0.138108 0.0300366
4 0.487551 0.588324 0.317605 0.107869 0.025879
10 0.553347 0.53784 0.520391 0.221087 0.0220143
4 0.50724 0.547072 0.290274 0.163206 0.0148662
4 0.467681 0.582689 0.33125 0.178812 0.0120076
4 0.539687 0.571626 0.540644 0.225885 0.00557655
4 0.601715 0.569656 0.313571 0.137672 0.00358974
4 0.419395 0.568272 0.285605 0.191344 0.00335418
4 0.492843 0.524179 0.367754 0.13043 0.00332574
4 0.556016 0.623051 0.285644 0.196594 0.00302605
4 0.491944 0.495687 0.361857 0.188439 0.00299999
4 0.465692 0.60878 0.305052 0.158682 0.00289366
4 0.542449 0.650478 0.298117 0.159691 0.00265644
4 0.583123 0.582769 0.302757 0.105418 0.00262467
4 0.529847 0.590527 0.437486 0.231091 0.00201584
4 0.64499 0.561403 0.32893 0.173083 0.00120302
