1 0.745297 0.428091 0.149927 0.254376 0.666666
1 0.786098 0.443747 0.181952 0.228641 0.0566646
1 0.811552 0.453947 0.147345 0.206131 0.0343169
1 0.805091 0.387702 0.0857214 0.174543 0.0330575
1 0.752836 0.431113 0.108514 0.226663 0.0279749
5 0.748017 0.460031 0.113771 0.20047 0.021953
1 0.770534 0.441503 0.115811 0.20727 0.013677
1 0.816223 0.411282 0.0823996 0.154952 0.0117488
1 0.812431 0.419215 0.126349 0.24942 0.0109691
5 0.825029 0.448052 0.0847441 0.201045 0.00982094
1 0.823132 0.452321 0.102397 0.195498 0.00877145
1 0.76634 0.479377 0.17304 0.174316 0.00874881
1 0.803501 0.475464 0.142653 0.154704 0.00874414
5 0.831984 0.466654 0.105109 0.167748 0.00871321
1 0.782541 0.388164 0.108713 0.168581 0.00851925
5 0.745037 0.49063 0.123519 0.150316 0.00687897
1 0.771184 0.473315 0.119701 0.160973 0.00619204
1 0.798596 0.36823 0.118195 0.184968 0.00564566
1 0.790029 0.408521 0.100629 0.164712 0.00533215
5 0.799037 0.371688 0.0950725 0.176431 0.00427187
1 0.810556 0.434369 0.0829636 0.195118 0.00373109
1 0.825149 0.472314 0.139032 0.174962 0.00365174
1 0.74171 0.437017 0.126322 0.182403 0.00321505
10 0.441651 0.515867 0.439512 0.340618 0.0031213
5 0.832052 0.492096 0.087028 0.122975 0.00254376
1 0.763117 0.360204 0.14353 0.162448 0.00223148
1 0.765604 0.396923 0.136415 0.182898 0.0019585
4 0.227619 0.268704 0.0619364 0.0302107 0.0018792
5 0.786519 0.354928 0.0877241 0.133736 0.00181792
1 0.740107 0.369869 0.12624 0.140837 0.00150294
5 0.844599 0.468516 0.112215 0.126592 0.0014859
5 0.721734 0.512502 0.171327 0.117115 0.00112857
