6 0.230267 0.393729 0.303096 0.259411 0.64155
1 0.166425 0.413828 0.238387 0.277945 0.5652
5 0.262482 0.444351 0.250154 0.308705 0.43589
5 0.225932 0.434667 0.34403 0.333746 0.163729
10 0.225572 0.442081 0.345469 0.320837 0.153024
10 0.333243 0.377661 0.5501 0.331048 0.145483
10 0.641793 0.592239 0.316744 0.581949 0.0719008
5 0.312331 0.379653 0.494706 0.321102 0.0636641
10 0.57388 0.697251 0.370696 0.361603 0.0516097
5 0.140557 0.511593 0.165207 0.284045 0.0495999
5 0.131282 0.472373 0.144186 0.172822 0.0327138
10 0.455964 0.386046 0.647014 0.330122 0.0219351
10 0.611001 0.661348 0.320022 0.391448 0.0142102
6 0.648364 0.433116 0.31497 0.241539 0.0108117
10 0.200505 0.49656 0.296583 0.315169 0.010673
5 0.348862 0.46654 0.0780449 0.265634 0.00747949
10 0.614226 0.568689 0.266533 0.473165 0.00630434
10 0.577889 0.528231 0.33073 0.401598 0.0061503
5 0.137397 0.457366 0.164749 0.235748 0.00602441
10 0.218165 0.513643 0.353345 0.412929 0.00552988
10 0.491625 0.458666 0.588148 0.346263 0.00516241
10 0.260182 0.408461 0.270919 0.398703 0.00503854
5 0.295653 0.414853 0.186612 0.373514 0.00503166
6 0.655721 0.482254 0.320425 0.310731 0.00405066
10 0.313936 0.412325 0.45626 0.377444 0.00381489
6 0.263006 0.355439 0.364363 0.240322 0.00361656
10 0.655913 0.523998 0.324008 0.396495 0.00326961
10 0.529451 0.542926 0.449676 0.436554 0.00322365
10 0.269585 0.392784 0.388337 0.31018 0.00271449
10 0.539021 0.447161 0.467914 0.295746 0.00256557
10 0.386058 0.45109 0.533201 0.400351 0.00250723
10 0.510185 0.3934 0.471138 0.458807 0.00245492
10 0.397207 0.424076 0.355436 0.193362 0.0022591
6 0.273196 0.439376 0.207577 0.311344 0.00222881
5 0.32794 0.470382 0.118863 0.252371 0.00211047
10 0.43417 0.387515 0.539329 0.540013 0.0019581
10 0.652863 0.434227 0.326554 0.260144 0.00170454
10 0.263786 0.473612 0.260792 0.254721 0.00161721
10 0.567967 0.467168 0.343383 0.288127 0.00147869
6 0.234072 0.343938 0.302227 0.166066 0.00147571
6 0.651546 0.471178 0.265447 0.258155 0.00147099
10 0.563495 0.407716 0.35785 0.34181 0.0013849
10 0.241142 0.583254 0.3112 0.602111 0.001363
10 0.3159 0.636682 0.158362 0.534043 0.00131458
6 0.308823 0.458321 0.15394 0.324977 0.00122478
10 0.444023 0.503017 0.481781 0.414929 0.00115199
6 0.621559 0.41806 0.256586 0.192207 0.00106192
10 0.340913 0.628414 0.103832 0.533907 0.00103551
