1 0.474431 0.547136 0.350592 0.157349 0.632992
5 0.494741 0.580088 0.394559 0.205547 0.0999222
1 0.492712 0.57551 0.394651 0.208326 0.0228287
5 0.471827 0.627536 0.320952 0.274854 0.0205976
1 0.486806 0.583665 0.352317 0.128714 0.0169768
1 0.647043 0.702248 0.194317 0.12161 0.0108102
1 0.633932 0.685318 0.222764 0.159487 0.00976593
1 0.536198 0.588099 0.306516 0.135813 0.00697493
1 0.470159 0.602295 0.287304 0.157407 0.0066171
1 0.595366 0.67624 0.279001 0.183762 0.00608291
1 0.579521 0.626028 0.253643 0.111714 0.0047605
1 0.551283 0.615781 0.304241 0.126185 0.00317105
5 0.398293 0.544384 0.228151 0.0866337 0.00290275
1 0.538102 0.594981 0.383084 0.184205 0.00285231
5 0.571755 0.60772 0.252477 0.115056 0.0025511
1 0.565592 0.599976 0.260177 0.119909 0.00222423
1 0.443596 0.570006 0.297204 0.115397 0.00205748
1 0.50863 0.564235 0.349213 0.11189 0.00195638
1 0.564663 0.659345 0.331573 0.210433 0.00163359
1 0.431104 0.574731 0.334328 0.191651 0.00148811
1 0.553459 0.557216 0.242531 0.107484 0.00147942
5 0.660321 0.637934 0.162421 0.0804237 0.00132812
5 0.402219 0.557229 0.251404 0.0920996 0.00131892
1 0.58186 0.606027 0.332382 0.177254 0.00130413
5 0.626789 0.633806 0.207729 0.0875553 0.00118367
5 0.6015 0.639772 0.209067 0.0836365 0.00107428
