4 0.610626 0.5401 0.063613 0.0603302 0.134072
1 0.185715 0.657838 0.0773267 0.229794 0.08782
4 0.614118 0.548323 0.074654 0.0566774 0.0781624
4 0.602215 0.548215 0.0624015 0.0657653 0.0618872
5 0.185463 0.658681 0.0702791 0.229581 0.0501287
1 0.187952 0.690828 0.0857224 0.185725 0.0459702
4 0.610852 0.525491 0.0619558 0.054192 0.041301
1 0.164468 0.729436 0.112619 0.161941 0.0357048
1 0.203146 0.725101 0.104527 0.0929635 0.0347309
1 0.169482 0.711586 0.1144 0.236683 0.0330358
1 0.196665 0.707091 0.0966969 0.1416 0.0301948
5 0.174571 0.688442 0.0880791 0.194021 0.0254771
5 0.161826 0.71508 0.10458 0.0968917 0.0184282
5 0.202024 0.728269 0.103949 0.0857352 0.0179183
1 0.178951 0.675995 0.100758 0.259699 0.0170083
1 0.160967 0.720427 0.104035 0.106205 0.0135757
5 0.150999 0.712546 0.0809242 0.0837091 0.00961772
1 0.178008 0.748633 0.0946421 0.183503 0.00911422
1 0.187382 0.740887 0.098377 0.143747 0.00882193
4 0.613719 0.50343 0.0594865 0.0564053 0.0087204
5 0.174781 0.796202 0.0639948 0.0920274 0.00811134
5 0.146991 0.784893 0.0838614 0.104178 0.00729868
5 0.162454 0.787261 0.0814278 0.106414 0.00720263
5 0.173844 0.785531 0.0730174 0.117031 0.00656853
1 0.154369 0.752537 0.0961376 0.149099 0.00607945
1 0.169543 0.767156 0.0899304 0.15613 0.00580768
1 0.156115 0.752145 0.117947 0.190289 0.00438513
5 0.190106 0.622451 0.0663414 0.158213 0.00402376
5 0.856647 0.298615 0.0794945 0.0916106 0.0039022
5 0.187214 0.757761 0.0894516 0.138584 0.00389717
10 0.886859 0.464082 0.0627354 0.0397044 0.00343708
1 0.192578 0.712111 0.132496 0.211082 0.00339098
5 0.218265 0.72215 0.0867773 0.0817446 0.0033418
1 0.14778 0.726832 0.078348 0.105179 0.00259143
11 0.836841 0.498891 0.0577478 0.065546 0.00241948
1 0.173097 0.691602 0.097214 0.161541 0.00195214
1 0.145411 0.755638 0.0819458 0.120932 0.00187962
5 0.186359 0.784463 0.0808339 0.112921 0.00172198
1 0.189695 0.629117 0.0729549 0.172252 0.00165245
4 0.604512 0.49751 0.0686604 0.051309 0.00159568
4 0.598384 0.519396 0.0655062 0.0664231 0.00141881
11 0.818426 0.421963 0.0620613 0.0411544 0.00141275
4 0.614089 0.493025 0.0634594 0.0631781 0.00124378
1 0.17534 0.770586 0.128559 0.180137 0.00109898
