4 0.488686 0.674037 0.144571 0.0822544 0.307946
4 0.462999 0.6473 0.128401 0.0623798 0.15731
4 0.609561 0.812694 0.107128 0.0899459 0.152679
1 0.72282 0.647716 0.115885 0.118603 0.115435
4 0.477205 0.655321 0.150487 0.0750318 0.0971914
1 0.706309 0.654478 0.107291 0.123706 0.0858131
1 0.734037 0.629329 0.122541 0.0903202 0.0743707
4 0.752342 0.605175 0.142864 0.0590094 0.0653551
1 0.610854 0.814599 0.111661 0.0899893 0.0638156
4 0.51419 0.553481 0.175035 0.103352 0.0625606
4 0.738422 0.625735 0.13495 0.0874018 0.0560103
4 0.438526 0.646262 0.10428 0.0589319 0.0522133
1 0.748337 0.618563 0.142517 0.0872763 0.0472638
4 0.470308 0.638342 0.138616 0.0593801 0.0168799
1 0.75509 0.60616 0.148512 0.0675079 0.0129094
4 0.707368 0.651964 0.103492 0.123359 0.0106012
4 0.472958 0.687385 0.138672 0.0662934 0.00732519
4 0.753693 0.617896 0.161291 0.0869333 0.0056147
1 0.756806 0.593055 0.153647 0.0909639 0.00396702
10 0.51255 0.553982 0.161947 0.0993063 0.00370167
4 0.449441 0.637578 0.103013 0.0543139 0.00348398
4 0.716472 0.620738 0.119356 0.0676213 0.00328421
4 0.752556 0.59451 0.14893 0.082608 0.003169
4 0.493173 0.66286 0.159199 0.0827181 0.00241398
4 0.315133 0.715729 0.118012 0.0403094 0.00218577
4 0.46511 0.674434 0.137902 0.0661305 0.00159708
4 0.464498 0.701354 0.136762 0.0432547 0.0015856
4 0.326898 0.721442 0.131551 0.0510638 0.00148036
4 0.420553 0.647868 0.109388 0.0591751 0.00141479
4 0.493789 0.645414 0.154085 0.0636066 0.00138261
4 0.487254 0.531737 0.126508 0.0640803 0.00103086
4 0.689593 0.658334 0.0783439 0.111208 0.00101321
