1 0.432188 0.807034 0.0639398 0.145653 0.603753
1 0.246855 0.546048 0.086273 0.0849944 0.00546878
1 0.874413 0.423806 0.0531895 0.139442 0.00456398
4 0.87416 0.427749 0.0540154 0.144188 0.00453101
1 0.954999 0.438893 0.0338207 0.150051 0.00402652
5 0.955491 0.440716 0.0304867 0.148389 0.00347822
4 0.196802 0.624771 0.0645403 0.10809 0.00195359
4 0.245386 0.544137 0.0819976 0.0854842 0.00173508
5 0.40615 0.744066 0.0739514 0.0755512 0.0015037
5 0.419265 0.734443 0.0603214 0.074847 0.00129501
1 0.417005 0.791384 0.0931512 0.141438 0.00128774
4 0.186403 0.611506 0.0842365 0.103448 0.00124151
1 0.240604 0.535688 0.0741796 0.072607 0.00115993
5 0.433944 0.718743 0.0355362 0.0737865 0.00112939
