10 0.417497 0.534078 0.53423 0.377362 0.803252
10 0.320977 0.54445 0.299714 0.456859 0.0155536
11 0.27542 0.246893 0.0752622 0.0295507 0.00927407
10 0.288433 0.549378 0.213555 0.446938 0.00860038
10 0.385166 0.443682 0.497191 0.183825 0.00727178
10 0.388342 0.421087 0.488905 0.116999 0.00636864
11 0.271206 0.250385 0.063729 0.0346094 0.00616151
10 0.258771 0.59604 0.116494 0.344222 0.00303088
11 0.277261 0.233154 0.0851172 0.0164456 0.00247813
11 0.291388 0.246146 0.104612 0.0240236 0.00230581
11 0.27713 0.236808 0.0840473 0.0226025 0.00216791
10 0.412124 0.436036 0.429845 0.0937458 0.00210211
11 0.263858 0.256143 0.0600734 0.0461167 0.0017556
11 0.234433 0.266197 0.0382443 0.0581233 0.00164225
5 0.386678 0.449687 0.443302 0.118456 0.00126298
5 0.414064 0.433453 0.406804 0.0846402 0.00102392
