6 0.191708 0.492449 0.113274 0.150944 0.846954
10 0.288159 0.644716 0.48699 0.313493 0.815829
6 0.0970849 0.438193 0.037179 0.185554 0.679816
10 0.281432 0.736056 0.427453 0.137061 0.389727
10 0.250761 0.737715 0.34813 0.110235 0.239628
10 0.243924 0.717465 0.345768 0.116755 0.18636
10 0.35186 0.766027 0.288737 0.0814589 0.134581
10 0.247201 0.682851 0.351079 0.197619 0.134298
10 0.285495 0.784519 0.428039 0.12003 0.0442042
10 0.278158 0.699547 0.456825 0.220973 0.0413837
10 0.235159 0.696469 0.353049 0.140365 0.0369132
10 0.251155 0.691703 0.41679 0.297694 0.0292937
10 0.277079 0.655825 0.358905 0.251232 0.0286407
10 0.32677 0.818032 0.362102 0.047579 0.0231499
10 0.24498 0.737106 0.406857 0.252048 0.0124671
10 0.326027 0.797765 0.354061 0.0671507 0.00521151
10 0.30259 0.758029 0.351785 0.10673 0.00395919
6 0.97004 0.398121 0.059919 0.283993 0.0039072
10 0.281631 0.824159 0.369008 0.0593333 0.00315197
10 0.236917 0.758772 0.347445 0.100917 0.00314865
10 0.28209 0.815054 0.439114 0.103172 0.00220955
1 0.974032 0.337003 0.0519364 0.267099 0.0018616
6 0.971006 0.336993 0.0579878 0.300136 0.00155638
6 0.0841366 0.441546 0.0626634 0.19654 0.0015001
10 0.233057 0.770748 0.387354 0.171621 0.00129879
10 0.195297 0.710143 0.285391 0.117464 0.00127475
10 0.212785 0.743573 0.31895 0.13323 0.00121505
10 0.200724 0.67764 0.294826 0.159314 0.00105463
