1 0.495889 0.614722 0.159163 0.139063 0.564425
1 0.47725 0.602575 0.131686 0.115566 0.136912
5 0.491829 0.621847 0.140704 0.126067 0.0650299
5 0.315548 0.654271 0.0438092 0.0998852 0.0261816
1 0.500467 0.596816 0.157642 0.102482 0.0249748
1 0.468408 0.62712 0.106436 0.110201 0.0219735
1 0.516087 0.590413 0.151285 0.0856845 0.0158015
1 0.463732 0.590242 0.135506 0.0793419 0.0112404
5 0.470313 0.637295 0.102031 0.0909742 0.00808831
5 0.468261 0.648522 0.0897725 0.0697717 0.00744189
5 0.483535 0.646937 0.0989848 0.0742047 0.00642772
1 0.486134 0.588328 0.14444 0.0865606 0.00618088
5 0.520394 0.596775 0.146517 0.0940832 0.00410951
5 0.498193 0.643565 0.101949 0.0822246 0.00287198
5 0.455688 0.644214 0.0811674 0.0764647 0.00228292
1 0.311006 0.654662 0.0554665 0.0946634 0.00190514
1 0.450314 0.584693 0.144784 0.0648315 0.00183244
5 0.530514 0.588094 0.128823 0.0752092 0.0010048
