1 0.653827 0.396827 0.141703 0.18459 0.445351
1 0.658301 0.394456 0.131042 0.121238 0.0981293
1 0.647131 0.428496 0.146137 0.215004 0.00945537
1 0.83353 0.647625 0.146093 0.14471 0.00524939
1 0.663732 0.363054 0.124948 0.169535 0.0048489
1 0.832528 0.641822 0.144947 0.101581 0.00439421
5 0.835862 0.457016 0.0669265 0.230371 0.00323637
4 0.620728 0.466222 0.0870809 0.15633 0.00273829
1 0.347831 0.495451 0.0643906 0.119202 0.00273388
5 0.141591 0.671173 0.0459738 0.194393 0.00260706
1 0.18343 0.631161 0.060588 0.151309 0.00223761
1 0.850205 0.523091 0.108541 0.333165 0.00195332
1 0.839001 0.620346 0.134817 0.18294 0.00194687
1 0.17509 0.628812 0.0461197 0.115629 0.00159969
1 0.683772 0.335795 0.156603 0.133755 0.00157755
1 0.852893 0.596869 0.0999367 0.198915 0.00139029
1 0.758787 0.743376 0.0788864 0.100103 0.00137892
1 0.616945 0.472894 0.0797435 0.141949 0.00128294
1 0.279351 0.560736 0.0633595 0.170735 0.00118416
1 0.837866 0.446151 0.0741406 0.273333 0.00102984
5 0.146236 0.743392 0.0429496 0.142528 0.00101439
