6 0.650641 0.368428 0.309164 0.242372 0.787087
1 0.437962 0.444917 0.390443 0.230947 0.637838
5 0.798739 0.16659 0.342805 0.105464 0.618919
5 0.800588 0.205163 0.350233 0.17778 0.557854
1 0.318009 0.511693 0.324289 0.228614 0.25704
1 0.345706 0.495203 0.381652 0.1814 0.185265
1 0.356459 0.513345 0.415226 0.265844 0.0475767
5 0.637363 0.187585 0.365478 0.0770363 0.0367979
5 0.430366 0.52627 0.262504 0.104183 0.0296308
5 0.688817 0.178545 0.472635 0.0925706 0.0273926
1 0.354772 0.481489 0.239004 0.130852 0.0226459
6 0.487114 0.466995 0.281924 0.164848 0.0196688
10 0.426864 0.486538 0.380631 0.162864 0.0171156
1 0.47473 0.468079 0.29648 0.160319 0.0139214
5 0.827408 0.161457 0.28957 0.0869843 0.0128559
10 0.390357 0.500053 0.467763 0.2066 0.00854801
6 0.758292 0.182967 0.262444 0.112892 0.00835884
1 0.309201 0.488549 0.256538 0.150831 0.0081654
6 0.427656 0.520699 0.271207 0.106029 0.00802599
5 0.772861 0.226741 0.292818 0.114439 0.0070989
5 0.42447 0.477914 0.329252 0.116743 0.00670699
6 0.643814 0.190643 0.382064 0.0765169 0.00568407
5 0.595452 0.524896 0.284055 0.0749639 0.00355729
6 0.424956 0.499675 0.280534 0.145744 0.00343291
5 0.486439 0.454541 0.281418 0.157679 0.00324098
5 0.744629 0.177563 0.473927 0.112584 0.00251419
5 0.369112 0.476587 0.249879 0.11592 0.00247661
6 0.455285 0.515479 0.314388 0.132904 0.00233802
10 0.371241 0.516595 0.435146 0.278442 0.00215408
5 0.449152 0.49679 0.334821 0.151263 0.00175333
6 0.20876 0.679277 0.191567 0.112702 0.00164677
6 0.740481 0.186171 0.220167 0.0892249 0.00148988
10 0.719854 0.157473 0.527061 0.138787 0.00145353
6 0.284099 0.678 0.341384 0.127548 0.00133971
5 0.618985 0.182247 0.324989 0.0568834 0.00101698
