1 0.309699 0.765298 0.162357 0.129249 0.192324
1 0.345851 0.749443 0.169013 0.154339 0.146729
1 0.391968 0.748725 0.198362 0.154147 0.106946
1 0.350988 0.747883 0.109158 0.156486 0.105102
1 0.433267 0.798053 0.247214 0.234089 0.0577509
1 0.425913 0.752001 0.163837 0.156139 0.034561
1 0.298091 0.773949 0.128175 0.119292 0.0118456
5 0.774855 0.842548 0.104955 0.193969 0.00982717
1 0.351375 0.765099 0.225629 0.167485 0.00777531
1 0.422847 0.838973 0.247571 0.139343 0.006018
1 0.443941 0.774479 0.126446 0.199724 0.00576937
1 0.426769 0.769622 0.195166 0.192046 0.00571594
1 0.4999 0.754515 0.261566 0.168345 0.00370334
1 0.376385 0.776964 0.175944 0.174033 0.0026117
1 0.392879 0.828661 0.263929 0.129061 0.00259194
1 0.353548 0.791043 0.183566 0.16075 0.00259072
1 0.437472 0.824965 0.190014 0.158648 0.00258813
1 0.370521 0.811562 0.215261 0.139521 0.00219302
1 0.43853 0.799641 0.166195 0.189847 0.00189082
5 0.427693 0.842248 0.238826 0.140015 0.00183367
1 0.331743 0.782869 0.149657 0.155386 0.00167044
5 0.440003 0.748728 0.12999 0.143856 0.00156271
1 0.309251 0.748414 0.198378 0.159957 0.00152374
5 0.232098 0.773166 0.168441 0.134019 0.00148822
1 0.274657 0.768713 0.142592 0.126434 0.00124798
5 0.277433 0.767912 0.088537 0.121071 0.00108135
