10 0.276891 0.414031 0.535058 0.288852 0.792262
10 0.166943 0.421986 0.207744 0.444457 0.0440806
10 0.162734 0.390663 0.273412 0.359433 0.0368292
10 0.130003 0.37064 0.248448 0.293577 0.0155317
10 0.173087 0.434324 0.128145 0.419106 0.0120325
10 0.145227 0.454258 0.171738 0.380572 0.00564575
10 0.0854229 0.363144 0.169043 0.254758 0.00563298
10 0.136754 0.442881 0.235252 0.415712 0.00531122
10 0.155787 0.390895 0.159344 0.362553 0.00433496
10 0.21048 0.402471 0.353051 0.249929 0.00403213
10 0.0717816 0.365024 0.129435 0.226246 0.00193183
10 0.160802 0.471277 0.121761 0.350432 0.00183775
10 0.214981 0.442314 0.336452 0.397958 0.00160024
10 0.167329 0.401165 0.103349 0.378602 0.00155201
