6 0.234215 0.548638 0.319156 0.284926 0.767695
5 0.479189 0.703798 0.619836 0.588068 0.66643
4 0.395544 0.198817 0.445255 0.311813 0.483527
5 0.220181 0.380861 0.214907 0.530946 0.458976
5 0.344985 0.430961 0.181026 0.630954 0.444885
10 0.426538 0.177137 0.377396 0.276588 0.20246
10 0.446382 0.209493 0.337349 0.214732 0.0900636
4 0.329956 0.25975 0.330897 0.372672 0.0842213
10 0.342382 0.394049 0.17534 0.548763 0.060961
10 0.358586 0.45673 0.227513 0.568911 0.0380703
6 0.246147 0.518574 0.257587 0.281997 0.0365987
10 0.221984 0.38388 0.215216 0.542423 0.0272569
4 0.289726 0.288632 0.267643 0.394601 0.0231372
6 0.226569 0.647162 0.315064 0.233304 0.014773
10 0.453231 0.662262 0.555287 0.632047 0.00974839
6 0.309434 0.571809 0.235682 0.328504 0.00875707
10 0.291485 0.468057 0.244766 0.355783 0.00371891
6 0.24616 0.599317 0.285107 0.325308 0.00362661
10 0.333456 0.604745 0.254311 0.491737 0.00351065
10 0.292601 0.556394 0.286023 0.364652 0.00339868
10 0.400835 0.641644 0.414278 0.604597 0.00322286
6 0.288721 0.506313 0.30213 0.321854 0.00315188
10 0.352215 0.509078 0.144127 0.421422 0.00236529
10 0.271422 0.438055 0.338425 0.589157 0.00205602
10 0.269054 0.519365 0.378516 0.359306 0.00192196
6 0.240337 0.475485 0.220657 0.343149 0.00146878
10 0.390251 0.496181 0.338355 0.49031 0.00132796
10 0.27463 0.367515 0.220777 0.406816 0.0012871
5 0.351856 0.515453 0.155808 0.419442 0.00121504
