1 0.927896 0.355382 0.121806 0.186477 0.0228797
1 0.895903 0.394114 0.101611 0.0881952 0.0184921
5 0.828162 0.445904 0.0943266 0.0393387 0.0168324
5 0.905071 0.403448 0.0838347 0.0869705 0.0140903
1 0.916534 0.378955 0.108853 0.128441 0.0139188
5 0.933786 0.347526 0.104949 0.147419 0.0123832
5 0.803184 0.264638 0.0889294 0.0955458 0.0122024
5 0.79896 0.279572 0.101498 0.127501 0.0102993
1 0.88631 0.281126 0.148457 0.0902611 0.00982335
5 0.575019 0.779222 0.0794808 0.100592 0.00957939
1 0.898055 0.378472 0.127043 0.136277 0.00924773
1 0.567843 0.777193 0.0893156 0.101841 0.0085289
1 0.913715 0.386225 0.083184 0.118879 0.00851458
1 0.797359 0.280125 0.116752 0.122298 0.00813763
5 0.888979 0.401932 0.107097 0.0809978 0.00753796
5 0.791618 0.33559 0.120984 0.143102 0.00690173
1 0.559521 0.802249 0.108179 0.107668 0.00618627
1 0.863341 0.387666 0.130461 0.119688 0.006128
5 0.878844 0.386968 0.0987812 0.0710084 0.00556645
5 0.82802 0.439454 0.103169 0.0449036 0.00528836
1 0.880506 0.397915 0.0984509 0.0740241 0.00516613
5 0.435037 0.25176 0.0719664 0.242072 0.0049766
5 0.86607 0.276169 0.0979792 0.0584689 0.0049493
5 0.858909 0.406884 0.120997 0.0752266 0.00485755
5 0.884837 0.281477 0.138009 0.0770683 0.0046299
5 0.787654 0.307002 0.124362 0.125009 0.00427985
1 0.838304 0.419029 0.121239 0.0635442 0.00400293
1 0.793989 0.31962 0.124825 0.178553 0.00398401
5 0.559144 0.835738 0.103645 0.0843926 0.00391221
1 0.927064 0.362613 0.118286 0.133903 0.00374436
5 0.881075 0.367733 0.115277 0.0678984 0.00372502
1 0.888728 0.399141 0.123236 0.106199 0.00371596
5 0.578548 0.800228 0.0716162 0.111928 0.0036623
5 0.821935 0.262084 0.0943775 0.0721478 0.00363601
5 0.829277 0.432299 0.0975548 0.0476299 0.00358955
5 0.810738 0.257316 0.0807549 0.0677599 0.00351643
5 0.913764 0.415045 0.0641759 0.083592 0.0033412
5 0.566218 0.850527 0.0894312 0.0671873 0.0031712
5 0.563366 0.822171 0.0971973 0.090856 0.00316415
1 0.83125 0.429017 0.103836 0.0525959 0.00293923
1 0.834053 0.379446 0.144355 0.137538 0.00292151
5 0.587668 0.831422 0.0532284 0.0923946 0.00275926
1 0.85789 0.400441 0.113541 0.0705702 0.00272716
1 0.856206 0.413014 0.124916 0.0827026 0.00266712
5 0.577314 0.835059 0.0696996 0.0863297 0.00263959
5 0.84935 0.270833 0.0929096 0.059981 0.00262407
1 0.788153 0.698254 0.0464368 0.116133 0.00249601
1 0.814056 0.359436 0.149994 0.172494 0.00246953
5 0.578425 0.819607 0.0691999 0.100074 0.00241803
5 0.862611 0.387671 0.103164 0.0737558 0.0023907
1 0.892352 0.369136 0.118632 0.0821571 0.0023157
1 0.543117 0.812577 0.117255 0.0887329 0.00229659
1 0.801827 0.697212 0.0394509 0.12384 0.00223952
1 0.547273 0.78099 0.103397 0.0932136 0.00215656
1 0.869862 0.349281 0.152304 0.159582 0.00210863
1 0.784662 0.682752 0.0429106 0.115633 0.00203119
5 0.860427 0.368835 0.108315 0.0630181 0.00201357
1 0.766054 0.68047 0.0613279 0.109379 0.00200313
1 0.815421 0.27316 0.118903 0.101109 0.00194484
5 0.928431 0.341312 0.108423 0.107582 0.00192114
5 0.594228 0.820721 0.040382 0.1047 0.00187285
1 0.772046 0.59814 0.0958326 0.13534 0.00184232
5 0.770727 0.588949 0.0915978 0.100706 0.00183963
5 0.80764 0.317747 0.104771 0.101979 0.00183371
5 0.860089 0.284539 0.0874502 0.0587148 0.00175774
5 0.578745 0.85252 0.0671856 0.067848 0.00168572
1 0.831174 0.261137 0.0966137 0.0618274 0.0016266
5 0.770109 0.53961 0.0803677 0.0987508 0.00161461
5 0.828285 0.280624 0.102112 0.0713434 0.00155171
5 0.76697 0.618339 0.0850703 0.0902598 0.00153104
5 0.895232 0.41487 0.0953901 0.0845414 0.00152772
1 0.56694 0.764537 0.0769266 0.0888678 0.00151833
5 0.841367 0.430592 0.106934 0.0575977 0.00149097
1 0.838271 0.402782 0.12388 0.0744439 0.0014773
5 0.54475 0.828115 0.128076 0.0876493 0.00143681
5 0.773673 0.309332 0.0931868 0.083843 0.00141644
1 0.884663 0.307791 0.13796 0.0821012 0.00141027
5 0.525679 0.807267 0.0917581 0.0713129 0.00139802
5 0.826703 0.450357 0.0952295 0.0566214 0.00135167
5 0.786283 0.7109 0.0486872 0.095843 0.00134436
1 0.756792 0.693686 0.0544218 0.102139 0.00132795
5 0.867093 0.301636 0.109565 0.0713255 0.00131601
1 0.897598 0.346763 0.144379 0.168998 0.00129774
1 0.876476 0.293684 0.150064 0.105559 0.00128727
5 0.877443 0.338265 0.125107 0.0669897 0.00128459
5 0.88188 0.301603 0.13635 0.0886283 0.00124886
5 0.856041 0.311747 0.102843 0.0542903 0.00124141
1 0.770851 0.564734 0.0866291 0.0945012 0.0012239
5 0.82865 0.316908 0.100932 0.0633975 0.00122155
6 0.417973 0.263976 0.0972627 0.141945 0.00118011
5 0.804408 0.354275 0.126557 0.165953 0.00113387
5 0.772569 0.633138 0.058047 0.080033 0.00111617
1 0.770514 0.658915 0.0580308 0.0897236 0.00111546
5 0.510804 0.79886 0.067124 0.0586116 0.00110572
6 0.488836 0.225133 0.0543416 0.104107 0.00108963
5 0.848418 0.343487 0.11196 0.0691195 0.00103141
5 0.918114 0.31907 0.0959885 0.093428 0.00103022
5 0.765388 0.633487 0.0741083 0.0694784 0.00102976
5 0.922841 0.39256 0.079608 0.107024 0.0010209
5 0.844511 0.370114 0.118717 0.0799458 0.00102061
1 0.588395 0.85879 0.0597785 0.090019 0.00101136
