5 0.138748 0.479456 0.127098 0.51685 0.752915
5 0.339665 0.419875 0.393981 0.52991 0.741834
10 0.46753 0.458008 0.61132 0.47072 0.536193
10 0.434607 0.42393 0.465602 0.491999 0.446984
5 0.440255 0.475715 0.649368 0.466283 0.253884
10 0.461241 0.409298 0.355563 0.338242 0.0779687
6 0.331355 0.519636 0.365516 0.283657 0.0769151
10 0.122765 0.480695 0.154065 0.517962 0.0690168
5 0.330728 0.529533 0.431685 0.504066 0.0478873
5 0.383281 0.537066 0.577438 0.355762 0.0256675
10 0.27899 0.435629 0.506685 0.41777 0.0216344
10 0.342509 0.301789 0.510278 0.13308 0.0203943
10 0.232255 0.444858 0.327446 0.441171 0.017506
5 0.147695 0.538242 0.121757 0.489625 0.0169601
5 0.287927 0.586924 0.418405 0.418528 0.0143387
6 0.22801 0.524908 0.319945 0.311144 0.0133262
10 0.353649 0.279389 0.456671 0.225348 0.0126587
10 0.404621 0.534947 0.625088 0.353595 0.0120642
10 0.350739 0.325348 0.55075 0.0787806 0.00767409
10 0.230705 0.526345 0.299355 0.511784 0.00697821
6 0.405754 0.49858 0.365515 0.264213 0.00659852
10 0.238515 0.612122 0.314332 0.371818 0.00640007
10 0.281696 0.488209 0.421542 0.471217 0.00624176
10 0.506474 0.385155 0.312111 0.353909 0.00473749
6 0.407553 0.392823 0.307151 0.326525 0.00445536
10 0.346306 0.264995 0.515597 0.13758 0.00414391
10 0.335186 0.564583 0.478775 0.43409 0.00408777
10 0.320221 0.437983 0.548869 0.329953 0.00361665
10 0.341711 0.309193 0.528399 0.0938568 0.00346849
10 0.481738 0.393076 0.354558 0.46382 0.00330146
10 0.368143 0.299681 0.35545 0.283059 0.00312159
10 0.407879 0.431387 0.353829 0.336877 0.00295079
10 0.384387 0.386342 0.415965 0.428001 0.00280841
5 0.136251 0.452449 0.113833 0.389912 0.00261406
10 0.336658 0.342517 0.537497 0.108857 0.00231113
6 0.195383 0.577729 0.294579 0.313306 0.002302
10 0.326385 0.428077 0.338536 0.335398 0.0021139
5 0.295663 0.593448 0.327909 0.269845 0.00207199
5 0.255541 0.518073 0.319059 0.280417 0.00195453
10 0.566649 0.478829 0.482583 0.436071 0.00187668
10 0.293973 0.325673 0.364067 0.0624111 0.00179711
10 0.173812 0.404056 0.198959 0.359549 0.00169869
10 0.267956 0.387693 0.411412 0.311848 0.00166158
10 0.346043 0.268615 0.523057 0.0925563 0.00150797
5 0.299149 0.513207 0.357877 0.315217 0.00144598
10 0.283863 0.313731 0.428868 0.161324 0.00129108
10 0.306451 0.28899 0.364495 0.107902 0.00115517
