1 0.248052 0.786702 0.223271 0.112238 0.831612
1 0.370951 0.708511 0.23686 0.123426 0.813607
1 0.369562 0.602412 0.285502 0.17053 0.457832
5 0.360585 0.601324 0.299705 0.178024 0.253797
5 0.341875 0.61152 0.258628 0.123218 0.0581111
1 0.360191 0.629381 0.274864 0.135943 0.0180586
5 0.308495 0.618741 0.178248 0.125299 0.0177127
11 0.87311 0.262697 0.0913574 0.157334 0.00531949
5 0.33106 0.636256 0.201115 0.132558 0.00426401
1 0.369453 0.649088 0.249238 0.11993 0.00379225
5 0.360205 0.646307 0.238497 0.120776 0.00299882
5 0.39258 0.593371 0.227251 0.142154 0.0028789
5 0.338366 0.666756 0.1717 0.0855924 0.00130426
5 0.302011 0.63166 0.150909 0.114542 0.00121313
