5 0.670691 0.647356 0.401347 0.349425 0.594345
1 0.471978 0.693664 0.28839 0.257562 0.0580916
1 0.514921 0.687412 0.340657 0.288985 0.0395349
1 0.578404 0.503399 0.151136 0.284167 0.0387371
1 0.592521 0.663653 0.436218 0.338929 0.0126486
1 0.354134 0.503467 0.197817 0.288382 0.0110646
1 0.614264 0.675203 0.269304 0.282928 0.00666828
1 0.6038 0.507326 0.199165 0.311847 0.00650286
1 0.434261 0.674002 0.229383 0.262184 0.00374997
1 0.516178 0.69854 0.259966 0.254818 0.00302118
5 0.661499 0.650371 0.305004 0.294852 0.00231808
5 0.608694 0.682766 0.247906 0.264359 0.00200601
1 0.567335 0.523777 0.115977 0.241437 0.00175353
5 0.702779 0.589822 0.188551 0.206434 0.00132672
1 0.552912 0.687377 0.235374 0.263907 0.00130358
