6 0.717005 0.65549 0.286061 0.187292 0.765113
6 0.514059 0.574328 0.252254 0.0856162 0.0293166
6 0.399411 0.979935 0.237231 0.0401294 0.0186252
6 0.507644 0.586815 0.250192 0.119642 0.0162013
6 0.45527 0.978949 0.286522 0.0416282 0.00657814
6 0.512502 0.978747 0.258615 0.0423435 0.00565396
10 0.61266 0.324846 0.200243 0.417387 0.00501599
6 0.348205 0.978883 0.297045 0.0421959 0.00313466
10 0.623928 0.382219 0.222751 0.457883 0.00232943
6 0.790749 0.650602 0.208217 0.211397 0.00208069
6 0.420524 0.979496 0.160099 0.041007 0.00196239
10 0.627492 0.452295 0.234917 0.437266 0.00188317
6 0.622511 0.586835 0.28537 0.191773 0.00153937
6 0.817788 0.664341 0.212917 0.199299 0.00146635
6 0.5126 0.53486 0.26514 0.10596 0.00144579
6 0.252148 0.560275 0.156051 0.161191 0.00102468
6 0.547185 0.53244 0.316273 0.161253 0.00100144
