5 0.419619 0.36408 0.525268 0.168222 0.665962
10 0.414423 0.465437 0.510527 0.442988 0.529027
6 0.407848 0.292364 0.361845 0.343519 0.335334
5 0.415697 0.466981 0.509914 0.417602 0.305008
6 0.395242 0.379778 0.371111 0.27241 0.180534
5 0.378271 0.250337 0.418813 0.316373 0.166339
10 0.45836 0.441502 0.44329 0.241015 0.0551372
6 0.333286 0.273774 0.358252 0.336735 0.0502703
10 0.452235 0.490115 0.412654 0.373748 0.0445988
6 0.387532 0.248713 0.398543 0.311977 0.0397539
6 0.400952 0.340213 0.489189 0.23018 0.0372327
10 0.416701 0.342024 0.524225 0.205218 0.0368012
10 0.473328 0.473307 0.400191 0.190498 0.0260119
10 0.420114 0.40299 0.371348 0.315185 0.0174925
5 0.419137 0.354171 0.373739 0.188141 0.0152361
10 0.435291 0.546133 0.183797 0.661693 0.0130531
10 0.50692 0.51488 0.445188 0.386082 0.00903858
10 0.509038 0.471025 0.337769 0.291362 0.00579869
6 0.443767 0.404845 0.373889 0.290843 0.00550754
6 0.511387 0.49171 0.327037 0.296132 0.00459014
10 0.371535 0.228754 0.440931 0.289309 0.00283356
10 0.550562 0.557125 0.454997 0.476144 0.00279957
6 0.459958 0.485391 0.348786 0.332981 0.00276778
10 0.403969 0.54985 0.382419 0.646665 0.00256409
10 0.466035 0.546499 0.265934 0.618235 0.00245457
6 0.418539 0.260094 0.293753 0.327453 0.00245225
6 0.550934 0.479084 0.235074 0.18351 0.00211848
10 0.403695 0.570765 0.263223 0.626132 0.00206766
10 0.400173 0.296553 0.406072 0.40157 0.00195134
6 0.386366 0.383312 0.476275 0.321375 0.00178404
6 0.5128 0.434507 0.331742 0.318498 0.00160354
10 0.385011 0.407305 0.473749 0.373595 0.00125444
10 0.45886 0.32761 0.418389 0.46822 0.00111249
10 0.475414 0.525031 0.3374 0.52354 0.00102575
