4 0.427055 0.712678 0.164526 0.122597 0.221558
4 0.425513 0.728763 0.163673 0.1816 0.133728
4 0.531206 0.693814 0.240291 0.16653 0.0588139
4 0.445188 0.701287 0.18634 0.135003 0.0275816
4 0.414465 0.671449 0.264577 0.174356 0.00953902
4 0.402489 0.700965 0.213217 0.101399 0.00837541
4 0.463074 0.677681 0.274787 0.17189 0.00632404
4 0.507171 0.704633 0.197042 0.14591 0.0058767
4 0.47904 0.69637 0.222258 0.15241 0.00467617
4 0.411362 0.757386 0.151252 0.131991 0.00443367
4 0.471056 0.716734 0.278343 0.196164 0.00405232
4 0.376552 0.693007 0.236235 0.113498 0.00119303
4 0.400377 0.766777 0.110871 0.114039 0.00118853
