1 0.719521 0.300394 0.383707 0.227765 0.72107
5 0.775553 0.483089 0.14972 0.489969 0.665983
6 0.81753 0.307523 0.173985 0.273947 0.398449
10 0.717543 0.376199 0.371022 0.321539 0.221286
10 0.49485 0.48615 0.587314 0.107732 0.0702236
6 0.781413 0.405706 0.213075 0.308337 0.0667558
10 0.711751 0.467162 0.349967 0.261967 0.0406369
10 0.625766 0.499023 0.283118 0.0824302 0.0402172
10 0.403047 0.481004 0.538788 0.0929467 0.0334338
6 0.737078 0.350857 0.266464 0.295118 0.030164
10 0.736225 0.4872 0.439719 0.111794 0.0272071
10 0.670996 0.486079 0.317759 0.106513 0.0213742
6 0.725792 0.38463 0.223641 0.340528 0.0197155
10 0.715616 0.373729 0.340582 0.432215 0.0178511
10 0.51917 0.462644 0.562795 0.142295 0.0156634
10 0.795894 0.483315 0.180753 0.48552 0.0137814
10 0.622532 0.483531 0.294628 0.110428 0.0107985
6 0.770143 0.336795 0.264944 0.338731 0.00830219
10 0.772179 0.403502 0.216228 0.462254 0.00807964
10 0.501067 0.506 0.544889 0.138848 0.00702077
5 0.728957 0.328216 0.355813 0.310648 0.00660466
6 0.674036 0.459128 0.306471 0.12858 0.00624534
10 0.671767 0.382107 0.26762 0.275292 0.0059243
10 0.527351 0.446764 0.65901 0.151238 0.00542824
6 0.788417 0.441067 0.182342 0.388808 0.00524531
10 0.580881 0.490608 0.371126 0.104862 0.00519151
10 0.825476 0.496072 0.153844 0.465409 0.00511048
6 0.791209 0.389586 0.2155 0.430598 0.0047565
10 0.446952 0.461329 0.580784 0.118633 0.00438499
10 0.71185 0.511476 0.48805 0.138954 0.00422837
6 0.676619 0.382658 0.290631 0.2903 0.00417629
6 0.641696 0.472171 0.255808 0.110723 0.00383452
10 0.641141 0.508312 0.245437 0.0667322 0.0038061
10 0.658881 0.38002 0.409639 0.281365 0.00322412
6 0.701556 0.417949 0.284906 0.345213 0.0030108
10 0.626666 0.507899 0.470048 0.115691 0.00280246
10 0.550685 0.409231 0.600446 0.226547 0.00244908
10 0.497734 0.530379 0.604628 0.233203 0.00168933
10 0.407518 0.459414 0.562983 0.158747 0.00162292
5 0.795966 0.277156 0.139058 0.220638 0.00144739
10 0.719622 0.45387 0.301231 0.183351 0.00131193
10 0.715729 0.476399 0.344382 0.105823 0.0012145
6 0.695786 0.420346 0.323865 0.220511 0.00116154
5 0.674542 0.225417 0.233905 0.0541292 0.0011058
5 0.765375 0.427639 0.171751 0.393736 0.00107551
