1 0.216429 0.36363 0.342043 0.229312 0.880109
6 0.646577 0.65156 0.181885 0.251577 0.79529
5 0.207072 0.622961 0.222654 0.323029 0.716385
10 0.401254 0.554324 0.479196 0.571383 0.657853
10 0.448082 0.57783 0.472801 0.466029 0.0215183
10 0.353312 0.56106 0.537942 0.463002 0.0206815
10 0.465985 0.498859 0.455357 0.59576 0.00414916
10 0.341317 0.590261 0.386368 0.502578 0.00334934
6 0.228991 0.399844 0.312797 0.182968 0.00266251
10 0.269599 0.563603 0.390096 0.391541 0.00224927
10 0.411425 0.570508 0.244463 0.381423 0.00169876
10 0.316393 0.487507 0.473208 0.416941 0.00158427
10 0.404003 0.520682 0.191662 0.385883 0.00152467
10 0.243419 0.444133 0.348089 0.409869 0.00144385
10 0.462306 0.571909 0.178949 0.384437 0.00119974
