1 0.206017 0.443489 0.169723 0.15496 0.513455
1 0.28847 0.269179 0.0856391 0.197839 0.257362
1 0.789824 0.356538 0.107292 0.127989 0.0375341
5 0.28945 0.267566 0.0804229 0.18927 0.0277
1 0.79757 0.363858 0.0943133 0.0982452 0.0256901
1 0.813686 0.358151 0.1232 0.115864 0.0139782
1 0.809498 0.370964 0.0833519 0.0788399 0.00898484
1 0.212877 0.41962 0.183004 0.140178 0.00588775
1 0.28276 0.246475 0.0935929 0.156193 0.00411066
1 0.27268 0.233526 0.0931832 0.126407 0.00364296
1 0.834685 0.377896 0.113596 0.074089 0.00320842
4 0.65854 0.480684 0.0807355 0.0944061 0.00220221
1 0.802625 0.38888 0.0972364 0.0954989 0.0021795
1 0.830637 0.370493 0.141187 0.109271 0.00205668
1 0.525305 0.503221 0.0529359 0.138009 0.00182981
1 0.802838 0.348597 0.0875395 0.123752 0.00148191
1 0.837454 0.340807 0.136467 0.140342 0.00133229
1 0.84758 0.367558 0.11956 0.0856644 0.00121915
1 0.839767 0.35298 0.101457 0.111371 0.00105481
1 0.825112 0.394347 0.0946848 0.0891358 0.00103037
1 0.1969 0.425276 0.147582 0.112479 0.00101888
