1 0.28319 0.55947 0.126703 0.174583 0.525979
1 0.239408 0.562225 0.121092 0.16062 0.129151
1 0.216321 0.562614 0.0701547 0.152163 0.0860225
1 0.182172 0.67206 0.127151 0.212332 0.0535215
1 0.187445 0.613852 0.14424 0.245147 0.0462553
4 0.83228 0.477473 0.037751 0.0809959 0.043792
1 0.257599 0.560901 0.0900305 0.162905 0.0425545
5 0.268553 0.559712 0.0919855 0.16784 0.0353809
1 0.218412 0.575799 0.0927737 0.189894 0.0239925
4 0.827811 0.488977 0.0424116 0.0990124 0.0223653
1 0.146094 0.69337 0.132658 0.213169 0.0218273
1 0.183354 0.640577 0.127778 0.127986 0.0167749
5 0.188012 0.693017 0.0531245 0.241176 0.0158583
4 0.83736 0.486066 0.0442116 0.0889972 0.0113565
1 0.208818 0.588356 0.0597041 0.207499 0.0104901
4 0.84683 0.478925 0.0360908 0.0680172 0.00752984
1 0.188992 0.566221 0.123874 0.150533 0.00699781
5 0.264004 0.536026 0.0788205 0.131267 0.00677317
4 0.831241 0.469424 0.0312069 0.0848342 0.00630982
1 0.198454 0.65419 0.152318 0.190156 0.00590534
1 0.12622 0.694847 0.0938735 0.208026 0.00585367
4 0.831564 0.499684 0.0414379 0.0902469 0.00533144
1 0.224024 0.549771 0.0861294 0.14425 0.00518048
11 0.835183 0.388971 0.0564431 0.0346107 0.00500229
4 0.837212 0.471784 0.0377233 0.0797972 0.00486323
1 0.192354 0.62056 0.11997 0.183286 0.00292826
1 0.274713 0.565259 0.0996445 0.153154 0.00289399
1 0.178256 0.698779 0.0954468 0.233351 0.00284253
1 0.200799 0.60267 0.0850126 0.2313 0.00212175
5 0.162741 0.5729 0.095147 0.149562 0.0020841
1 0.254349 0.569822 0.119893 0.186767 0.00202735
1 0.171408 0.647593 0.122223 0.0977548 0.00191014
1 0.255149 0.542179 0.0746527 0.138698 0.00189107
1 0.155932 0.678123 0.158591 0.164742 0.00176393
4 0.839502 0.501669 0.0420681 0.100109 0.00174484
1 0.220894 0.594819 0.144794 0.231888 0.00163142
4 0.84712 0.493271 0.0401504 0.0976144 0.00161532
5 0.187501 0.680152 0.081995 0.215322 0.001382
