1 0.218163 0.738009 0.168787 0.163444 0.571588
5 0.140978 0.738149 0.114807 0.160374 0.112805
5 0.510602 0.785631 0.263062 0.0434139 0.102524
5 0.50586 0.777196 0.266097 0.0459121 0.0821383
1 0.180866 0.738595 0.179433 0.163096 0.020007
5 0.509848 0.770272 0.254935 0.0398901 0.0139413
1 0.457109 0.779636 0.376884 0.0625681 0.00742425
1 0.254389 0.737545 0.291879 0.172021 0.00685005
5 0.45231 0.77673 0.38219 0.0738505 0.00386629
1 0.21098 0.727288 0.141345 0.133866 0.00240806
1 0.215205 0.760098 0.251691 0.209253 0.00212562
1 0.179432 0.723652 0.0820708 0.12341 0.0021019
1 0.162457 0.728774 0.0811939 0.133198 0.00128124
1 0.429109 0.77915 0.434102 0.0979492 0.00118664
5 0.456772 0.777951 0.361708 0.0499756 0.00113729
1 0.203956 0.717246 0.118387 0.109723 0.00113467
1 0.231004 0.782169 0.327433 0.19295 0.00105451
