4 0.54017 0.600584 0.14126 0.0702149 0.0699088
4 0.45392 0.532826 0.18263 0.0779958 0.0360053
10 0.452724 0.533511 0.183254 0.0716517 0.0346512
4 0.783132 0.805899 0.13622 0.0997719 0.0175496
4 0.585017 0.581417 0.239837 0.108105 0.0146641
4 0.768573 0.818305 0.104538 0.0821132 0.00607198
4 0.570712 0.599394 0.199335 0.0700634 0.00509412
4 0.588451 0.562642 0.252419 0.151382 0.00354727
11 0.1629 0.44749 0.103717 0.05364 0.0034833
4 0.757181 0.818429 0.0778188 0.0679559 0.00163703
4 0.80166 0.799385 0.177613 0.1147 0.00154832
4 0.766533 0.794265 0.103608 0.118049 0.0015427
