6 0.190988 0.68351 0.108069 0.193522 0.850238
10 0.294875 0.505862 0.499579 0.444848 0.831966
10 0.278917 0.38167 0.372088 0.228804 0.773165
6 0.0989192 0.712241 0.0427388 0.214512 0.718694
10 0.216261 0.440702 0.316811 0.238667 0.643252
10 0.254218 0.44455 0.271008 0.269821 0.0289722
10 0.224058 0.4657 0.344054 0.326266 0.0165747
10 0.0678118 0.638536 0.0276913 0.405465 0.00961469
10 0.0730466 0.627029 0.0414194 0.377582 0.00693099
10 0.273514 0.421832 0.333768 0.274671 0.00662681
10 0.204495 0.41087 0.282229 0.212946 0.00418712
10 0.269239 0.326218 0.354146 0.103231 0.00319764
6 0.0987265 0.683457 0.034405 0.156841 0.00293132
10 0.0649366 0.595963 0.029209 0.323704 0.00185777
10 0.289584 0.343923 0.350655 0.151766 0.00145727
