1 0.444227 0.821581 0.167248 0.173351 0.763258
1 0.440202 0.610331 0.239881 0.0985186 0.261378
1 0.453927 0.615774 0.211741 0.0780035 0.034313
1 0.460586 0.599702 0.197869 0.103327 0.033523
1 0.511276 0.597277 0.204405 0.0962392 0.0264321
1 0.40613 0.61382 0.287038 0.0852989 0.023627
1 0.435855 0.624946 0.220394 0.0827722 0.0116415
1 0.275486 0.709964 0.244554 0.107265 0.00980059
1 0.375878 0.614046 0.365833 0.102789 0.00903867
1 0.457011 0.627585 0.211035 0.0598891 0.00860967
1 0.696307 0.563114 0.190971 0.0599022 0.00781313
1 0.546631 0.578579 0.286213 0.079541 0.00722022
1 0.474839 0.59151 0.256657 0.113897 0.00572775
5 0.575872 0.56965 0.404104 0.100841 0.0053054
1 0.713543 0.569807 0.182381 0.0538378 0.00430313
1 0.549453 0.565652 0.289825 0.0573261 0.00367518
1 0.518239 0.570333 0.247019 0.0647039 0.00315422
1 0.602905 0.557626 0.340409 0.0656615 0.00291654
1 0.564364 0.580588 0.382971 0.126102 0.00252565
1 0.669766 0.556313 0.22669 0.0679598 0.00242898
1 0.290646 0.687618 0.264681 0.154096 0.00204443
1 0.599036 0.567068 0.368332 0.101023 0.00194029
1 0.459638 0.576917 0.199988 0.0797287 0.00175361
1 0.373586 0.624531 0.316807 0.0700045 0.00163373
5 0.411335 0.827934 0.0929542 0.170247 0.00145483
1 0.359706 0.647942 0.387363 0.143248 0.00133017
5 0.597355 0.556266 0.335943 0.0521067 0.00129983
1 0.412065 0.620404 0.302923 0.124206 0.00125179
1 0.440123 0.855824 0.170478 0.102846 0.00107365
1 0.439844 0.874592 0.171625 0.0715824 0.00105844
