1 0.748196 0.826626 0.204062 0.160119 0.443416
1 0.712692 0.804117 0.197104 0.133616 0.21009
1 0.796271 0.773201 0.195182 0.101319 0.206263
1 0.736756 0.825598 0.163638 0.130065 0.175793
1 0.658556 0.828025 0.180569 0.108665 0.124996
1 0.705731 0.78914 0.172488 0.101278 0.083691
5 0.654804 0.831135 0.181545 0.103591 0.0833896
1 0.747575 0.791011 0.202913 0.118103 0.0464178
1 0.648437 0.814646 0.162573 0.0929629 0.037156
3 0.234946 0.897481 0.168891 0.130183 0.0181794
1 0.695812 0.829852 0.211263 0.135596 0.0177591
1 0.781516 0.755982 0.168493 0.109679 0.0157455
5 0.639425 0.822886 0.152199 0.084977 0.0127136
1 0.685784 0.812452 0.185175 0.102476 0.0101727
1 0.809228 0.779741 0.17725 0.0741329 0.0101589
1 0.770366 0.712846 0.129069 0.0939038 0.00887941
11 0.155331 0.758417 0.0373669 0.0597946 0.00792109
1 0.767863 0.737023 0.147338 0.119794 0.00755133
11 0.160917 0.756527 0.0369877 0.0559004 0.00719428
1 0.684227 0.789553 0.150041 0.0781866 0.00559832
5 0.811001 0.781839 0.176787 0.0786966 0.00488649
1 0.785498 0.800606 0.216619 0.138913 0.00401162
11 0.35493 0.930114 0.058306 0.0536651 0.00352708
1 0.666327 0.795024 0.145063 0.0759753 0.0034521
1 0.780096 0.702184 0.12127 0.0875379 0.0034129
1 0.833169 0.767346 0.124943 0.0561195 0.00337407
1 0.766638 0.856743 0.164236 0.106672 0.00335651
1 0.797089 0.742488 0.187857 0.129333 0.00330276
1 0.650595 0.80079 0.139498 0.0789594 0.00320506
5 0.831268 0.784793 0.137056 0.0703266 0.00270309
1 0.665778 0.839171 0.212213 0.138515 0.00248107
1 0.815652 0.762788 0.193939 0.115426 0.00190814
1 0.72171 0.84039 0.16218 0.108767 0.00184916
11 0.167917 0.756252 0.043373 0.058159 0.00178786
1 0.845705 0.715184 0.226912 0.140454 0.0017755
1 0.757195 0.755979 0.128161 0.096381 0.00172726
5 0.842851 0.764119 0.106295 0.0539308 0.00164225
5 0.848108 0.709558 0.232189 0.134012 0.00145349
1 0.742642 0.763161 0.188658 0.135868 0.00126498
1 0.822166 0.755211 0.145292 0.0682109 0.00122903
1 0.672081 0.780663 0.127501 0.0740545 0.00122726
4 0.840436 0.781013 0.116397 0.0674299 0.00111969
1 0.789889 0.692826 0.112803 0.0768156 0.00107427
