10 0.727655 0.368072 0.0624613 0.397054 0.0657395
10 0.727546 0.324988 0.0509713 0.296957 0.0616721
10 0.7269 0.359345 0.0439854 0.378412 0.0436539
11 0.178211 0.744317 0.0946063 0.0626971 0.0308616
10 0.727427 0.284106 0.055591 0.225482 0.0226826
10 0.729589 0.384555 0.0874328 0.434199 0.00482934
10 0.720673 0.310364 0.0579298 0.247598 0.00388656
4 0.708183 0.465287 0.0646121 0.168393 0.00296765
10 0.717707 0.363872 0.0524231 0.361417 0.00219507
10 0.740004 0.366476 0.0314912 0.348451 0.00194092
10 0.736954 0.316838 0.0636576 0.279047 0.00167981
10 0.719733 0.276977 0.0422368 0.206779 0.00161551
11 0.175472 0.730733 0.104961 0.0993059 0.00144401
