4 0.836549 0.516556 0.0390011 0.109484 0.0452498
4 0.788829 0.202537 0.037031 0.149806 0.0281239
1 0.463453 0.711989 0.0610672 0.162645 0.0124041
4 0.828262 0.745215 0.0379223 0.0856076 0.00988826
1 0.848383 0.520028 0.0476505 0.108736 0.00809262
1 0.860186 0.523313 0.0584129 0.104348 0.00609203
4 0.83407 0.274336 0.0316843 0.104353 0.00593714
4 0.841864 0.507044 0.0370262 0.117978 0.00537166
4 0.888508 0.450145 0.0390462 0.129831 0.00464219
1 0.887499 0.468783 0.0533733 0.169968 0.00431421
1 0.872048 0.512355 0.0572445 0.129367 0.00427471
1 0.46817 0.691509 0.0736582 0.193453 0.00321029
5 0.347417 0.759544 0.113225 0.105236 0.0023093
10 0.187662 0.590979 0.0640833 0.0491361 0.00229269
1 0.882187 0.49861 0.0657211 0.163523 0.00166415
4 0.784327 0.202647 0.0490633 0.131181 0.0016558
4 0.855048 0.502539 0.0353485 0.123116 0.00153395
4 0.876531 0.47933 0.0487221 0.141072 0.00136572
4 0.829741 0.283015 0.0395952 0.0851204 0.00130313
1 0.892469 0.454357 0.0455261 0.142772 0.00115053
1 0.439497 0.50899 0.0563776 0.0665102 0.00113272
4 0.824419 0.521591 0.0517425 0.0875583 0.00109032
4 0.828353 0.269306 0.0378758 0.114887 0.00106422
10 0.792591 0.191747 0.0279409 0.124387 0.00105713
4 0.721729 0.345269 0.0602091 0.0522412 0.00104847
