1 0.429058 0.693154 0.102864 0.156018 0.0847974
1 0.412311 0.668015 0.141634 0.197895 0.0483154
1 0.414964 0.772315 0.273692 0.128337 0.0222985
1 0.439456 0.710265 0.0881816 0.127805 0.0175584
1 0.449482 0.721934 0.100699 0.113923 0.00727956
4 0.807048 0.727112 0.0976739 0.0915052 0.00713214
1 0.175566 0.781294 0.230581 0.245876 0.00705
1 0.128212 0.812922 0.151485 0.182941 0.00480039
1 0.150332 0.802382 0.18714 0.201972 0.00262992
1 0.220105 0.673143 0.101756 0.0798298 0.00191831
4 0.862931 0.620735 0.0894742 0.108706 0.00179884
1 0.461353 0.730866 0.150617 0.111656 0.00166892
4 0.849806 0.626824 0.114539 0.1218 0.00143119
