1 0.30192 0.751252 0.193556 0.21737 0.422919
1 0.270394 0.749695 0.210856 0.2314 0.0707312
1 0.237243 0.749613 0.160771 0.232615 0.0596436
1 0.300325 0.768732 0.150527 0.180934 0.0152959
1 0.279157 0.744279 0.141754 0.220774 0.0144935
1 0.259998 0.765326 0.123942 0.195161 0.00426564
1 0.224053 0.737886 0.113708 0.21573 0.00386034
5 0.222234 0.711346 0.1024 0.164627 0.00368972
1 0.234845 0.766831 0.119379 0.193608 0.00296983
1 0.264098 0.73475 0.096374 0.208378 0.00245793
1 0.322244 0.738206 0.152455 0.182929 0.00195229
1 0.282968 0.783132 0.116809 0.15816 0.00187605
