1 0.333634 0.718077 0.289479 0.152409 0.383523
1 0.516592 0.695422 0.26965 0.199829 0.0741005
1 0.574034 0.780714 0.244011 0.100014 0.0280033
1 0.491705 0.715726 0.317052 0.160802 0.0253303
1 0.559717 0.757618 0.259979 0.108169 0.0239517
5 0.591168 0.790898 0.217031 0.0860336 0.0178117
1 0.506277 0.711736 0.264298 0.133196 0.0133724
1 0.504225 0.734719 0.258378 0.0960466 0.0125884
5 0.59134 0.810731 0.195892 0.0935169 0.0105966
1 0.473166 0.747983 0.26778 0.0976177 0.009938
1 0.437299 0.69091 0.413721 0.204845 0.00985196
5 0.568133 0.760773 0.284141 0.158873 0.00904503
1 0.56776 0.722647 0.318085 0.216834 0.00887916
1 0.579834 0.763753 0.293955 0.163304 0.0078043
1 0.539561 0.746211 0.246963 0.103136 0.00772372
1 0.513766 0.738439 0.313955 0.155185 0.0073494
1 0.54516 0.694012 0.242149 0.163111 0.00730674
1 0.506106 0.758892 0.263982 0.0994515 0.00709316
1 0.486511 0.650326 0.290834 0.164007 0.00695029
1 0.529473 0.771081 0.258928 0.0993134 0.00578245
1 0.529353 0.720912 0.234718 0.106896 0.00530729
1 0.393901 0.739787 0.276736 0.102646 0.00523156
5 0.608997 0.817159 0.155017 0.0930969 0.00487964
5 0.631129 0.792809 0.202611 0.0858323 0.00462266
1 0.619621 0.787626 0.282752 0.157933 0.00409578
1 0.34646 0.732589 0.287198 0.113843 0.00380708
1 0.618306 0.783033 0.229648 0.0996414 0.00372614
5 0.56923 0.787385 0.255654 0.158559 0.00328835
1 0.552673 0.792663 0.243716 0.0973509 0.0030908
5 0.634761 0.806258 0.184295 0.0916563 0.00304972
1 0.668877 0.803177 0.204549 0.10956 0.0030264
1 0.419134 0.728016 0.462056 0.154916 0.0028611
1 0.324349 0.704579 0.264588 0.114835 0.00239345
1 0.519028 0.682009 0.211906 0.172348 0.00229521
5 0.516661 0.765958 0.338009 0.188404 0.00204081
1 0.64078 0.776455 0.28579 0.199448 0.00192566
1 0.44305 0.732301 0.284885 0.0985557 0.0018524
1 0.676845 0.799051 0.238775 0.155173 0.00156617
1 0.440347 0.753757 0.238316 0.0911091 0.0014245
1 0.477744 0.722449 0.287061 0.0966078 0.00141727
1 0.558561 0.68422 0.320196 0.2085 0.00125327
1 0.458609 0.746666 0.432271 0.181135 0.00125226
1 0.396121 0.673877 0.380564 0.211126 0.00100457
