6 0.382433 0.681998 0.132981 0.166616 0.567645
10 0.879565 0.627934 0.112968 0.291778 0.405958
6 0.732205 0.312799 0.178168 0.200014 0.157457
6 0.422389 0.646278 0.169189 0.16558 0.08442
10 0.595765 0.552752 0.607925 0.365919 0.0308254
6 0.763769 0.352025 0.113754 0.11248 0.0132346
5 0.272612 0.229331 0.226365 0.386593 0.0123413
6 0.757549 0.329385 0.13109 0.156673 0.0106076
10 0.278105 0.29637 0.233687 0.512106 0.0088738
6 0.270166 0.286761 0.229567 0.494708 0.00881055
6 0.266595 0.257176 0.188718 0.295263 0.00657483
10 0.37314 0.573791 0.386826 0.419596 0.00456497
6 0.706753 0.289774 0.137656 0.159556 0.00330289
1 0.272911 0.220655 0.237619 0.380138 0.00319775
6 0.879274 0.630939 0.107737 0.278879 0.00282628
6 0.397899 0.657773 0.130833 0.160923 0.0027687
10 0.328521 0.328191 0.359681 0.550486 0.00272786
10 0.330075 0.539078 0.527091 0.358862 0.00213962
10 0.361292 0.495358 0.415146 0.262749 0.0015979
10 0.324755 0.480809 0.542087 0.262497 0.00120121
6 0.262245 0.293625 0.185516 0.203291 0.001141
6 0.43517 0.66772 0.168697 0.158669 0.00113558
10 0.234922 0.321042 0.315031 0.531814 0.00106867
