1 0.405348 0.609584 0.157923 0.329894 0.820177
1 0.386071 0.64687 0.111462 0.23553 0.0216355
1 0.415323 0.683749 0.0939726 0.189515 0.0148261
5 0.424619 0.691924 0.0710592 0.212962 0.00585052
1 0.397321 0.677601 0.116671 0.182365 0.00428457
5 0.433412 0.592885 0.0993086 0.273025 0.0038752
1 0.423842 0.679785 0.0718348 0.214315 0.00375145
5 0.427151 0.637158 0.0707144 0.297603 0.00351586
5 0.426065 0.561169 0.114755 0.220649 0.00177929
1 0.434167 0.580831 0.0966282 0.238724 0.0015126
5 0.433474 0.69419 0.0505626 0.220359 0.00144786
