1 0.305412 0.541539 0.198492 0.26041 0.738113
1 0.402246 0.516703 0.0654452 0.201321 0.199647
1 0.338252 0.590149 0.104773 0.159738 0.0112808
1 0.296692 0.557929 0.136983 0.203384 0.00961806
1 0.364833 0.543944 0.0970372 0.151871 0.00770684
1 0.318009 0.593263 0.111053 0.156645 0.00678243
1 0.3784 0.538613 0.0790507 0.155152 0.00596567
1 0.299371 0.579801 0.116463 0.173352 0.00575652
1 0.350706 0.558059 0.111275 0.164452 0.0048415
1 0.350523 0.583392 0.102141 0.185738 0.00383292
1 0.268086 0.555169 0.128296 0.135353 0.00303143
1 0.391046 0.525263 0.0904754 0.180406 0.00281128
1 0.354289 0.532466 0.12328 0.171061 0.00234956
1 0.284052 0.530567 0.143668 0.186627 0.00174633
1 0.243924 0.544583 0.104999 0.125605 0.00173127
1 0.319352 0.58259 0.166557 0.182933 0.0014258
