11 0.274497 0.48128 0.129643 0.0300076 0.424629
11 0.287155 0.484372 0.155309 0.035621 0.151668
11 0.302034 0.489392 0.183125 0.044673 0.022224
11 0.258965 0.480602 0.0953403 0.0237584 0.0117665
11 0.265074 0.484054 0.114867 0.0404456 0.0104187
11 0.322751 0.496261 0.176676 0.050831 0.0046054
11 0.245592 0.477261 0.0745908 0.0205987 0.00284381
11 0.255389 0.490242 0.106057 0.0619433 0.00185492
11 0.256013 0.472634 0.0903284 0.0230226 0.0017849
11 0.239885 0.538257 0.0524499 0.0661998 0.00152879
11 0.264967 0.477212 0.11347 0.02596 0.00150247
11 0.246257 0.485201 0.0762528 0.0360198 0.00143511
11 0.329398 0.506006 0.141389 0.0515774 0.0012589
11 0.241163 0.531001 0.0304389 0.0428275 0.00112758
11 0.370775 0.511295 0.0329163 0.0348644 0.00106472
11 0.238677 0.47945 0.0577249 0.0250057 0.00103765
