9 0.554071 0.606734 0.466152 0.327838 0.9603
6 0.481944 0.558169 0.282607 0.255851 0.0380446
6 0.531902 0.594139 0.407577 0.196563 0.0119947
0 0.665027 0.604721 0.262158 0.206153 0.00533826
6 0.550612 0.608993 0.318666 0.201929 0.00457653
6 0.567001 0.618034 0.499773 0.187339 0.004068
6 0.490594 0.574874 0.35118 0.20942 0.00404577
0 0.536497 0.597831 0.408088 0.181505 0.00390123
0 0.505028 0.575863 0.310096 0.246661 0.00334217
11 0.697466 0.612337 0.163985 0.154498 0.00327256
7 0.520887 0.600742 0.382765 0.149791 0.00218497
6 0.517336 0.61967 0.374943 0.15393 0.00158285
6 0.62056 0.631429 0.340697 0.271775 0.00151095
6 0.472926 0.589463 0.33283 0.16131 0.00138897
