3 0.713295 0.525966 0.0584135 0.0887289 0.327566
3 0.697693 0.52519 0.0912756 0.090801 0.158089
3 0.646301 0.524879 0.182915 0.0927181 0.0705669
3 0.383581 0.811674 0.0519528 0.0761509 0.0520247
3 0.129258 0.751976 0.0417103 0.0827614 0.0106804
11 0.805361 0.376302 0.116439 0.0503006 0.00777906
3 0.580248 0.69183 0.0472277 0.1212 0.00552878
3 0.426835 0.80579 0.0311186 0.0817178 0.00432551
3 0.647116 0.544505 0.182774 0.131383 0.00169096
3 0.128002 0.757269 0.0339391 0.0711075 0.0013037
3 0.410992 0.807406 0.0453822 0.0791463 0.00126932
3 0.924595 0.33437 0.150809 0.370312 0.00121256
3 0.577873 0.521188 0.0686517 0.0803503 0.00104339
