9 0.389549 0.490624 0.407743 0.454828 0.746074
6 0.399295 0.427683 0.371615 0.312796 0.570002
0 0.379164 0.438227 0.424326 0.355505 0.262643
0 0.326844 0.444969 0.354932 0.309124 0.0490678
0 0.312597 0.492395 0.328603 0.201994 0.0173809
6 0.333366 0.490547 0.262204 0.181587 0.00886109
0 0.256377 0.506756 0.213499 0.178075 0.00668172
0 0.495668 0.396546 0.43608 0.298913 0.00562946
9 0.321233 0.568291 0.262104 0.303942 0.00490465
6 0.321302 0.508074 0.253828 0.124126 0.00263577
9 0.326351 0.518904 0.290489 0.423088 0.00251595
11 0.382342 0.488408 0.211272 0.175925 0.00242893
9 0.275319 0.601075 0.178029 0.241003 0.0020345
6 0.353026 0.499666 0.327512 0.283287 0.00126711
