11 0.543494 0.408332 0.160584 0.0253324 0.110589
9 0.570701 0.768024 0.562291 0.184399 0.0417834
9 0.489028 0.807949 0.704509 0.191483 0.0385888
11 0.591271 0.284335 0.0997746 0.0133471 0.0295143
11 0.557436 0.405532 0.177243 0.0250023 0.0231246
11 0.551224 0.345886 0.131197 0.0181615 0.0158172
11 0.587967 0.287313 0.123275 0.0171724 0.0130795
11 0.587264 0.344867 0.130977 0.0197279 0.00959152
11 0.565316 0.284187 0.102284 0.0147074 0.00859435
11 0.480356 0.293547 0.0916384 0.0169769 0.00734271
11 0.532371 0.408999 0.142074 0.0194919 0.00683322
9 0.590226 0.744209 0.517892 0.142529 0.00671426
11 0.705587 0.297541 0.0907051 0.0194235 0.00667065
11 0.61741 0.284254 0.112622 0.0135623 0.00633114
2 0.509619 0.0343397 0.854863 0.0686793 0.00615979
11 0.575866 0.288896 0.131913 0.0171972 0.00604264
11 0.577456 0.40317 0.178156 0.0219806 0.00564341
11 0.55383 0.307951 0.0851588 0.0161624 0.00546816
11 0.552354 0.304939 0.0915844 0.0149774 0.00489316
11 0.470566 0.289299 0.0827359 0.0173936 0.00486465
11 0.567254 0.305103 0.104687 0.0171055 0.00466108
11 0.483031 0.289219 0.0857687 0.0160904 0.00448787
11 0.468537 0.283927 0.0872732 0.0161988 0.00414678
11 0.597514 0.401465 0.159452 0.0200682 0.0039677
11 0.599101 0.356749 0.127712 0.0245371 0.00394233
2 0.458061 0.0560415 0.758916 0.111909 0.00373719
11 0.402535 0.29377 0.11429 0.018184 0.00371626
11 0.417338 0.297915 0.110917 0.0172344 0.0036472
2 0.511599 0.0223632 0.858825 0.0437726 0.00341913
11 0.455357 0.288738 0.095928 0.0160698 0.00338696
11 0.706116 0.294471 0.0852115 0.0177618 0.00335462
11 0.613005 0.28615 0.13984 0.0218996 0.00328322
11 0.617707 0.287288 0.113658 0.0163562 0.00323883
11 0.456403 0.293428 0.107477 0.0166013 0.00311561
11 0.566694 0.309037 0.100184 0.0167034 0.00311233
11 0.481226 0.297139 0.094281 0.0174357 0.00311221
11 0.585071 0.337626 0.107523 0.0185112 0.00283933
11 0.566067 0.297801 0.118634 0.0141342 0.00282722
11 0.725328 0.298326 0.0966316 0.0206982 0.00261734
11 0.693716 0.29816 0.0771096 0.0223648 0.00234716
11 0.626314 0.315591 0.112639 0.0163805 0.00232217
11 0.468239 0.279139 0.0929317 0.0142014 0.00223396
11 0.628797 0.319722 0.115841 0.0164949 0.00223109
11 0.526691 0.346614 0.110985 0.0199116 0.00220948
11 0.554255 0.41273 0.144672 0.0220127 0.00212551
10 0.516323 0.315702 0.133647 0.0178013 0.00208535
11 0.601123 0.336492 0.113053 0.0173237 0.0020671
11 0.585976 0.353836 0.146083 0.0239169 0.00206442
11 0.565821 0.339911 0.105356 0.0192095 0.00202893
11 0.518673 0.404007 0.125595 0.0186028 0.00195722
11 0.7032 0.302548 0.0842475 0.0276907 0.00189094
11 0.590603 0.334764 0.104889 0.0190576 0.00186884
11 0.555791 0.287553 0.104373 0.0163825 0.00169766
4 0.526334 0.310888 0.125184 0.0163763 0.00166304
11 0.642333 0.324447 0.12276 0.0183056 0.00163743
11 0.38983 0.288738 0.114368 0.0213485 0.0016176
11 0.578619 0.313017 0.0820234 0.026455 0.0015938
11 0.578963 0.304896 0.114174 0.0206046 0.00159101
11 0.570543 0.408765 0.190814 0.0357842 0.00156199
11 0.616919 0.335522 0.129421 0.0162861 0.00155474
11 0.541737 0.350366 0.114376 0.0203603 0.0014381
10 0.497466 0.317771 0.139333 0.0145793 0.0014257
11 0.377802 0.29261 0.108245 0.0175425 0.00141614
11 0.414691 0.290083 0.109278 0.0186631 0.00141262
11 0.70133 0.306933 0.0893216 0.0265688 0.00138525
3 0.547031 0.309487 0.103731 0.0177758 0.00137445
11 0.56347 0.408931 0.149135 0.0175419 0.00136517
11 0.551203 0.300621 0.099131 0.0201127 0.00136296
11 0.503194 0.345251 0.136611 0.0216503 0.00135336
11 0.569523 0.351751 0.146954 0.0236236 0.00131917
11 0.551568 0.34156 0.113548 0.0197523 0.00131674
11 0.591539 0.330214 0.096429 0.0209572 0.00131166
11 0.714978 0.298498 0.11471 0.0246851 0.00127164
11 0.605464 0.331111 0.112818 0.0177107 0.00127137
11 0.452329 0.297979 0.102286 0.0172802 0.00125472
11 0.641935 0.329879 0.12873 0.0178562 0.0012511
11 0.590317 0.280997 0.0951024 0.0178907 0.00124446
11 0.392663 0.297515 0.110904 0.019805 0.00123688
11 0.414357 0.303806 0.102407 0.0189413 0.00123489
11 0.693589 0.294258 0.0739756 0.0211651 0.00120042
11 0.577212 0.341034 0.099915 0.0243037 0.00118367
11 0.522621 0.411734 0.125092 0.019513 0.00114579
11 0.690535 0.313993 0.0897725 0.0219948 0.00112808
11 0.57682 0.294636 0.117618 0.0140064 0.00108761
11 0.700653 0.312057 0.0882573 0.0255264 0.00102729
2 0.285528 0.0683702 0.465967 0.13674 0.0010161
