9 0.627276 0.288799 0.31636 0.212281 0.918667
0 0.751429 0.524017 0.228083 0.579903 0.882024
7 0.378048 0.205422 0.149024 0.0614538 0.0601646
11 0.672342 0.321409 0.176938 0.144214 0.0116803
7 0.376378 0.2162 0.150409 0.0400161 0.0107051
0 0.785275 0.457544 0.169889 0.456644 0.00677946
9 0.915101 0.653967 0.169798 0.249053 0.00553164
7 0.35279 0.199045 0.0722398 0.0759437 0.00539733
7 0.340048 0.198218 0.0583114 0.0737672 0.0036828
7 0.624691 0.249669 0.240439 0.0960402 0.00295199
7 0.387121 0.220359 0.129916 0.034822 0.00228104
6 0.659769 0.324845 0.2107 0.133706 0.00103573
