3 0.807888 0.671588 0.200042 0.184641 0.923133
3 0.172721 0.672162 0.183485 0.194035 0.0412096
11 0.33478 0.522522 0.0546151 0.0365842 0.014275
11 0.498225 0.598583 0.0745089 0.0659261 0.00260421
10 0.583735 0.541317 0.16656 0.0426156 0.00179343
11 0.637392 0.546487 0.0955957 0.0256813 0.00149604
3 0.64521 0.520395 0.24424 0.041375 0.00128757
3 0.0895495 0.502833 0.179099 0.526972 0.00127443
11 0.641973 0.549056 0.114572 0.0448809 0.00121528
11 0.448665 0.579002 0.0525567 0.0857577 0.00107075
11 0.627166 0.543466 0.0944061 0.020655 0.00102236
11 0.453139 0.565936 0.054126 0.0672911 0.00100327
