5 0.120297 0.727181 0.160351 0.306916 0.949312
5 0.621829 0.593084 0.1594 0.350554 0.856656
2 0.731237 0.510015 0.308988 0.452331 0.832978
2 0.19278 0.706369 0.254127 0.217792 0.832
5 0.643248 0.579832 0.11187 0.314147 0.522247
2 0.202317 0.723964 0.239889 0.161382 0.0431041
2 0.184322 0.71298 0.302355 0.261998 0.0238361
2 0.19238 0.749535 0.26143 0.317141 0.00920178
5 0.0989917 0.723761 0.102932 0.271114 0.00889312
1 0.600682 0.613367 0.0761266 0.239548 0.00491313
1 0.0867928 0.714606 0.0631403 0.242558 0.00311998
5 0.66519 0.536468 0.138168 0.232839 0.00250223
3 0.0851976 0.740241 0.069077 0.275768 0.00211545
1 0.0863058 0.738082 0.0921196 0.290552 0.0018132
11 0.471119 0.287601 0.0429892 0.0786576 0.00122106
1 0.648464 0.562271 0.10696 0.280929 0.00121504
11 0.475519 0.280115 0.0441939 0.0665195 0.0011577
