3 0.759871 0.573763 0.0599709 0.127166 0.817753
3 0.801828 0.575994 0.0413984 0.0876014 0.267041
3 0.45079 0.545885 0.0414379 0.11533 0.152505
11 0.331749 0.402688 0.0358374 0.0385943 0.055869
11 0.347099 0.463735 0.0238431 0.0400565 0.032665
11 0.334556 0.407964 0.0315101 0.0351088 0.0318786
11 0.339985 0.404637 0.0321737 0.0379107 0.0308419
11 0.367196 0.395431 0.0301312 0.033932 0.0278658
11 0.325886 0.525706 0.0263747 0.035986 0.0274974
11 0.346695 0.453637 0.0227917 0.0366814 0.0273767
11 0.32486 0.533051 0.0266516 0.0423977 0.0228567
11 0.334847 0.396783 0.0328479 0.0304613 0.0227427
11 0.345994 0.474443 0.0279558 0.0366869 0.0217631
11 0.372669 0.400983 0.0285263 0.0366096 0.0217087
11 0.320026 0.534508 0.0261783 0.0425336 0.0214336
3 0.846777 0.600787 0.0459137 0.0402286 0.0205832
11 0.988121 0.424044 0.0226951 0.0350809 0.0199594
11 0.326333 0.396183 0.0357184 0.0250137 0.0199474
11 0.341667 0.485318 0.0259817 0.0390068 0.0193657
11 0.351384 0.463419 0.0301641 0.0380125 0.0191749
11 0.326285 0.403704 0.0339277 0.0287353 0.0160644
11 0.320448 0.527979 0.0267982 0.0369712 0.0144712
11 0.336321 0.514372 0.0314738 0.0341006 0.0137165
11 0.330152 0.412093 0.0300785 0.0375505 0.0132971
11 0.33064 0.525898 0.0281806 0.035358 0.0132641
11 0.987311 0.429597 0.0253785 0.0436312 0.0132005
11 0.310242 0.395221 0.0374891 0.025306 0.0129152
11 0.377242 0.401588 0.0270111 0.038266 0.0124261
11 0.31554 0.40392 0.035524 0.0277775 0.0119787
11 0.340117 0.412106 0.0287904 0.0440422 0.0115878
11 0.352251 0.454115 0.0273112 0.033162 0.0110783
11 0.315655 0.535106 0.0259014 0.0382817 0.0109217
11 0.347431 0.443578 0.0241351 0.0378444 0.010747
11 0.986307 0.500176 0.0219113 0.0743067 0.0100217
11 0.335636 0.52351 0.0323811 0.036624 0.00995002
11 0.329983 0.533265 0.0273126 0.0423651 0.00984828
3 0.750259 0.674064 0.0309061 0.0959205 0.00981696
11 0.319996 0.411972 0.0336036 0.0348406 0.00968345
11 0.340953 0.442261 0.030091 0.0413791 0.00965454
11 0.31498 0.413477 0.0339637 0.0341618 0.00958483
11 0.342169 0.475121 0.0262655 0.04148 0.00948558
11 0.325874 0.518048 0.0287225 0.0410149 0.00927633
11 0.300678 0.394612 0.036933 0.0270438 0.00875274
11 0.320121 0.543087 0.0253009 0.0475634 0.00864476
11 0.340544 0.512446 0.0334137 0.0386091 0.00859795
11 0.306334 0.403482 0.0306857 0.032128 0.00837199
11 0.324443 0.541603 0.026182 0.047581 0.00836469
11 0.340983 0.49298 0.0283248 0.0411057 0.00835124
11 0.366341 0.387619 0.0287598 0.0345424 0.00833753
11 0.310295 0.41364 0.0303167 0.0386086 0.00807073
11 0.328626 0.408256 0.037062 0.0384727 0.00802532
11 0.335318 0.423718 0.0298549 0.0434944 0.00783124
11 0.340838 0.502624 0.0336372 0.0400984 0.00773191
11 0.342943 0.465445 0.0259172 0.0418005 0.00757525
11 0.341463 0.452525 0.028491 0.0431101 0.00756916
11 0.362837 0.402546 0.0322323 0.0330393 0.00711591
11 0.331433 0.517174 0.0281914 0.0348001 0.00694817
11 0.316172 0.543505 0.0255526 0.0423407 0.0068297
11 0.340611 0.433718 0.0299024 0.0416246 0.00668351
11 0.732331 0.772438 0.0216316 0.0664351 0.00644508
11 0.357537 0.59982 0.0281844 0.0472457 0.00640972
11 0.32969 0.54101 0.0260468 0.0506325 0.00628684
11 0.351261 0.482363 0.0360242 0.0379666 0.00604926
11 0.345086 0.405398 0.0307994 0.0356988 0.00598076
11 0.315061 0.424733 0.031691 0.0385205 0.00591714
11 0.339542 0.397737 0.0332166 0.0334886 0.00587522
11 0.311598 0.544763 0.0286726 0.038679 0.00566548
11 0.334967 0.433677 0.02965 0.0421633 0.00564486
11 0.310048 0.424135 0.0275352 0.0457745 0.00542698
11 0.310561 0.536815 0.0286328 0.0347971 0.00527034
11 0.335483 0.441656 0.0321396 0.0409806 0.00525977
11 0.339785 0.422651 0.0287903 0.0492782 0.00525344
11 0.343285 0.413897 0.0256739 0.0368583 0.00522186
11 0.356594 0.464844 0.0394623 0.0314409 0.00521667
11 0.352049 0.445694 0.0263964 0.0357606 0.00505563
11 0.356259 0.473621 0.0431097 0.0327029 0.00486836
11 0.326276 0.440599 0.0311008 0.042869 0.00484668
11 0.345678 0.435254 0.0267426 0.0401356 0.00478573
11 0.320123 0.425302 0.030847 0.0425084 0.00476956
11 0.362153 0.387748 0.0261609 0.0380523 0.00470962
11 0.980718 0.43216 0.0385649 0.0379138 0.00470845
3 0.773381 0.574543 0.0844652 0.110741 0.00466357
11 0.315249 0.528897 0.0277712 0.0389105 0.00461873
11 0.336705 0.504785 0.030427 0.0328883 0.00451677
11 0.318944 0.519007 0.0322488 0.0399568 0.00450017
11 0.736248 0.772146 0.0214787 0.068946 0.00449191
11 0.340219 0.524077 0.0314452 0.0422166 0.00448336
11 0.334817 0.534045 0.0295559 0.0472718 0.0044607
11 0.315696 0.433195 0.0301896 0.0427977 0.00437134
11 0.309937 0.386818 0.0390929 0.0247005 0.00434133
11 0.267932 0.395067 0.0437783 0.024399 0.00412816
11 0.267057 0.404202 0.0412462 0.0329014 0.00410546
11 0.325229 0.425438 0.0287209 0.0469853 0.00387669
11 0.356885 0.395727 0.0352588 0.0330051 0.00387335
11 0.72887 0.770432 0.0188453 0.0563788 0.00379877
11 0.362557 0.602152 0.0289609 0.0471836 0.00378572
11 0.30535 0.422765 0.0266633 0.0460022 0.00376816
11 0.324691 0.55076 0.0268415 0.0485536 0.00371628
11 0.320382 0.439023 0.0328326 0.0473093 0.00369684
11 0.304988 0.544973 0.0320534 0.0379709 0.0036453
11 0.988048 0.49194 0.0201196 0.0578573 0.00362576
11 0.350773 0.493512 0.0368122 0.040567 0.00362223
11 0.278532 0.394504 0.0410363 0.0258741 0.00361918
11 0.311497 0.552506 0.0251787 0.0466273 0.00359342
11 0.981867 0.426586 0.0362662 0.0315029 0.0035907
11 0.98238 0.49203 0.0266771 0.051076 0.0035472
3 0.775916 0.815305 0.0213073 0.0517234 0.00345884
11 0.31576 0.551289 0.0247032 0.047156 0.0034188
11 0.732069 0.757241 0.0210403 0.053566 0.00334921
11 0.299463 0.387144 0.0385063 0.0260793 0.0033425
11 0.728647 0.760919 0.0197275 0.0525732 0.0032874
11 0.356416 0.402891 0.0377943 0.0350078 0.0032176
11 0.33035 0.424381 0.0281945 0.0449798 0.00309094
11 0.356975 0.446351 0.0332713 0.0322561 0.00308336
11 0.309921 0.52952 0.0301753 0.039526 0.00306997
11 0.325471 0.433838 0.0281219 0.0438487 0.00298213
11 0.32187 0.40895 0.0427682 0.0403215 0.00292244
11 0.332013 0.5062 0.0281075 0.0373819 0.00291588
11 0.367332 0.400577 0.0272352 0.0371242 0.00284949
11 0.965431 0.445243 0.0356366 0.0384001 0.00281905
11 0.305261 0.55214 0.0286961 0.0487285 0.0028083
11 0.300702 0.403745 0.0332608 0.0332649 0.00275472
11 0.311099 0.560784 0.0218797 0.0509879 0.0026467
11 0.313635 0.519539 0.0334658 0.0464005 0.00264519
11 0.319529 0.402026 0.0485183 0.0357959 0.00261421
11 0.311373 0.438238 0.0277581 0.0473414 0.00257939
11 0.736615 0.756836 0.023769 0.0557119 0.00257347
11 0.350801 0.404868 0.0345151 0.0338596 0.00251948
10 0.356334 0.450671 0.0336382 0.0236588 0.00249592
11 0.300078 0.414319 0.0317287 0.038647 0.00247303
11 0.38049 0.401538 0.027959 0.0443613 0.00242854
11 0.30448 0.537377 0.0339271 0.0346228 0.00239729
11 0.345255 0.397784 0.0327956 0.0326064 0.002382
11 0.305852 0.430805 0.0253364 0.0491634 0.00237025
11 0.288986 0.393806 0.0391301 0.0270122 0.00236743
11 0.383919 0.470949 0.0247828 0.0253489 0.00234433
11 0.338075 0.477154 0.0264165 0.0379468 0.00233685
11 0.774182 0.371122 0.02898 0.0285045 0.00233504
11 0.966385 0.455123 0.0293522 0.0439976 0.00233253
11 0.334303 0.541796 0.0263702 0.0562961 0.00232141
11 0.305554 0.562025 0.0274784 0.0502509 0.00230004
11 0.351754 0.602339 0.02763 0.0523324 0.002225
11 0.748144 0.372894 0.0322708 0.0370921 0.00220611
11 0.262974 0.413908 0.0399686 0.0398098 0.00218007
11 0.378438 0.468563 0.0268344 0.0194586 0.00217752
11 0.756879 0.368338 0.0422424 0.0302376 0.00217558
10 0.366792 0.44874 0.038572 0.0227951 0.00215096
11 0.736584 0.78307 0.0206526 0.0635924 0.00214751
11 0.985805 0.43016 0.0257568 0.0282665 0.00212251
11 0.373264 0.414005 0.0294419 0.0303858 0.00211844
11 0.345185 0.511868 0.0345726 0.045545 0.00211706
11 0.986996 0.434927 0.025431 0.0644381 0.00210852
3 0.846639 0.610675 0.0453699 0.0560157 0.00210426
11 0.975404 0.686559 0.0378494 0.036463 0.0020918
11 0.340038 0.534817 0.0282122 0.0512182 0.00208569
11 0.355625 0.400645 0.0261464 0.0361569 0.00206588
11 0.982683 0.485044 0.0288664 0.0433243 0.00203758
11 0.990948 0.501784 0.0174376 0.0760183 0.0020317
11 0.990271 0.419496 0.0194576 0.0410238 0.00203128
11 0.350821 0.396823 0.0345297 0.0321367 0.00201157
11 0.272859 0.443993 0.0425583 0.030763 0.00200628
11 0.349724 0.501194 0.0369066 0.0455188 0.00199883
11 0.360905 0.455079 0.0422559 0.0310859 0.00199115
11 0.729141 0.781338 0.0212806 0.0482021 0.00196996
11 0.367687 0.414274 0.0319993 0.0250021 0.00195981
11 0.302801 0.51591 0.0406449 0.0492314 0.00194021
11 0.299231 0.544365 0.034673 0.0389091 0.00193596
11 0.748003 0.670251 0.0214526 0.0683375 0.00193254
11 0.336044 0.452238 0.0300905 0.0443003 0.00193003
11 0.733089 0.783984 0.0218395 0.0613595 0.00190276
11 0.0918938 0.432542 0.0273943 0.0391402 0.00183652
11 0.821167 0.382222 0.0264527 0.042125 0.00183282
11 0.970731 0.456125 0.0360425 0.03719 0.00179873
11 0.306328 0.43816 0.0272988 0.0482039 0.001795
11 0.345017 0.46539 0.0241059 0.0235326 0.00179229
11 0.272863 0.386443 0.041537 0.0241723 0.00179112
11 0.774188 0.383033 0.0261561 0.0325196 0.00178824
11 0.303456 0.528716 0.0347799 0.0403113 0.00178772
11 0.0917733 0.424631 0.0259368 0.0363283 0.00177908
11 0.28856 0.386322 0.041826 0.0244526 0.00176898
11 0.25781 0.404561 0.0388828 0.0333533 0.00176786
11 0.32039 0.386727 0.0359861 0.0239807 0.00176481
11 0.751147 0.671627 0.0232725 0.0746568 0.00176334
11 0.743506 0.668044 0.019567 0.0613683 0.00175302
11 0.355571 0.587666 0.0301261 0.0480036 0.00172923
11 0.979795 0.441709 0.0392725 0.0507562 0.00171582
11 0.326087 0.508379 0.0329 0.0418002 0.00171542
11 0.350421 0.438026 0.024803 0.0414112 0.00170865
11 0.375557 0.39071 0.0278795 0.0386857 0.00170811
11 0.353922 0.503103 0.034509 0.0544196 0.0016895
11 0.313563 0.538417 0.0279227 0.0494593 0.0016856
11 0.740646 0.782955 0.0208432 0.0594133 0.00164205
11 0.976105 0.434104 0.0448124 0.0297073 0.00163232
11 0.319864 0.560215 0.0298036 0.0484522 0.00160856
11 0.752478 0.365928 0.0406624 0.0252936 0.00160372
11 0.773801 0.390172 0.0271759 0.0448206 0.00158446
11 0.768695 0.391268 0.0277487 0.0485063 0.00154197
11 0.970527 0.465419 0.0345649 0.0374481 0.00153674
4 0.367366 0.672034 0.0465175 0.0504726 0.00148646
11 0.343854 0.53157 0.0272046 0.059939 0.00147284
11 0.779436 0.383388 0.0306288 0.0361555 0.001465
11 0.336726 0.465245 0.0298881 0.0465842 0.00146304
11 0.294842 0.403238 0.0360317 0.0358178 0.00145797
11 0.345137 0.42518 0.0252387 0.048235 0.00143939
11 0.267045 0.424899 0.0436121 0.0437045 0.00143082
11 0.766931 0.753013 0.0277951 0.07731 0.00142857
11 0.765318 0.381231 0.0315143 0.0379782 0.00142765
11 0.961426 0.453983 0.0272735 0.0497929 0.00141987
11 0.351433 0.585635 0.0276478 0.0481427 0.00141781
11 0.367551 0.406798 0.0320137 0.0424472 0.00141658
11 0.315845 0.560935 0.027231 0.0428941 0.00141646
11 0.32993 0.559232 0.0238578 0.0637287 0.0014024
11 0.33106 0.449068 0.0327359 0.0474893 0.00138961
3 0.0620964 0.768712 0.0467182 0.112299 0.00138701
11 0.356193 0.387143 0.0297708 0.0398531 0.00135164
11 0.300007 0.423804 0.0327241 0.0372916 0.00135107
11 0.976153 0.426586 0.0422021 0.027418 0.00134883
11 0.731553 0.748417 0.0210558 0.0583999 0.00133089
11 0.324715 0.560086 0.0265997 0.0562144 0.00132922
11 0.315143 0.645067 0.0248414 0.0437794 0.00132846
11 0.366231 0.596467 0.0339326 0.0383651 0.0012986
11 0.313555 0.550509 0.0265965 0.0608669 0.00129693
10 0.348243 0.59691 0.0376921 0.0557071 0.0012963
11 0.267438 0.435929 0.0429175 0.0369294 0.00128643
11 0.298721 0.552322 0.0344087 0.050415 0.00128396
11 0.272508 0.426037 0.0418052 0.0384115 0.00128029
3 0.373149 0.603992 0.0457214 0.0640887 0.00127478
11 0.272233 0.413517 0.0419767 0.0436051 0.00126991
11 0.355411 0.510543 0.032231 0.0518679 0.00126766
11 0.836533 0.80465 0.0239039 0.0404135 0.00126273
11 0.277348 0.403764 0.0415756 0.0347368 0.00125033
11 0.345932 0.450968 0.0254342 0.0278564 0.00124371
11 0.329619 0.387917 0.033111 0.028171 0.00123041
11 0.76407 0.368771 0.0371793 0.0283244 0.00122376
11 0.272765 0.436023 0.0431109 0.0325881 0.0011903
11 0.723651 0.767316 0.0212933 0.060434 0.00118645
11 0.283143 0.443629 0.0321925 0.0330557 0.00118561
11 0.981622 0.420286 0.0343674 0.0361268 0.00117708
11 0.961485 0.460826 0.0303231 0.0556381 0.00117384
11 0.350688 0.413932 0.0300463 0.0402984 0.00117146
11 0.258044 0.396591 0.0408612 0.0272273 0.00114475
11 0.322277 0.525067 0.0307577 0.0482469 0.00114374
11 0.758332 0.374363 0.0398254 0.0275785 0.00113889
11 0.789626 0.384527 0.0433734 0.0318132 0.0011378
11 0.965838 0.435735 0.0400817 0.0276828 0.00112929
11 0.779172 0.39086 0.0322962 0.042473 0.00111435
11 0.334376 0.389044 0.0306946 0.0317396 0.00111393
11 0.313044 0.400073 0.0514529 0.0374489 0.00110329
11 0.987651 0.511921 0.0219625 0.106063 0.00109945
11 0.727604 0.746987 0.0201173 0.0586173 0.00109705
3 0.989112 0.493587 0.0190207 0.0682675 0.00108738
11 0.308089 0.506729 0.0383003 0.0473663 0.00108122
10 0.375484 0.448662 0.0312151 0.0257361 0.00107008
11 0.308482 0.624825 0.0302747 0.0563576 0.00106864
11 0.310361 0.572026 0.0225702 0.0541574 0.00105689
4 0.359958 0.684524 0.0361769 0.059177 0.00105452
4 0.367187 0.688589 0.0424499 0.0629236 0.00105291
11 0.0867767 0.424576 0.0273596 0.0384668 0.0010478
11 0.0874161 0.43211 0.0268414 0.0336227 0.00104277
11 0.319136 0.509783 0.0397256 0.0450181 0.00104103
11 0.333213 0.495325 0.0294114 0.0383458 0.00103355
11 0.98208 0.477794 0.0326954 0.0384267 0.00103071
11 0.332522 0.54994 0.0277894 0.0626441 0.00102467
11 0.362631 0.518603 0.0205891 0.0577733 0.00102126
11 0.739808 0.790924 0.0217618 0.0472157 0.00102075
11 0.32207 0.425138 0.0395755 0.0570577 0.00101713
11 0.767378 0.73653 0.0236763 0.0476032 0.00101618
11 0.988817 0.42964 0.0223658 0.0334622 0.0010084
11 0.340151 0.562024 0.03058 0.0553946 0.00100269
11 0.309504 0.644745 0.0343131 0.0352004 0.00100262
11 0.755237 0.673321 0.0246097 0.0734528 0.00100027
