11 0.252575 0.68078 0.0328086 0.0451133 0.259619
10 0.327455 0.655761 0.0449344 0.0640707 0.0779867
11 0.133574 0.524092 0.0327348 0.0482541 0.0307797
11 0.178357 0.523452 0.0554616 0.0491638 0.0208437
11 0.694822 0.440417 0.0418656 0.0248612 0.0190129
11 0.254664 0.670146 0.0313813 0.0566497 0.0174461
11 0.209726 0.589554 0.0536358 0.0224421 0.0142539
11 0.624713 0.482846 0.059239 0.0304072 0.0112781
11 0.153777 0.488241 0.0463518 0.0417652 0.00913806
11 0.699825 0.440556 0.0466245 0.0212413 0.0091254
3 0.123918 0.575149 0.021526 0.106266 0.00889044
11 0.136349 0.507132 0.0291683 0.0705197 0.0087296
11 0.381339 0.626965 0.0505691 0.0181372 0.00807754
11 0.252509 0.680961 0.0229328 0.0351853 0.00778467
11 0.630411 0.479427 0.0469379 0.0256189 0.00774499
11 0.141217 0.511849 0.0390841 0.0643517 0.00757463
11 0.704028 0.441853 0.0614713 0.0298718 0.00635564
11 0.840528 0.376775 0.047582 0.021694 0.00614911
11 0.841004 0.372773 0.0486123 0.0208878 0.00604161
11 0.25646 0.681474 0.022454 0.0359201 0.00559221
11 0.68907 0.436559 0.0387155 0.0270664 0.00468302
11 0.214774 0.58665 0.0574368 0.0290578 0.00458348
11 0.161019 0.486667 0.0521721 0.0405685 0.00427414
11 0.188601 0.520006 0.0389525 0.0346741 0.00421874
11 0.148365 0.559579 0.0513984 0.0647148 0.00418246
11 0.0902464 0.513876 0.0330052 0.0577104 0.0041167
11 0.249036 0.680735 0.024066 0.0301713 0.00405539
11 0.636678 0.482691 0.0466363 0.027612 0.00401399
11 0.552837 0.421413 0.0482949 0.0521482 0.00398197
11 0.684078 0.588858 0.0324535 0.0291793 0.00388057
11 0.205923 0.587171 0.0447395 0.0225124 0.00383384
11 0.136071 0.562339 0.032856 0.085349 0.00375689
11 0.709277 0.44143 0.0567335 0.0200305 0.00371681
11 0.371019 0.625904 0.0492573 0.0190519 0.00367072
11 0.105927 0.518853 0.062618 0.0494191 0.00352158
11 0.690478 0.44314 0.040408 0.0294619 0.00330656
11 0.699279 0.437087 0.0427065 0.0218001 0.00314844
11 0.830132 0.377503 0.0426442 0.021962 0.00307746
11 0.18211 0.521767 0.0526857 0.031956 0.00299122
11 0.840038 0.40337 0.0448672 0.0243026 0.00298583
11 0.678863 0.589971 0.0356869 0.0279909 0.00288788
11 0.830784 0.372876 0.039128 0.0240466 0.0026303
11 0.390684 0.627005 0.0546758 0.0179601 0.0025149
11 0.824722 0.384699 0.0531713 0.021319 0.00251055
11 0.137977 0.519727 0.0390674 0.0595855 0.00245469
3 0.287707 0.7219 0.0401521 0.0489079 0.00241183
11 0.192835 0.515298 0.0368123 0.0300052 0.00230127
11 0.835015 0.367327 0.0405988 0.0208383 0.00225374
11 0.55407 0.414246 0.0388078 0.0253696 0.00223071
11 0.553889 0.409468 0.04098 0.0268237 0.00216972
11 0.289656 0.719829 0.0407677 0.0467934 0.00214784
11 0.24841 0.677933 0.0441607 0.047048 0.00206323
10 0.313985 0.654747 0.0640443 0.0590932 0.00205847
11 0.558992 0.41453 0.0354913 0.030772 0.00204023
11 0.261043 0.686156 0.0354874 0.0309729 0.00202727
11 0.684938 0.439989 0.0412924 0.0251176 0.00195591
11 0.125331 0.524341 0.0465503 0.0479057 0.00193607
11 0.392072 0.632189 0.0512002 0.0198902 0.0018695
11 0.824537 0.396715 0.0561765 0.0215907 0.00185065
11 0.132688 0.509395 0.0222218 0.0591794 0.00184288
11 0.71925 0.441761 0.0556472 0.0202031 0.00178476
11 0.839216 0.39862 0.0434211 0.0251233 0.00166079
11 0.25713 0.676118 0.0213408 0.049376 0.00161891
11 0.642672 0.479728 0.0532889 0.0247731 0.00158811
11 0.710973 0.445495 0.0570189 0.0245677 0.00158745
11 0.795207 0.40535 0.0775259 0.0405364 0.00156164
11 0.136842 0.507293 0.0218074 0.0567258 0.00155941
11 0.134711 0.540851 0.0276547 0.0672869 0.00154681
11 0.688278 0.477097 0.0538921 0.025678 0.00152928
11 0.640585 0.485449 0.060336 0.0357475 0.00151848
11 0.834551 0.39153 0.0433796 0.0243633 0.00151722
11 0.819137 0.391504 0.0624316 0.0201967 0.00148023
11 0.840688 0.38268 0.0475414 0.0254964 0.00147764
11 0.375846 0.622087 0.0465228 0.0185175 0.00146116
11 0.825452 0.373079 0.0395327 0.0270115 0.00145771
11 0.835176 0.383499 0.0467752 0.0222004 0.00145485
11 0.84668 0.368139 0.052153 0.0208924 0.00143514
11 0.146364 0.492959 0.0427464 0.0473911 0.00139487
11 0.282672 0.609138 0.0394478 0.017957 0.00139038
11 0.278693 0.613988 0.0379975 0.0184201 0.00138426
11 0.38274 0.630136 0.0529738 0.0217434 0.0013356
11 0.256829 0.688727 0.025311 0.0356868 0.0013339
11 0.1138 0.522962 0.0694539 0.0444322 0.0013016
11 0.220679 0.593448 0.06207 0.0231554 0.00129544
11 0.909569 0.377584 0.0286484 0.0270606 0.00127324
11 0.365548 0.620923 0.0447589 0.017154 0.00126085
11 0.252842 0.667913 0.0216506 0.060404 0.00125926
11 0.290273 0.655101 0.0433663 0.0374243 0.00125475
11 0.62942 0.487811 0.0602229 0.036919 0.00123977
11 0.794056 0.398446 0.0757818 0.0410291 0.00123976
11 0.532194 0.490986 0.0361595 0.0319858 0.00123253
11 0.620332 0.477398 0.0564857 0.0303614 0.00123178
11 0.839852 0.408279 0.044096 0.0297548 0.00122977
11 0.657647 0.365827 0.0374213 0.0239362 0.00122883
11 0.683351 0.594455 0.0315331 0.0336467 0.00122657
11 0.242475 0.677934 0.0272222 0.0331495 0.00122189
11 0.850996 0.373706 0.0600167 0.0208382 0.00118911
11 0.709186 0.43686 0.0540533 0.0204115 0.00118046
11 0.798104 0.422593 0.060798 0.0256071 0.00114973
11 0.720555 0.445924 0.0568371 0.0243024 0.00114778
11 0.563545 0.410647 0.0338825 0.0315905 0.00113768
11 0.093476 0.520021 0.0357201 0.0394777 0.00112572
11 0.808686 0.391459 0.0654591 0.024685 0.00110549
11 0.820152 0.403302 0.061045 0.0259542 0.0011037
11 0.839706 0.391362 0.0447374 0.0282412 0.00108101
11 0.181415 0.516883 0.0480073 0.0295545 0.00106739
11 0.70433 0.448479 0.0594877 0.0327642 0.00106527
11 0.829192 0.403267 0.0536906 0.0234046 0.00106239
11 0.819077 0.3796 0.0622597 0.02027 0.00105553
11 0.625574 0.472945 0.0516243 0.0359103 0.00104774
11 0.851703 0.409172 0.0552823 0.0288148 0.00102749
11 0.61032 0.562913 0.0326468 0.0351601 0.00101865
11 0.140807 0.493169 0.0362335 0.0519348 0.00101738
11 0.851529 0.378913 0.0569995 0.0206662 0.00101392
3 0.284402 0.727694 0.0427175 0.0506179 0.00101128
11 0.266996 0.65177 0.0393769 0.0223194 0.00100927
