9 0.520516 0.700994 0.316045 0.216545 0.92261
6 0.496314 0.777882 0.491363 0.182251 0.609907
0 0.580949 0.80313 0.688438 0.109009 0.569149
0 0.266115 0.809326 0.18648 0.101712 0.450884
0 0.530821 0.785736 0.603186 0.177282 0.370453
6 0.492391 0.761127 0.394582 0.215102 0.34109
0 0.35908 0.793117 0.376476 0.135995 0.08298
7 0.534352 0.724426 0.282468 0.11817 0.0733174
0 0.452604 0.790391 0.562526 0.147364 0.0702836
7 0.523728 0.741584 0.319543 0.265701 0.0593311
7 0.58144 0.707012 0.164779 0.0900679 0.0426338
0 0.670649 0.803417 0.515821 0.102866 0.0386109
7 0.600861 0.708928 0.13512 0.103725 0.0275825
6 0.471037 0.799206 0.433124 0.133839 0.0151127
0 0.308539 0.788107 0.275624 0.15222 0.0109905
9 0.583398 0.765066 0.676749 0.169848 0.00925143
0 0.581934 0.843866 0.681775 0.189142 0.00876626
7 0.574466 0.686041 0.185279 0.106523 0.00725147
7 0.515866 0.695939 0.156314 0.0761807 0.00621824
0 0.433022 0.745585 0.554599 0.24668 0.00612324
11 0.579857 0.746924 0.196775 0.198105 0.00576705
7 0.519213 0.677642 0.167764 0.104953 0.00543662
7 0.556923 0.661239 0.234309 0.106106 0.00508723
0 0.4256 0.808642 0.320837 0.0789788 0.00409462
7 0.572811 0.719302 0.197513 0.109298 0.00401466
7 0.537918 0.715089 0.233126 0.102917 0.00395185
6 0.393768 0.812764 0.313892 0.0438995 0.00370117
0 0.425694 0.792282 0.318905 0.0837485 0.0033785
0 0.404666 0.802111 0.320797 0.0454217 0.00336295
0 0.438236 0.783119 0.309485 0.118912 0.002975
7 0.555572 0.680898 0.251594 0.104716 0.00296547
7 0.583476 0.745019 0.179974 0.161892 0.00278868
6 0.386892 0.82017 0.28483 0.0519522 0.00268133
6 0.496661 0.730601 0.292634 0.1296 0.00248018
0 0.404953 0.811215 0.322592 0.0481211 0.00229346
6 0.43798 0.808991 0.309881 0.106128 0.00216789
7 0.583964 0.697455 0.0554643 0.0556254 0.00216173
7 0.589678 0.696759 0.0506709 0.0465781 0.00185485
6 0.411014 0.790919 0.368453 0.128373 0.00184525
6 0.38537 0.835832 0.299405 0.0678379 0.00183125
7 0.590779 0.701497 0.0441754 0.0599961 0.00182233
7 0.528773 0.707639 0.174409 0.0878773 0.00170673
6 0.406114 0.82593 0.319965 0.0702475 0.00157617
0 0.48599 0.765327 0.297634 0.126435 0.0014204
9 0.568365 0.704322 0.224739 0.245743 0.0012592
7 0.49345 0.641381 0.142434 0.100341 0.00124176
6 0.525534 0.747435 0.318434 0.261085 0.00115614
6 0.509577 0.749179 0.301754 0.12552 0.00101624
