3 0.447068 0.816207 0.0336193 0.0743164 0.14641
11 0.118429 0.609731 0.0222794 0.0455334 0.0863217
11 0.0535939 0.675566 0.0306182 0.0408605 0.0697368
11 0.0442174 0.546011 0.018197 0.0518818 0.0656516
11 0.0485192 0.669871 0.021167 0.0457396 0.0615029
11 0.648299 0.50702 0.0585119 0.0702659 0.0547737
10 0.634486 0.488153 0.0618862 0.0527834 0.0525749
11 0.834752 0.323561 0.0366879 0.0388944 0.0395341
11 0.849123 0.327391 0.0331968 0.0436178 0.0367817
11 0.0462276 0.670435 0.0203275 0.057051 0.031679
11 0.824352 0.321598 0.0431954 0.0378035 0.0277719
11 0.0402019 0.546101 0.0193874 0.0546117 0.0256703
11 0.0434094 0.54032 0.0220239 0.0428145 0.0250472
11 0.116869 0.622566 0.0214546 0.0573249 0.0244973
11 0.111944 0.609624 0.0323838 0.0436103 0.0215815
10 0.601933 0.503161 0.0545351 0.0406467 0.0211486
11 0.122049 0.610221 0.0212335 0.0498833 0.0205165
11 0.112265 0.615974 0.027806 0.0506047 0.0204514
11 0.0447598 0.555192 0.0221746 0.0704262 0.0201134
11 0.0450462 0.664132 0.01672 0.0512684 0.0181592
11 0.118202 0.596993 0.0210282 0.0425554 0.0176379
11 0.0482844 0.547022 0.0204903 0.052913 0.0167139
11 0.0536042 0.667117 0.031886 0.0383454 0.016387
11 0.0483475 0.652715 0.0231095 0.0380102 0.0163513
11 0.0640943 0.698196 0.033432 0.0342363 0.0150433
11 0.0539558 0.731543 0.019335 0.0467153 0.0150275
11 0.845884 0.408654 0.0360164 0.0716774 0.014199
11 0.057834 0.671764 0.0391765 0.0371582 0.0140123
1 0.622814 0.490822 0.0908744 0.0649111 0.0135285
11 0.11197 0.603247 0.0371462 0.0393932 0.0134312
11 0.0587365 0.73363 0.0226856 0.0397872 0.0133306
11 0.0444352 0.55966 0.0164074 0.0699065 0.0131678
11 0.109374 0.788543 0.0668148 0.0274313 0.0130429
11 0.0524716 0.651188 0.0323195 0.0339184 0.0130058
11 0.0582005 0.69745 0.0268702 0.0396329 0.0127657
11 0.846105 0.355961 0.0343375 0.0292063 0.0127068
11 0.851457 0.362831 0.0354519 0.024888 0.0126644
11 0.85652 0.394622 0.0216526 0.0410026 0.0121421
11 0.851639 0.35608 0.034203 0.0256003 0.0120678
11 0.844462 0.324 0.0390431 0.0349344 0.0119677
11 0.0639469 0.697328 0.0445522 0.0430101 0.0119669
11 0.0475729 0.659467 0.0209548 0.0420627 0.0118956
11 0.856009 0.370435 0.0334559 0.0275744 0.0117741
11 0.845988 0.371758 0.0316209 0.0266401 0.0115016
11 0.0583596 0.679644 0.0375899 0.0370056 0.0112847
3 0.62144 0.490139 0.0943695 0.0644578 0.0111639
11 0.121199 0.622955 0.0202251 0.064894 0.0110615
10 0.622007 0.490522 0.0828479 0.0523119 0.0110423
11 0.0535898 0.672102 0.0343094 0.0583349 0.010692
11 0.855093 0.400471 0.0295588 0.064525 0.0102532
11 0.0904409 0.794054 0.0640973 0.0310472 0.0101212
11 0.0530673 0.64374 0.0306981 0.0354208 0.0101027
11 0.0547191 0.693487 0.0324825 0.0511797 0.00996208
11 0.0534729 0.68767 0.0273673 0.0414078 0.00975665
11 0.0523595 0.660036 0.0320998 0.0390849 0.00937884
11 0.0697461 0.70403 0.0364054 0.0291436 0.00923674
11 0.85094 0.333517 0.029846 0.0354818 0.00907926
11 0.850623 0.388516 0.0309677 0.036413 0.00906372
11 0.117639 0.589124 0.0236488 0.0439913 0.00903645
11 0.0710225 0.702222 0.0473921 0.0454792 0.0087762
10 0.644581 0.501381 0.0556734 0.0643142 0.00872374
11 0.0585062 0.74173 0.0234544 0.0423779 0.00868397
11 0.861158 0.394567 0.0230782 0.0432227 0.00867963
11 0.0588328 0.689047 0.0312651 0.0358776 0.00864079
11 0.851129 0.348655 0.0295151 0.0317132 0.00859901
11 0.0490224 0.644842 0.023862 0.0385874 0.00851603
10 0.101409 0.49312 0.0490937 0.0318676 0.00849818
11 0.856091 0.388754 0.0257855 0.0395371 0.00849418
11 0.0689935 0.697417 0.0393359 0.0277165 0.00833687
11 0.844834 0.331982 0.0331163 0.0395706 0.0082291
11 0.0497991 0.700946 0.0166906 0.0519365 0.00820345
11 0.0443199 0.651713 0.0178708 0.0425871 0.00817527
11 0.861338 0.363172 0.0303957 0.0299562 0.00804744
11 0.112404 0.621893 0.0236132 0.0563306 0.00800443
11 0.0517402 0.663128 0.0315229 0.055036 0.00793827
11 0.111374 0.595612 0.0403395 0.0407563 0.00791538
11 0.0891438 0.494777 0.0575486 0.0355407 0.00787461
11 0.049449 0.684757 0.0185367 0.0541729 0.00772749
11 0.07306 0.709009 0.0435535 0.0434539 0.00758215
11 0.855679 0.401388 0.0252639 0.0446804 0.0075652
11 0.846462 0.339745 0.0309747 0.0355735 0.00752553
11 0.845344 0.380191 0.0292299 0.0281963 0.00745814
11 0.0534534 0.70389 0.0200728 0.0517657 0.00740679
11 0.844834 0.317894 0.0455984 0.0282201 0.00730184
11 0.839293 0.409869 0.0369034 0.0739574 0.0071056
10 0.596931 0.516329 0.0482399 0.0391762 0.00710239
11 0.860793 0.370312 0.0287237 0.0334524 0.00690454
11 0.861181 0.35664 0.0317134 0.0255634 0.00680789
11 0.122005 0.596931 0.0212508 0.0481413 0.00679557
11 0.861256 0.38758 0.0248814 0.04306 0.00677622
11 0.0480133 0.537844 0.0245661 0.0345101 0.00677133
11 0.0521501 0.54237 0.0279478 0.0401577 0.0067304
11 0.850881 0.400957 0.0280121 0.0455722 0.00667173
11 0.101133 0.791172 0.0736948 0.0308329 0.00656344
11 0.0851232 0.633185 0.0344432 0.0426311 0.00656161
11 0.845364 0.395344 0.0284106 0.0416329 0.0065467
11 0.0801389 0.506993 0.0488546 0.0334647 0.00646604
11 0.0639655 0.709748 0.0307169 0.03882 0.00646503
11 0.856261 0.380278 0.029562 0.0334187 0.00644841
11 0.845688 0.388429 0.0283399 0.0345011 0.00634858
11 0.0697179 0.488882 0.0359244 0.0217536 0.00622516
11 0.0451663 0.682813 0.0147636 0.0590655 0.00609114
11 0.851385 0.415288 0.0339069 0.0683572 0.00591089
11 0.0985462 0.493131 0.0494899 0.0354926 0.0059077
11 0.0784671 0.711585 0.0397141 0.0445808 0.00589663
11 0.854446 0.329862 0.0342481 0.042572 0.00589263
11 0.856716 0.348605 0.0321773 0.0253219 0.00576983
11 0.0589026 0.726632 0.0210058 0.0504027 0.00558389
10 0.633397 0.47512 0.0614563 0.0584175 0.00557094
11 0.808421 0.415869 0.0424932 0.0711532 0.00551271
11 0.866157 0.393634 0.0255664 0.0431088 0.00537153
11 0.0749144 0.698294 0.0401802 0.0258963 0.00531424
11 0.0534392 0.637555 0.0290853 0.0380143 0.00525512
11 0.85097 0.380477 0.0313943 0.0316647 0.00523949
11 0.0804539 0.797552 0.039576 0.0251322 0.00503352
11 0.851329 0.340824 0.0279259 0.0370251 0.00497812
11 0.0842776 0.698664 0.0383434 0.0270927 0.00492053
11 0.0541894 0.746459 0.0185664 0.0627361 0.00482748
11 0.659434 0.501993 0.0533957 0.0751077 0.00474545
11 0.053563 0.722447 0.0181217 0.0555546 0.0046561
11 0.0641877 0.742846 0.0229431 0.0401027 0.00460491
11 0.0855578 0.638119 0.0405907 0.0461511 0.00456665
11 0.0411028 0.560666 0.0172722 0.0755358 0.00455533
11 0.0522583 0.536182 0.0316414 0.0314591 0.00452477
11 0.0762019 0.494927 0.0557556 0.0356445 0.00450528
11 0.850381 0.465638 0.0529547 0.0417001 0.004495
11 0.857239 0.391589 0.0304988 0.0570365 0.00448931
11 0.0588059 0.709818 0.0234855 0.0504471 0.00445119
11 0.0501672 0.721549 0.0149534 0.0632281 0.00442273
11 0.861212 0.378953 0.0251401 0.0415496 0.00434542
11 0.057748 0.65139 0.0361797 0.0414586 0.00427271
11 0.074816 0.49426 0.0380122 0.0243769 0.00424711
11 0.0505447 0.737815 0.0159131 0.0614592 0.00417711
11 0.865866 0.393755 0.0269804 0.0588504 0.00416978
11 0.0449168 0.6983 0.0145337 0.0576766 0.00415722
11 0.838171 0.332486 0.0326864 0.0340082 0.00415678
11 0.120053 0.792149 0.0610485 0.0233258 0.00414547
11 0.0491 0.635989 0.0228177 0.0452124 0.00410648
11 0.866192 0.386271 0.0235875 0.0410771 0.0039721
11 0.849482 0.394709 0.0365885 0.0639226 0.00394661
11 0.0742554 0.690594 0.0383567 0.0242163 0.00385864
11 0.0703903 0.710145 0.0360749 0.0314295 0.00383374
11 0.0416458 0.663559 0.0189019 0.0536146 0.00382946
11 0.0688183 0.690675 0.0376395 0.0277772 0.00382898
11 0.855915 0.341343 0.0324885 0.028067 0.00381368
11 0.850283 0.375303 0.0380468 0.042156 0.00381224
11 0.81967 0.315924 0.0349447 0.0287552 0.00378821
11 0.107671 0.622707 0.0287216 0.0522149 0.00368498
11 0.0446662 0.644979 0.0209707 0.0421273 0.00366375
11 0.0400727 0.534744 0.0189663 0.0365403 0.00360627
11 0.106681 0.614978 0.03112 0.0515125 0.00359002
11 0.0531768 0.528827 0.0328567 0.0325812 0.0035876
11 0.866218 0.356634 0.0281184 0.0286318 0.00358676
11 0.10153 0.624362 0.038666 0.0425076 0.00357503
11 0.0578555 0.716389 0.0204932 0.0542147 0.00356461
11 0.794153 0.394983 0.0334479 0.0377756 0.00355093
11 0.0582382 0.754587 0.0218208 0.0594596 0.00351187
11 0.0484578 0.558552 0.0186219 0.0692183 0.00349983
11 0.846447 0.413217 0.023455 0.056372 0.0034857
11 0.0578806 0.660887 0.0376019 0.0413105 0.00341163
11 0.0859666 0.625884 0.0327264 0.0365686 0.00340555
11 0.814587 0.414689 0.0230392 0.0607658 0.00333495
11 0.0359919 0.540331 0.0234885 0.0420574 0.00333199
4 0.602789 0.513785 0.0524157 0.0443031 0.00328788
11 0.648368 0.50013 0.0550752 0.0396066 0.00323937
11 0.809137 0.416288 0.0279769 0.0546005 0.00322699
11 0.0580075 0.642943 0.0357485 0.0402919 0.00320446
11 0.0796566 0.703692 0.0354224 0.0283544 0.00316216
11 0.812735 0.321204 0.0555816 0.0390602 0.00315616
11 0.0447283 0.600366 0.0192546 0.0547573 0.0031454
11 0.845656 0.562766 0.0249937 0.066552 0.00310691
11 0.106229 0.608012 0.0347124 0.0495324 0.0030719
11 0.866986 0.371704 0.0241995 0.0344058 0.00306904
11 0.841117 0.394582 0.0243247 0.0522014 0.00303965
11 0.860144 0.404586 0.0292854 0.0558841 0.00299292
11 0.857395 0.373687 0.0345001 0.0439203 0.00295672
11 0.866358 0.34902 0.0285543 0.0314255 0.0029412
11 0.101118 0.615563 0.0388817 0.0480951 0.00288945
11 0.674191 0.507595 0.0432171 0.0703607 0.00288137
11 0.0633062 0.730889 0.0248939 0.0420001 0.0028759
4 0.0658407 0.747209 0.0241359 0.0701258 0.00280039
11 0.840783 0.371516 0.0337995 0.023784 0.00279319
11 0.114158 0.605259 0.0235832 0.0589316 0.00271406
11 0.0843039 0.704843 0.0357636 0.0322645 0.00269607
11 0.0444142 0.574867 0.0162124 0.0832313 0.00268926
11 0.0509594 0.708784 0.0218736 0.0589138 0.00263808
11 0.864343 0.463258 0.0329463 0.0499193 0.00263378
11 0.86678 0.363829 0.0253614 0.0277787 0.0026215
11 0.701251 0.446637 0.0228472 0.0665625 0.00262039
11 0.0366583 0.547092 0.021606 0.0585055 0.00261282
11 0.648234 0.508969 0.049099 0.0451489 0.00248945
11 0.0637919 0.493808 0.0393083 0.0260037 0.00246636
4 0.0722544 0.746995 0.0283358 0.0693564 0.00243025
11 0.053 0.626127 0.0264549 0.0502264 0.00241345
11 0.558878 0.510147 0.0409838 0.0302618 0.00240968
11 0.85439 0.412597 0.0247244 0.06444 0.00240753
11 0.0442421 0.63501 0.0204021 0.0614193 0.00239253
11 0.116754 0.702395 0.0264536 0.0409135 0.00239097
11 0.871459 0.392908 0.0244292 0.051081 0.00234438
11 0.803701 0.416789 0.0300496 0.0471772 0.00233308
11 0.829231 0.411125 0.0415704 0.0742353 0.00233268
11 0.0544812 0.732777 0.0231816 0.0743505 0.00232971
11 0.842227 0.468366 0.0604687 0.0339348 0.0023169
11 0.0903183 0.798276 0.0410784 0.0219752 0.00231485
11 0.048799 0.624417 0.024039 0.0630432 0.00231127
11 0.0507264 0.536114 0.0261425 0.0417193 0.00229447
4 0.0566813 0.734181 0.023154 0.0686545 0.00224382
11 0.841277 0.386886 0.0298203 0.042675 0.00224334
11 0.789622 0.353418 0.0346446 0.0313634 0.00223435
11 0.558764 0.503561 0.0422342 0.0303722 0.00221739
11 0.841187 0.406068 0.0225499 0.0589966 0.00218556
11 0.0419131 0.673578 0.0184748 0.0602527 0.00218162
11 0.0601115 0.676314 0.0410174 0.0509953 0.00216835
11 0.814149 0.420955 0.0276865 0.0611813 0.00216381
11 0.125862 0.609695 0.0252307 0.0476481 0.0021588
11 0.116381 0.636639 0.0212753 0.0718268 0.00212276
11 0.0501552 0.541857 0.0219877 0.0533205 0.00212252
11 0.81378 0.363875 0.0311957 0.0349782 0.00212142
11 0.0863759 0.502206 0.0537559 0.035209 0.00212136
11 0.875693 0.34931 0.0356806 0.030882 0.00210726
11 0.788254 0.394896 0.0296927 0.0457056 0.00210541
11 0.7945 0.388342 0.031249 0.0416482 0.00210344
11 0.841101 0.396124 0.0385286 0.0716327 0.00208881
11 0.804426 0.409765 0.0308478 0.041697 0.00208443
11 0.679004 0.498923 0.0393656 0.0587864 0.00208389
11 0.11065 0.796996 0.0615798 0.0248868 0.00207351
11 0.0631414 0.721501 0.0278673 0.0436476 0.00206316
11 0.801427 0.410721 0.0476168 0.0636318 0.00206269
11 0.808616 0.363481 0.0300877 0.0413308 0.00206135
11 0.110077 0.792135 0.06062 0.0254872 0.00201019
11 0.868928 0.38631 0.0232498 0.0527266 0.00200435
11 0.793718 0.402291 0.0370452 0.0387656 0.00200257
11 0.830527 0.317611 0.0435378 0.0370757 0.0019898
11 0.872351 0.364456 0.0290869 0.0285904 0.00198534
11 0.111461 0.702067 0.0275075 0.0428493 0.00198505
11 0.110547 0.581363 0.0389648 0.0406531 0.00198136
11 0.871774 0.357505 0.0303684 0.0274044 0.00195043
11 0.866051 0.378302 0.0233571 0.036842 0.00195004
11 0.871698 0.378706 0.025204 0.0389056 0.00192634
11 0.0410716 0.651932 0.0198445 0.0438063 0.00188713
11 0.871867 0.372138 0.0277639 0.0324205 0.00188358
4 0.0656776 0.736906 0.0270541 0.0649985 0.0018605
11 0.0854281 0.646119 0.0447619 0.048338 0.00184599
11 0.0956373 0.62686 0.0391746 0.0352868 0.00184284
11 0.850265 0.413236 0.0243336 0.0627959 0.00182576
11 0.653483 0.508472 0.0488348 0.0528366 0.0018024
11 0.866035 0.342595 0.0305356 0.0288993 0.00180019
11 0.0455635 0.569679 0.0211335 0.0900235 0.00179116
11 0.793513 0.408145 0.0323801 0.0391859 0.00177098
11 0.111146 0.593589 0.0260741 0.0531951 0.00176954
10 0.0577411 0.747242 0.0225986 0.0753434 0.00176901
11 0.108187 0.635785 0.0220276 0.0633948 0.00175173
11 0.85078 0.562223 0.0202228 0.0700069 0.00175015
11 0.0453387 0.707589 0.0149586 0.0644023 0.00173668
11 0.091874 0.62348 0.0429851 0.0676838 0.00173614
11 0.0900999 0.704486 0.0366307 0.0350747 0.00173075
11 0.10162 0.533127 0.0371706 0.0426054 0.00172335
11 0.814094 0.321152 0.0413682 0.0342393 0.00171407
11 0.865319 0.342374 0.034544 0.0384181 0.00170567
11 0.798661 0.355418 0.0369852 0.0272853 0.00170255
11 0.0787171 0.790976 0.0351083 0.0375793 0.00169925
11 0.813692 0.369583 0.0271354 0.047625 0.0016973
11 0.837051 0.392646 0.0253257 0.0539928 0.00169336
11 0.78498 0.353073 0.0311095 0.0401402 0.00168413
11 0.818663 0.376726 0.0301714 0.047361 0.00168341
11 0.875437 0.35643 0.0345445 0.034 0.00167795
11 0.0523477 0.550603 0.0260485 0.0634933 0.00167391
11 0.789067 0.352156 0.0368868 0.0519479 0.00165463
4 0.0743424 0.739161 0.0311353 0.0646619 0.00164904
11 0.0400139 0.601443 0.0188037 0.0627766 0.00164801
11 0.671841 0.484326 0.0325719 0.0614855 0.00164584
11 0.112089 0.636165 0.0206216 0.0679683 0.00164096
11 0.819493 0.420399 0.0290079 0.0649575 0.00163712
11 0.0646306 0.753854 0.0242388 0.0494197 0.00163391
11 0.0536893 0.519689 0.0307246 0.0395146 0.00162849
11 0.079427 0.639346 0.037993 0.0489473 0.00162033
11 0.0352642 0.534492 0.0274496 0.0343933 0.00161842
11 0.126102 0.620696 0.022726 0.064799 0.00161132
10 0.594448 0.528689 0.0445374 0.041584 0.00160964
11 0.0835072 0.692316 0.0374062 0.0304224 0.0015965
11 0.799522 0.379335 0.0305997 0.0445791 0.00158296
11 0.80992 0.402847 0.0244163 0.0448995 0.0015813
11 0.116691 0.696821 0.0222769 0.0478152 0.0015758
11 0.0558774 0.649164 0.019633 0.0549827 0.00156655
11 0.0585867 0.535403 0.0405765 0.0296935 0.00154519
11 0.0803262 0.606664 0.0340833 0.0443958 0.00153884
11 0.0440075 0.658967 0.0232831 0.0549054 0.00153537
11 0.0869813 0.703178 0.0435365 0.0557516 0.00152889
11 0.0693372 0.720321 0.0317305 0.042043 0.00152193
11 0.840337 0.364666 0.0322547 0.0266871 0.00151492
11 0.798968 0.362828 0.0348952 0.0346148 0.00150825
11 0.558553 0.516723 0.039971 0.0351936 0.0015033
11 0.0463412 0.715143 0.0178654 0.0708619 0.00150303
11 0.799902 0.370584 0.0301011 0.0456269 0.00149287
11 0.804337 0.377732 0.030165 0.0465246 0.00149223
11 0.809206 0.315839 0.0423828 0.0280742 0.00148912
11 0.119965 0.79806 0.0636548 0.0235886 0.0014887
11 0.0799204 0.624126 0.0375403 0.0416973 0.00147297
11 0.0819709 0.628023 0.0386012 0.0634293 0.00147026
11 0.814188 0.386501 0.0239455 0.0422719 0.00145729
