0 0.422548 0.489197 0.477885 0.213675 0.9419
9 0.275961 0.484848 0.338831 0.34892 0.887004
0 0.288468 0.444273 0.306644 0.149432 0.178565
6 0.211369 0.579299 0.178829 0.140317 0.012688
11 0.259266 0.567302 0.120029 0.153593 0.00655487
0 0.275107 0.41912 0.272701 0.127769 0.00611901
11 0.226559 0.542529 0.188723 0.236712 0.00609571
0 0.286151 0.463273 0.246154 0.19829 0.00443866
0 0.287422 0.439258 0.319998 0.220856 0.00350319
6 0.316805 0.449362 0.268089 0.131651 0.00314703
8 0.975975 0.539202 0.0429522 0.529562 0.00288585
6 0.212606 0.548855 0.175646 0.201756 0.00270596
7 0.216714 0.571404 0.164894 0.154779 0.00257701
11 0.306599 0.422703 0.222769 0.109187 0.00250042
0 0.304809 0.433992 0.244169 0.119914 0.00206272
0 0.249725 0.432802 0.283583 0.127054 0.00158955
11 0.327707 0.438666 0.200286 0.13002 0.0014284
11 0.316572 0.413761 0.162992 0.122828 0.00116434
6 0.307075 0.459858 0.28307 0.181454 0.00111804
