11 0.652841 0.517696 0.101742 0.133545 0.0858502
11 0.667079 0.527736 0.127607 0.111842 0.0534509
11 0.688597 0.534776 0.179926 0.140631 0.00823885
11 0.691873 0.558878 0.181999 0.105402 0.00456657
11 0.695314 0.541134 0.182583 0.093901 0.00359086
7 0.660346 0.471252 0.0806071 0.0519003 0.001839
5 0.938788 0.551072 0.122425 0.449772 0.00174157
8 0.483701 0.497422 0.447355 0.281656 0.0017318
11 0.639254 0.544192 0.163211 0.0775142 0.00171227
11 0.692737 0.576 0.168524 0.0909733 0.00143913
11 0.91336 0.454003 0.136761 0.172547 0.00103283
11 0.669839 0.540952 0.13606 0.0797771 0.00101893
