10 0.625759 0.531191 0.379753 0.415027 0.920975
4 0.298912 0.519913 0.196319 0.292262 0.765373
8 0.428569 0.524347 0.276208 0.249701 0.611147
3 0.341518 0.681189 0.147353 0.202976 0.528526
3 0.30645 0.68167 0.228161 0.241904 0.132057
10 0.419367 0.714114 0.416319 0.15771 0.0976192
10 0.44308 0.735501 0.307125 0.120525 0.0672185
10 0.364129 0.649541 0.411748 0.280386 0.0211912
4 0.406807 0.723498 0.374656 0.133321 0.0197489
10 0.307325 0.606439 0.288883 0.34738 0.0109041
10 0.341809 0.592424 0.388233 0.375708 0.010063
10 0.459526 0.696158 0.31834 0.173656 0.00762387
10 0.390773 0.426779 0.308907 0.0950838 0.00307064
8 0.360944 0.417956 0.394711 0.129243 0.00269728
3 0.24501 0.615205 0.147073 0.260341 0.00266597
4 0.10793 0.592818 0.0454177 0.17956 0.00252787
10 0.420345 0.663936 0.384829 0.270705 0.00227856
8 0.416543 0.556357 0.323359 0.319502 0.00223166
4 0.450611 0.703418 0.314408 0.166012 0.00222933
10 0.387812 0.411394 0.27803 0.123465 0.00217652
4 0.302564 0.657059 0.236826 0.266356 0.00197929
10 0.487652 0.715903 0.402673 0.220798 0.00194256
4 0.327959 0.649647 0.170089 0.230903 0.00104294
