7 0.798996 0.370001 0.0722125 0.0265089 0.248647
7 0.566668 0.410552 0.028348 0.0528852 0.214827
7 0.565186 0.417862 0.0323968 0.0686419 0.140454
7 0.845406 0.34977 0.0526508 0.040077 0.0485397
7 0.566672 0.402378 0.0375853 0.0518572 0.0479759
7 0.847323 0.357095 0.0480077 0.0380136 0.0355209
7 0.565896 0.411434 0.0191567 0.0469843 0.0304853
7 0.561321 0.3962 0.0456805 0.0555254 0.0232961
7 0.569723 0.411478 0.0196756 0.0463624 0.021232
7 0.565418 0.401389 0.0227706 0.0512077 0.0195304
7 0.547903 0.392156 0.0510833 0.0496722 0.016188
7 0.795735 0.374841 0.0698078 0.0351516 0.0132653
7 0.562179 0.40605 0.0221339 0.0486347 0.00678733
7 0.568528 0.397364 0.0293113 0.0434483 0.00638676
7 0.558787 0.427801 0.0414901 0.0892818 0.00620289
7 0.842817 0.340936 0.0494732 0.0458137 0.0060334
7 0.793093 0.396968 0.0543493 0.05437 0.00579939
7 0.550075 0.404675 0.0521925 0.0591574 0.00564351
7 0.249707 0.699006 0.103803 0.0456259 0.005061
7 0.563018 0.413416 0.0238048 0.0416581 0.00434169
7 0.79157 0.389578 0.0616887 0.0624458 0.00375985
7 0.540301 0.42145 0.0502003 0.094288 0.00353642
7 0.820668 0.362094 0.0810153 0.0283725 0.00325561
7 0.843932 0.347326 0.0610852 0.0538121 0.00300745
7 0.560686 0.396197 0.030425 0.0429389 0.00281563
7 0.566867 0.424473 0.0190883 0.0466946 0.00274159
7 0.556272 0.403986 0.0332696 0.0498864 0.00241938
5 0.906851 0.784359 0.186299 0.321936 0.00234497
7 0.536928 0.389327 0.0384676 0.0505504 0.00233969
7 0.555127 0.391759 0.0520026 0.0397711 0.00220341
7 0.546329 0.378623 0.0513624 0.0668026 0.00200666
7 0.570138 0.424064 0.0198374 0.0477572 0.00195087
7 0.562052 0.425834 0.0250344 0.052587 0.00192356
7 0.572761 0.400832 0.0264239 0.0488779 0.00191268
7 0.564507 0.393297 0.0335999 0.0566088 0.00181733
7 0.800033 0.370584 0.0812726 0.0356737 0.00176425
7 0.537437 0.398854 0.0400125 0.0632679 0.00175306
7 0.555298 0.398361 0.0388868 0.0460813 0.00166381
7 0.556612 0.414447 0.0268637 0.0526616 0.0016623
7 0.199378 0.636312 0.051497 0.0566474 0.00160069
7 0.559691 0.389219 0.0357445 0.0493057 0.00155885
7 0.560993 0.375455 0.0509554 0.0901908 0.00153358
7 0.57378 0.413144 0.0276905 0.0420306 0.00149838
7 0.536948 0.427062 0.0651088 0.104789 0.00119837
7 0.55503 0.385975 0.0566738 0.0428362 0.00113644
