1 0.651677 0.576569 0.210464 0.345101 0.936024
5 0.109107 0.550659 0.0793718 0.418265 0.873257
3 0.161064 0.455738 0.170116 0.237513 0.629825
5 0.193781 0.410195 0.0896341 0.329403 0.220419
2 0.409875 0.381022 0.486141 0.273618 0.176651
1 0.17327 0.411047 0.13589 0.330503 0.0272761
1 0.193506 0.411162 0.0955947 0.332992 0.0191624
3 0.174139 0.412718 0.138995 0.328208 0.00929859
5 0.172886 0.414861 0.131928 0.333539 0.00555362
5 0.155129 0.491369 0.180491 0.472739 0.00537631
5 0.175679 0.453067 0.206301 0.451969 0.00473163
3 0.205288 0.454706 0.0880676 0.248445 0.00469125
