10 0.389563 0.413431 0.14429 0.0315195 0.592056
3 0.613424 0.606238 0.209312 0.15127 0.250963
11 0.490685 0.445128 0.106309 0.0294137 0.0374769
11 0.643254 0.592386 0.107831 0.0816828 0.0305407
3 0.699577 0.594414 0.147961 0.131271 0.028065
11 0.631006 0.606851 0.0983593 0.0812545 0.0232202
3 0.58063 0.431766 0.0849903 0.0302338 0.0203413
11 0.658454 0.584238 0.0926808 0.0740136 0.0203132
3 0.657447 0.59866 0.235176 0.136626 0.01205
11 0.627486 0.621077 0.0972781 0.0768696 0.00613012
11 0.788197 0.519874 0.0667213 0.0475561 0.00573742
11 0.65418 0.602404 0.117497 0.0655562 0.00474508
11 0.79951 0.521361 0.0712737 0.0535099 0.00444988
11 0.628601 0.597531 0.105057 0.109178 0.00406509
3 0.588602 0.646782 0.174085 0.0736228 0.00362007
11 0.669575 0.575042 0.0780531 0.0668141 0.00332595
11 0.611709 0.625206 0.119215 0.0934698 0.00325027
11 0.600951 0.611487 0.142512 0.120644 0.00244423
10 0.390924 0.40508 0.1485 0.0509075 0.00233391
11 0.833723 0.523475 0.0653442 0.0573937 0.00192696
11 0.820947 0.521572 0.0662851 0.0571619 0.00191028
11 0.836114 0.521334 0.0421436 0.0459305 0.00175448
11 0.660289 0.635977 0.0829997 0.0400275 0.00174966
11 0.624304 0.6101 0.063664 0.0479522 0.00158832
11 0.8367 0.527094 0.0483585 0.0490595 0.00154165
11 0.644662 0.583568 0.0650757 0.0524224 0.0015308
11 0.675333 0.565729 0.0782147 0.053312 0.00150671
11 0.781815 0.511143 0.0686248 0.0494237 0.00142056
11 0.677852 0.557016 0.0854121 0.0379548 0.00131149
11 0.681399 0.584339 0.114087 0.0770406 0.00127022
11 0.680088 0.587952 0.0925777 0.0441746 0.00121973
11 0.618605 0.615557 0.0579765 0.0500324 0.00121635
11 0.651934 0.588468 0.0616645 0.050348 0.00111279
11 0.82601 0.515692 0.0434855 0.0478517 0.00109184
11 0.652283 0.593609 0.0764222 0.0474826 0.00104675
11 0.825643 0.525486 0.0483513 0.0487521 0.00104015
11 0.687369 0.582741 0.07889 0.0480561 0.00103382
