9 0.479241 0.813631 0.298436 0.222914 0.963306
0 0.468426 0.573215 0.256088 0.324416 0.94709
11 0.531004 0.757706 0.157241 0.0626223 0.00840927
7 0.542591 0.830647 0.122103 0.126269 0.00656789
7 0.543543 0.820214 0.155051 0.128889 0.00408634
7 0.521169 0.831698 0.10719 0.129004 0.00388675
6 0.538783 0.864608 0.0703254 0.114589 0.00191728
11 0.521369 0.770911 0.167757 0.0934598 0.0016308
11 0.542819 0.858004 0.0700081 0.129078 0.00152416
7 0.523152 0.828803 0.048909 0.0665985 0.00122369
7 0.498713 0.823573 0.183161 0.140519 0.00109188
