8 0.590312 0.528386 0.378324 0.331596 0.971767
11 0.813868 0.469467 0.160688 0.196566 0.780027
11 0.809633 0.489761 0.136939 0.147416 0.702758
8 0.733469 0.482624 0.330974 0.262528 0.0467236
3 0.68128 0.507908 0.207548 0.283512 0.0375621
3 0.794122 0.456162 0.215038 0.226546 0.00898437
4 0.816261 0.456952 0.168531 0.225112 0.00512684
8 0.773701 0.490807 0.35176 0.313956 0.00333105
8 0.705175 0.513386 0.32558 0.308676 0.00144185
8 0.68227 0.493154 0.204274 0.257114 0.00108498
11 0.63324 0.476445 0.0966528 0.139795 0.00106892
