3 0.31617 0.709076 0.312577 0.330599 0.916569
4 0.276486 0.629249 0.294237 0.340872 0.674539
4 0.408743 0.52061 0.350632 0.324195 0.411996
10 0.369545 0.573528 0.424042 0.429286 0.351375
8 0.385051 0.676767 0.24533 0.298113 0.292498
4 0.334955 0.619895 0.34204 0.292396 0.0487612
10 0.2925 0.62314 0.321098 0.358624 0.0444785
5 0.31904 0.630577 0.369136 0.344671 0.00639411
10 0.344103 0.601916 0.309388 0.276017 0.00538353
7 0.934143 0.491085 0.109243 0.0270158 0.00451322
5 0.342855 0.665021 0.320558 0.275405 0.00273507
4 0.255078 0.658986 0.248098 0.282437 0.00166774
4 0.312056 0.60429 0.253156 0.255809 0.00152263
8 0.352191 0.632831 0.303589 0.237473 0.00125719
