9 0.673248 0.783845 0.201298 0.230214 0.944756
6 0.692668 0.549305 0.197956 0.445656 0.811178
1 0.451918 0.806331 0.192533 0.0698809 0.169185
5 0.452384 0.80656 0.194091 0.0692289 0.0548414
6 0.450927 0.806261 0.196608 0.0687253 0.0166918
7 0.70621 0.681188 0.239622 0.330921 0.00541909
6 0.755422 0.819703 0.0837064 0.0841892 0.00313472
0 0.705809 0.689623 0.276755 0.289209 0.0023255
7 0.741453 0.81515 0.0640777 0.109253 0.00133388
6 0.760207 0.802696 0.0804561 0.0989139 0.00118546
10 0.453877 0.802048 0.199488 0.065065 0.00105056
