11 0.180805 0.671956 0.130638 0.0250041 0.569211
11 0.42243 0.640482 0.152324 0.0473241 0.144083
11 0.358674 0.547714 0.0949062 0.0351628 0.081574
11 0.381377 0.41752 0.0978372 0.0225991 0.0523308
11 0.353571 0.61221 0.132984 0.072086 0.0490682
11 0.357158 0.538707 0.0965241 0.0445145 0.0379231
11 0.356007 0.527088 0.0938956 0.0315025 0.0296801
11 0.399901 0.642752 0.174688 0.0410782 0.0296705
11 0.186542 0.679139 0.107391 0.0191663 0.0257721
11 0.329832 0.646257 0.117714 0.0417755 0.025439
11 0.372982 0.607126 0.127421 0.0573766 0.0248969
11 0.363244 0.416884 0.105258 0.0248901 0.0247693
11 0.378877 0.41942 0.0925627 0.0159787 0.0244195
11 0.442727 0.644706 0.152855 0.0456367 0.0225809
11 0.361651 0.5218 0.0950647 0.0282178 0.0217402
11 0.373437 0.414608 0.104678 0.0224824 0.0213044
11 0.595835 0.442941 0.0483757 0.0298889 0.0211249
11 0.659292 0.437772 0.0364974 0.0349938 0.0209335
11 0.39345 0.419077 0.0979116 0.0188125 0.0207705
11 0.399981 0.635412 0.159439 0.0546604 0.0198263
11 0.649539 0.437022 0.0403644 0.0334695 0.018192
11 0.358668 0.419529 0.0740666 0.0152642 0.0168243
11 0.18561 0.675141 0.108813 0.0207879 0.0158273
11 0.372488 0.613629 0.148679 0.0645443 0.0141111
11 0.337225 0.605027 0.118836 0.0681705 0.0136795
11 0.396923 0.603317 0.093437 0.0519396 0.0133556
11 0.608183 0.447251 0.0706789 0.0352259 0.0130192
11 0.482519 0.637893 0.145116 0.0354393 0.0126333
11 0.365359 0.552406 0.100776 0.0304882 0.0124204
11 0.457258 0.637302 0.162394 0.0439347 0.012052
11 0.390657 0.611095 0.115363 0.0581005 0.011716
11 0.370449 0.423629 0.0866978 0.0186496 0.0115779
11 0.665831 0.438266 0.0420049 0.0333746 0.0111379
11 0.390169 0.6228 0.144159 0.0597828 0.010804
11 0.46825 0.607593 0.116193 0.0460013 0.0107528
11 0.604472 0.444763 0.0520064 0.025896 0.0102367
11 0.365128 0.624945 0.142922 0.0543793 0.0101246
11 0.521382 0.512702 0.0694042 0.0246037 0.00991214
11 0.375382 0.547458 0.110362 0.0411685 0.0094369
11 0.343953 0.642496 0.109376 0.0364661 0.00900593
11 0.520547 0.502309 0.0681675 0.0238083 0.00896259
11 0.586969 0.442562 0.0492034 0.0318317 0.00873532
11 0.514015 0.507382 0.071414 0.0234989 0.00873399
11 0.372403 0.466169 0.0906916 0.0158752 0.0082821
11 0.343893 0.627711 0.10585 0.0483931 0.00811676
11 0.484312 0.630848 0.132544 0.041878 0.0080288
11 0.415292 0.624725 0.126181 0.0683665 0.00802608
11 0.404745 0.419208 0.0941643 0.0154158 0.00800076
11 0.649202 0.429134 0.0376555 0.0328277 0.00787452
11 0.170748 0.678298 0.105008 0.0206833 0.00785004
11 0.510151 0.630373 0.114973 0.0398956 0.00775197
11 0.522045 0.51755 0.062962 0.0230136 0.00759889
11 0.521916 0.522387 0.0726437 0.0224202 0.00708406
11 0.345833 0.415591 0.102601 0.0254339 0.00695034
11 0.441434 0.631766 0.144548 0.0563332 0.00690383
11 0.361845 0.648386 0.145084 0.0422228 0.00686948
11 0.364812 0.473087 0.0839356 0.0208075 0.00669869
11 0.639537 0.437001 0.049908 0.0312012 0.00660865
11 0.405025 0.544801 0.0737309 0.0471362 0.00652828
11 0.467596 0.618482 0.128379 0.057656 0.00602563
11 0.571174 0.629152 0.104832 0.0434806 0.00581922
11 0.462098 0.554527 0.116063 0.0270995 0.00561178
11 0.184646 0.667157 0.136281 0.0382568 0.00555372
11 0.350164 0.418121 0.0769986 0.0181004 0.00550518
11 0.510615 0.504637 0.0805275 0.0372661 0.00548844
11 0.613495 0.448276 0.0558059 0.0272367 0.00548451
11 0.505711 0.637574 0.120571 0.0301039 0.00541167
11 0.393773 0.41503 0.0903182 0.0164895 0.00539442
11 0.462401 0.629958 0.146136 0.0478313 0.00526368
11 0.455125 0.651551 0.155792 0.0503761 0.00522514
11 0.520222 0.497695 0.0682521 0.0224508 0.00513148
11 0.36991 0.420556 0.1015 0.0264557 0.00509445
11 0.365451 0.484249 0.0799504 0.0233665 0.00502298
11 0.605043 0.440905 0.0448513 0.0246629 0.00501799
11 0.369955 0.470619 0.0827118 0.0185533 0.00494501
11 0.522301 0.53218 0.0837212 0.0221513 0.00482099
11 0.582239 0.546748 0.0665346 0.0305589 0.00479079
11 0.657983 0.430322 0.0461935 0.0302245 0.00468007
11 0.521974 0.527202 0.0728991 0.0228979 0.00464575
11 0.647685 0.423753 0.0510115 0.0245077 0.00457736
11 0.355126 0.513904 0.0926722 0.0312992 0.00441729
11 0.460639 0.550382 0.129732 0.028402 0.0043613
11 0.465484 0.554503 0.0897869 0.0227167 0.00428054
11 0.419391 0.543677 0.0774832 0.0494656 0.00426254
11 0.617526 0.44249 0.0648212 0.0385424 0.00421967
11 0.350615 0.553121 0.0851486 0.0283805 0.00418714
11 0.585402 0.532824 0.0551537 0.0317467 0.00414543
11 0.540577 0.630177 0.103695 0.0404658 0.00412884
11 0.455619 0.603863 0.12512 0.0446377 0.00406314
11 0.169334 0.674391 0.10502 0.0223538 0.00394765
11 0.476159 0.664145 0.138819 0.0525664 0.00375402
11 0.370386 0.521654 0.0952073 0.0341027 0.00372848
11 0.498764 0.619737 0.117831 0.0548343 0.00372821
11 0.658704 0.445394 0.0398572 0.0365927 0.00363491
11 0.36907 0.414866 0.088148 0.0157647 0.00363195
11 0.389029 0.423472 0.102109 0.0172 0.00358712
11 0.548414 0.551156 0.119513 0.0279263 0.00354618
11 0.63408 0.441074 0.059447 0.0393208 0.00354017
11 0.512075 0.526675 0.0718843 0.0273499 0.00353885
11 0.638606 0.428929 0.0578327 0.0316006 0.00334402
11 0.411168 0.608108 0.103626 0.0540047 0.00331793
11 0.324401 0.596325 0.102127 0.0534984 0.00331715
11 0.514004 0.53802 0.0879631 0.0216847 0.003303
11 0.576316 0.531995 0.0620941 0.0265854 0.00322791
11 0.480177 0.50398 0.130617 0.0401443 0.00321248
11 0.404141 0.590215 0.0491147 0.0405944 0.00320831
11 0.528312 0.508293 0.0645582 0.0257478 0.00317588
11 0.646902 0.446432 0.0530887 0.0319088 0.00314325
11 0.362038 0.640853 0.132461 0.0379124 0.00309963
11 0.35022 0.518553 0.0655322 0.0237723 0.00308389
11 0.384427 0.412856 0.103014 0.0211886 0.00300351
11 0.341478 0.647168 0.0921171 0.0360705 0.00295611
11 0.483998 0.605807 0.078758 0.0280918 0.00293776
11 0.663449 0.434627 0.049563 0.0355473 0.00293681
11 0.645721 0.440305 0.0527266 0.0394707 0.00292763
11 0.720699 0.465126 0.0549855 0.0287652 0.00292251
11 0.65729 0.425217 0.0598991 0.0211976 0.00289685
11 0.640054 0.442799 0.0523563 0.0283904 0.00285839
11 0.539057 0.517717 0.0654865 0.0202435 0.00284379
11 0.467201 0.657457 0.152627 0.0511074 0.00284009
11 0.375961 0.598333 0.111686 0.0465712 0.00281007
11 0.332262 0.407465 0.071534 0.0182598 0.00270168
11 0.515115 0.511175 0.0842025 0.0320698 0.00260414
11 0.68482 0.418574 0.0880156 0.017687 0.00259015
11 0.503259 0.503186 0.0747427 0.0212407 0.00258161
11 0.441131 0.547634 0.117522 0.039807 0.00257904
11 0.410471 0.5993 0.0813154 0.0486477 0.00257033
11 0.530501 0.538607 0.0892912 0.0219529 0.0025563
11 0.521034 0.492092 0.0666016 0.0239697 0.00253986
11 0.631584 0.447072 0.0583287 0.0412935 0.00252912
11 0.485045 0.555224 0.0841974 0.0182495 0.00248728
11 0.58366 0.537817 0.0547048 0.0339799 0.00247193
11 0.537489 0.522646 0.0720303 0.0211678 0.00244562
11 0.395244 0.590271 0.0575703 0.0348091 0.00243263
11 0.35284 0.597679 0.128163 0.0472805 0.00240438
11 0.35045 0.423003 0.0916016 0.0181544 0.00232294
11 0.529555 0.498166 0.060652 0.0251458 0.00227649
11 0.673154 0.443033 0.0539956 0.0294563 0.00227334
11 0.538692 0.527535 0.077091 0.0193169 0.00227167
11 0.503251 0.53367 0.0796077 0.0208532 0.00225557
11 0.377168 0.485045 0.0913712 0.0269348 0.00222847
11 0.476269 0.558469 0.0884039 0.0227385 0.00221213
11 0.206765 0.675221 0.111819 0.0211831 0.00220783
11 0.34087 0.412748 0.0699751 0.0196549 0.00218
11 0.557437 0.547912 0.103356 0.0266951 0.00214898
11 0.412863 0.415017 0.0766703 0.0165322 0.00214891
11 0.393042 0.488102 0.0969621 0.0303639 0.00213242
11 0.523557 0.680529 0.079293 0.0421386 0.00212029
11 0.358561 0.41435 0.075495 0.018321 0.00211974
11 0.503957 0.517654 0.0744447 0.0234486 0.00211828
11 0.340831 0.480143 0.0836364 0.0242122 0.00205273
11 0.513347 0.693709 0.0759957 0.0404838 0.00204053
11 0.261821 0.450108 0.0463507 0.024477 0.00203282
11 0.207306 0.678835 0.110442 0.0196171 0.00201519
11 0.347335 0.5157 0.0645222 0.0337837 0.0020144
11 0.481865 0.60524 0.105428 0.0395408 0.00201257
11 0.467436 0.604068 0.089852 0.0341485 0.00200452
11 0.371371 0.53085 0.102981 0.0402252 0.00199839
11 0.631969 0.439525 0.0543212 0.0272206 0.00197127
11 0.666009 0.44517 0.0446345 0.0367527 0.00195435
11 0.702666 0.451838 0.0539082 0.0373813 0.0019516
11 0.502418 0.538357 0.0838725 0.0189734 0.00194505
11 0.504103 0.512788 0.0686152 0.024318 0.00191171
11 0.262602 0.453512 0.0421833 0.035251 0.00191024
11 0.515469 0.496939 0.0765194 0.0388759 0.00189183
11 0.337057 0.633445 0.102509 0.0441596 0.00188742
11 0.437708 0.606322 0.122818 0.048892 0.00188251
11 0.38229 0.473448 0.0901867 0.0239549 0.00185879
11 0.572723 0.549991 0.0855617 0.0311776 0.00183708
11 0.547302 0.517434 0.0568584 0.0224579 0.00181779
11 0.513398 0.543779 0.0903447 0.021069 0.00179274
11 0.522196 0.549482 0.0877809 0.0201014 0.00179213
11 0.538402 0.533184 0.0804826 0.0202204 0.00178075
11 0.332874 0.517989 0.0583986 0.0328925 0.0017796
11 0.466543 0.549427 0.0930332 0.0269201 0.00174655
11 0.537807 0.513079 0.0647692 0.023506 0.00174357
11 0.34052 0.54752 0.0733244 0.0386507 0.00173951
11 0.336473 0.41214 0.0921183 0.0234357 0.00173797
11 0.350542 0.47623 0.0919368 0.0264174 0.00171609
11 0.333776 0.536814 0.0651307 0.0403054 0.00170175
11 0.352043 0.471069 0.0688057 0.0189943 0.00169788
11 0.341389 0.531673 0.0670545 0.0317861 0.00169324
11 0.702995 0.447911 0.057427 0.0272167 0.00169311
11 0.565957 0.527634 0.074237 0.0230797 0.00168186
11 0.269422 0.450053 0.0521625 0.0222762 0.00166173
11 0.502884 0.526567 0.0758529 0.0236042 0.00165814
11 0.364572 0.49659 0.0851572 0.0324347 0.00164712
11 0.622934 0.444547 0.0576481 0.0210396 0.00164564
11 0.333847 0.403753 0.067703 0.0171658 0.0016174
11 0.711686 0.45963 0.0557322 0.0277628 0.00160641
11 0.56556 0.521987 0.0749075 0.0216876 0.00159784
11 0.719488 0.474109 0.0546364 0.0302589 0.00158631
11 0.521071 0.697871 0.0538862 0.0409806 0.00157865
11 0.639321 0.423494 0.0651478 0.0217008 0.00157741
11 0.63118 0.444257 0.0535425 0.0259915 0.00157107
11 0.341393 0.475693 0.0789652 0.0206173 0.00154667
11 0.711416 0.452678 0.0530404 0.0352246 0.00153529
11 0.622574 0.44838 0.0540956 0.026255 0.00153477
11 0.356789 0.515001 0.0623196 0.0304673 0.0015314
11 0.405551 0.423012 0.0973178 0.0177634 0.00152532
11 0.686826 0.470078 0.0595134 0.0199676 0.00152351
11 0.629753 0.434607 0.0541609 0.0290711 0.00150921
11 0.306299 0.643428 0.119586 0.0402861 0.00149891
11 0.645934 0.434003 0.0568066 0.0340586 0.001496
11 0.66828 0.424251 0.076321 0.0202718 0.00148042
11 0.572753 0.544102 0.0692404 0.0324988 0.00148005
11 0.596385 0.450485 0.0545784 0.0415598 0.00147938
11 0.59228 0.530554 0.0568035 0.0307465 0.00147705
11 0.585055 0.519026 0.0524263 0.0220639 0.00145731
11 0.538484 0.508833 0.0667942 0.0240836 0.00144281
11 0.573738 0.5385 0.0639888 0.0299369 0.0014423
11 0.393588 0.586337 0.0674353 0.0260441 0.0014263
11 0.512598 0.554211 0.0745726 0.0216504 0.00142514
11 0.559503 0.629984 0.0711609 0.0352562 0.00142434
11 0.515867 0.623188 0.126406 0.0529082 0.00141812
11 0.575499 0.523062 0.0569304 0.0248171 0.00141021
11 0.539952 0.5433 0.0990907 0.0200566 0.00140643
11 0.665808 0.431908 0.0618976 0.029159 0.00140283
11 0.710598 0.466411 0.0603605 0.0243086 0.00139331
11 0.694945 0.466587 0.0628178 0.0187347 0.00138427
11 0.386544 0.490593 0.0884446 0.0237408 0.00137996
11 0.614749 0.440925 0.0465835 0.0224801 0.00136653
11 0.405689 0.599355 0.0580705 0.0520875 0.00136394
11 0.740825 0.468898 0.0441663 0.037022 0.0013595
11 0.529167 0.492287 0.054745 0.0285485 0.0013592
11 0.492649 0.669427 0.117351 0.0414878 0.00134725
11 0.34016 0.522617 0.0695174 0.0317226 0.00134315
11 0.54852 0.521776 0.0589131 0.0220437 0.00133404
11 0.592832 0.537221 0.0594131 0.0316294 0.00132705
11 0.521223 0.68692 0.060889 0.049415 0.00131941
11 0.585603 0.524511 0.0545448 0.0256821 0.0013002
11 0.340203 0.541012 0.0636444 0.045863 0.00128893
11 0.376034 0.480338 0.0785994 0.0285683 0.00126219
11 0.332774 0.417292 0.0811906 0.0200281 0.00126206
11 0.494691 0.549059 0.0940659 0.0226831 0.00125958
11 0.513991 0.676458 0.0846656 0.0460815 0.00125711
11 0.513723 0.464126 0.0665325 0.0239172 0.00125129
11 0.504145 0.497513 0.0641283 0.0266828 0.00124783
11 0.547978 0.627333 0.0796894 0.0336328 0.00124692
11 0.494152 0.508241 0.0834608 0.0247856 0.00124104
11 0.269292 0.454263 0.0455897 0.032705 0.00122459
11 0.541165 0.548167 0.113941 0.0217137 0.00120658
11 0.451965 0.650761 0.11654 0.040289 0.00118856
11 0.332567 0.511071 0.0479996 0.0440697 0.00118565
11 0.512788 0.491489 0.0670117 0.0283767 0.00117553
11 0.411978 0.59352 0.0553826 0.0478096 0.00117211
11 0.513939 0.69197 0.0504502 0.0519959 0.00116449
11 0.683622 0.423223 0.0809337 0.0252121 0.00116361
11 0.49518 0.608718 0.088221 0.0369105 0.00115878
11 0.692821 0.445363 0.0655718 0.0232064 0.00113627
11 0.6468 0.419143 0.0613822 0.0231985 0.00113172
11 0.729333 0.468854 0.0582307 0.0317031 0.00112925
11 0.656103 0.419902 0.0618664 0.0202627 0.00110793
10 0.286029 0.401381 0.118596 0.023808 0.00110532
11 0.502309 0.680136 0.0949534 0.041124 0.00109155
11 0.352906 0.485178 0.0703185 0.0223128 0.00109092
11 0.383942 0.496146 0.0986639 0.0340839 0.00108907
11 0.683473 0.446989 0.0622533 0.032529 0.0010773
11 0.44871 0.455353 0.0617789 0.0376739 0.00106351
11 0.567125 0.518241 0.0708396 0.019124 0.0010524
2 0.38843 0.036564 0.63766 0.0731281 0.00105116
11 0.493877 0.647119 0.129287 0.0307298 0.00104042
11 0.247003 0.482467 0.099825 0.0275121 0.00102383
11 0.261558 0.44616 0.0483026 0.0211233 0.00102012
11 0.321639 0.641806 0.0859388 0.0372097 0.00101943
11 0.657688 0.440358 0.0592787 0.0412531 0.00101783
11 0.473518 0.603272 0.0711475 0.0273476 0.00101427
11 0.663303 0.560119 0.08933 0.0374201 0.00101227
11 0.59127 0.543207 0.0603811 0.0365877 0.00100737
11 0.513767 0.46759 0.0608607 0.0347198 0.00100646
11 0.539494 0.625778 0.122028 0.0496851 0.00100597
11 0.62306 0.440378 0.0534422 0.0228457 0.00100537
11 0.333771 0.65065 0.0940313 0.0445723 0.00100161
11 0.565466 0.533175 0.0759715 0.0227722 0.00100131
