3 0.152171 0.670511 0.0971868 0.118877 0.907118
11 0.643304 0.583027 0.0335396 0.0441043 0.0545448
11 0.653013 0.584045 0.0520898 0.0398349 0.0302969
11 0.639871 0.605463 0.041351 0.0783763 0.0293899
10 0.610074 0.315846 0.102549 0.0286873 0.0225054
11 0.548067 0.671356 0.0398455 0.045032 0.017422
11 0.678526 0.328698 0.0445941 0.0209003 0.0170459
11 0.580391 0.65705 0.0581948 0.0374209 0.0160377
11 0.544389 0.661477 0.0392512 0.0575969 0.0159838
11 0.638194 0.58936 0.0392993 0.0623136 0.0148649
11 0.575339 0.662393 0.0628141 0.0401721 0.0148265
11 0.689656 0.666981 0.0244958 0.0412034 0.0143934
11 0.5668 0.674683 0.0665026 0.0346039 0.0128831
11 0.678458 0.332843 0.0501239 0.0267188 0.0127344
11 0.563977 0.681089 0.0656988 0.0274263 0.0116361
3 0.61142 0.312778 0.105259 0.0341547 0.0113225
11 0.648201 0.639898 0.0469528 0.0318113 0.0086242
11 0.645623 0.631451 0.0521593 0.0361301 0.00862063
11 0.581212 0.655822 0.0570453 0.0208411 0.00828331
11 0.678741 0.324621 0.0418345 0.0213248 0.00802979
11 0.64871 0.637737 0.0378051 0.0223509 0.00802595
11 0.636718 0.64117 0.0552618 0.0348145 0.007435
11 0.638924 0.616141 0.0534305 0.0661096 0.00673589
11 0.576034 0.658829 0.054369 0.0287231 0.00670765
11 0.643745 0.63883 0.0361557 0.0205512 0.00540481
11 0.669922 0.455894 0.0548231 0.0450892 0.00530542
11 0.638185 0.631213 0.0594095 0.0408909 0.00529948
11 0.487855 0.358973 0.0473735 0.0547771 0.00523599
11 0.657268 0.642526 0.0383806 0.0286584 0.00510146
11 0.611689 0.659176 0.0383922 0.0317925 0.00502321
11 0.675515 0.449367 0.0474268 0.0473348 0.00499075
11 0.652325 0.635013 0.0444419 0.0205829 0.00498766
11 0.683587 0.328652 0.0481674 0.0324508 0.00485105
11 0.673335 0.328975 0.0420641 0.0248661 0.00457603
11 0.687335 0.670726 0.0305767 0.0348814 0.00442568
11 0.658218 0.63902 0.0392461 0.0195288 0.00432842
11 0.672955 0.324278 0.0399977 0.0263284 0.00426588
11 0.636559 0.580337 0.0383583 0.0467614 0.00423361
11 0.586805 0.659995 0.0583203 0.0246219 0.00403965
11 0.617075 0.662808 0.0314978 0.0337098 0.00386862
11 0.667975 0.579017 0.0447591 0.0227075 0.00374456
11 0.624517 0.680685 0.0543616 0.0242121 0.00370861
11 0.642959 0.643185 0.0366704 0.0313361 0.00369344
11 0.636902 0.64819 0.0472581 0.0393734 0.00365121
11 0.657912 0.457982 0.0714782 0.0427757 0.00363966
11 0.621942 0.651041 0.0354279 0.036168 0.00362978
11 0.626732 0.64871 0.0424184 0.0358001 0.00356351
11 0.613107 0.314637 0.100162 0.0307432 0.0034554
11 0.57391 0.650958 0.0459426 0.0267177 0.00333963
11 0.687431 0.423544 0.0519152 0.0360611 0.00333151
11 0.680451 0.42345 0.0533444 0.0403233 0.00325832
11 0.712123 0.395992 0.0236993 0.0666792 0.00320195
11 0.66738 0.583385 0.0461921 0.0286216 0.00303797
11 0.687999 0.333922 0.0402153 0.0266973 0.00301461
11 0.552564 0.665258 0.0482218 0.0513555 0.0029091
11 0.641607 0.635466 0.0406705 0.0216665 0.00287849
11 0.646916 0.668237 0.0162193 0.0456335 0.00283952
11 0.68336 0.668154 0.0327909 0.0387606 0.00270114
11 0.617426 0.653974 0.029204 0.0313399 0.00266951
11 0.673651 0.556911 0.0362364 0.0270137 0.00264311
11 0.647759 0.645405 0.0275196 0.0457507 0.00262525
11 0.63397 0.681409 0.0472593 0.0249894 0.00259731
11 0.663105 0.642838 0.0288294 0.0305091 0.0025851
11 0.637857 0.63879 0.044466 0.0233615 0.00255951
11 0.499793 0.358206 0.0490392 0.0406207 0.00251891
11 0.681751 0.443427 0.0503607 0.0462982 0.00251276
11 0.687991 0.329677 0.0416407 0.0231778 0.00247076
11 0.657849 0.645851 0.0345114 0.0410227 0.00245916
10 0.626558 0.683299 0.0583127 0.0218554 0.00241437
11 0.553572 0.34127 0.0400375 0.0189162 0.00237986
11 0.692375 0.329542 0.0354684 0.0272211 0.00235937
10 0.612837 0.310216 0.101595 0.0272986 0.00235637
11 0.679111 0.673372 0.0433992 0.0300604 0.00221794
11 0.568026 0.34483 0.0411106 0.0204041 0.00221704
11 0.559209 0.345135 0.0395962 0.0193923 0.00220128
11 0.538047 0.517682 0.0393299 0.0357959 0.00219298
11 0.585578 0.665297 0.0580777 0.0256708 0.00217294
11 0.645529 0.573614 0.0292104 0.0468542 0.00216392
11 0.618451 0.649158 0.0283914 0.0260343 0.00216108
11 0.622113 0.667157 0.0483454 0.0403522 0.00214773
11 0.652359 0.465725 0.0833751 0.0400807 0.00214474
11 0.580082 0.670271 0.0595425 0.0258091 0.00211748
11 0.695665 0.423334 0.0432326 0.0337865 0.00210502
11 0.695444 0.665573 0.0263885 0.0469181 0.00207836
11 0.615647 0.669085 0.0344317 0.0366671 0.00207666
11 0.651895 0.572527 0.037667 0.0451596 0.00207242
11 0.667692 0.652124 0.0278546 0.0390748 0.00204715
11 0.656918 0.577768 0.042623 0.0349732 0.00200984
11 0.644056 0.664736 0.0209529 0.0435072 0.00199066
11 0.570571 0.654327 0.0433222 0.0254922 0.00198925
11 0.568793 0.683001 0.0621633 0.020806 0.00196261
11 0.651552 0.665138 0.0239096 0.0373085 0.00195241
11 0.553543 0.683216 0.0472311 0.0247091 0.00193258
11 0.677883 0.319526 0.0395851 0.025234 0.00192906
11 0.543986 0.513293 0.0413944 0.0335231 0.00192585
11 0.662351 0.578046 0.0475101 0.0291343 0.00192259
11 0.643294 0.582816 0.0207206 0.0429469 0.00191604
11 0.621342 0.657255 0.0294704 0.0391141 0.00187899
11 0.651772 0.674224 0.0265448 0.042111 0.00186118
11 0.687202 0.325284 0.0417419 0.0234142 0.00185875
11 0.668594 0.670777 0.0306034 0.0325942 0.00185029
11 0.694145 0.333956 0.0282181 0.0330862 0.00183907
11 0.672698 0.318947 0.0399189 0.0284397 0.00183035
11 0.712645 0.368124 0.0200941 0.0910338 0.00183009
11 0.605945 0.655467 0.0459798 0.0265768 0.00182453
11 0.579913 0.676485 0.0604288 0.0230299 0.00180864
11 0.625277 0.663797 0.0418294 0.0313785 0.00178377
11 0.66877 0.651858 0.0202384 0.0422738 0.00177519
11 0.657908 0.664438 0.0259235 0.0398066 0.00177285
11 0.626104 0.654015 0.0377799 0.0314939 0.0017308
11 0.569133 0.670055 0.0534013 0.0310413 0.00167952
11 0.657925 0.677731 0.0276903 0.0362031 0.00167773
11 0.637155 0.665133 0.0334285 0.0367298 0.00167165
11 0.674447 0.561672 0.0337073 0.0291269 0.00166638
11 0.678536 0.411087 0.0395694 0.0213264 0.00166635
11 0.621399 0.66902 0.0401756 0.0316136 0.00159494
11 0.671132 0.421925 0.0507842 0.0414678 0.0015847
11 0.722689 0.365883 0.0217651 0.0835675 0.00154866
11 0.665058 0.587806 0.0492357 0.0318291 0.00154766
11 0.66371 0.663646 0.0213098 0.0377757 0.00154027
11 0.570565 0.663458 0.0495237 0.0333958 0.00151502
11 0.505162 0.362658 0.0559478 0.0444747 0.00151294
11 0.550225 0.659029 0.0217004 0.0533474 0.00151154
11 0.663769 0.646977 0.0248828 0.0427424 0.00149929
11 0.65891 0.582631 0.0489877 0.0315039 0.00149351
11 0.650962 0.647188 0.0352859 0.0381012 0.00149326
11 0.66712 0.574645 0.0471573 0.0258368 0.00149289
11 0.667862 0.642951 0.023699 0.0363749 0.00148549
11 0.677926 0.55372 0.0329383 0.0299716 0.00148535
11 0.574769 0.645466 0.0462594 0.0250631 0.00147635
11 0.678482 0.406446 0.0372205 0.0240666 0.00145546
11 0.534464 0.522312 0.0378377 0.0337721 0.00145186
11 0.683005 0.339174 0.0465541 0.0288106 0.00145163
11 0.568944 0.676263 0.0570776 0.0254602 0.00143029
11 0.627066 0.645523 0.0397932 0.0250668 0.00141771
11 0.612868 0.649735 0.033923 0.0244665 0.00141572
11 0.63581 0.63402 0.0443237 0.0277342 0.00140554
11 0.673253 0.658438 0.0275548 0.0384827 0.00138698
11 0.638322 0.653333 0.0400956 0.0420958 0.00137815
11 0.636267 0.400755 0.0504954 0.0225891 0.00137222
11 0.547023 0.68211 0.0369417 0.0283244 0.00137116
11 0.548497 0.344332 0.0465556 0.0209793 0.00135784
11 0.647441 0.651217 0.0197706 0.0487289 0.00132775
11 0.501407 0.360457 0.036179 0.0389238 0.00132539
11 0.558433 0.676704 0.0484292 0.0280442 0.00131162
11 0.544046 0.52189 0.0378336 0.0385532 0.00130731
11 0.651733 0.582274 0.0390569 0.0341444 0.00130569
11 0.549501 0.516956 0.0454173 0.0366753 0.00130139
11 0.535551 0.519996 0.052384 0.0390751 0.00129923
11 0.61143 0.668723 0.0316265 0.0326366 0.00129427
11 0.559106 0.656966 0.0331293 0.0404103 0.00127761
11 0.66895 0.663215 0.0236279 0.0354664 0.00126397
11 0.546643 0.674129 0.0305559 0.0468309 0.00125795
11 0.590785 0.670652 0.0557034 0.0223954 0.0012507
11 0.677744 0.578886 0.0424878 0.023215 0.00124292
11 0.64278 0.651327 0.0256064 0.0465235 0.00124052
11 0.565079 0.657966 0.040228 0.0336695 0.00123906
11 0.657556 0.659538 0.0324919 0.0352704 0.00123463
11 0.667409 0.556664 0.051598 0.0245967 0.00123266
11 0.626595 0.670206 0.0462078 0.0274131 0.00122626
11 0.495851 0.361102 0.0331628 0.0458718 0.00122609
11 0.564081 0.345864 0.0402233 0.0170619 0.00121921
11 0.487608 0.350755 0.0494727 0.0445613 0.00121785
11 0.53325 0.514339 0.0348252 0.0326874 0.0012166
11 0.662087 0.420929 0.0442474 0.0277753 0.00120366
11 0.559083 0.686533 0.057395 0.020838 0.00117168
11 0.50568 0.357766 0.0422915 0.0314115 0.00116694
11 0.539291 0.514109 0.0537192 0.0403394 0.00116663
11 0.64713 0.400986 0.0587099 0.0247644 0.00116589
11 0.500147 0.346364 0.0529541 0.0324369 0.00112833
11 0.639661 0.578609 0.0218677 0.0424185 0.00111914
11 0.500988 0.340277 0.0461134 0.0211313 0.00111102
11 0.599632 0.656549 0.0580277 0.0219465 0.0011004
11 0.693733 0.320092 0.0441683 0.0260666 0.0010903
11 0.491525 0.362634 0.0359928 0.0562317 0.00108542
11 0.720206 0.381117 0.0226867 0.0910651 0.00108418
11 0.622025 0.675545 0.0426733 0.0239223 0.00107471
11 0.642144 0.40512 0.0559156 0.0245064 0.00107106
11 0.667207 0.562612 0.047629 0.0291407 0.00107084
11 0.695236 0.342802 0.0250545 0.045434 0.00107081
11 0.631339 0.665925 0.0432576 0.0254831 0.00106533
11 0.539346 0.526037 0.0396695 0.0394444 0.00106322
11 0.560199 0.660806 0.0414729 0.044043 0.00105529
11 0.636622 0.39618 0.0516325 0.0216038 0.00105181
11 0.658084 0.652958 0.0312149 0.0420088 0.00104679
11 0.678068 0.415788 0.0446968 0.0231904 0.0010418
11 0.543384 0.673751 0.0207621 0.0544695 0.00103204
11 0.552926 0.676367 0.0426569 0.0357238 0.00101736
11 0.639685 0.670195 0.0357516 0.0420194 0.00100581
