11 0.558549 0.426787 0.184296 0.16155 0.519215
3 0.534833 0.41948 0.238733 0.203729 0.355614
8 0.421423 0.600084 0.611659 0.167293 0.0399593
11 0.537286 0.499678 0.0706784 0.16688 0.0359125
11 0.555059 0.4993 0.100024 0.164902 0.0337865
11 0.519515 0.501243 0.102768 0.167579 0.0202224
11 0.504012 0.506564 0.138416 0.142939 0.0108492
11 0.587511 0.509374 0.176117 0.0863672 0.0106844
11 0.583891 0.499479 0.186847 0.152429 0.00662495
11 0.596341 0.591175 0.183344 0.108161 0.00305777
11 0.583315 0.49481 0.181667 0.083219 0.00165261
8 0.45071 0.607279 0.532116 0.233482 0.00125526
