5 0.240949 0.359414 0.218014 0.162493 0.956981
2 0.721231 0.757606 0.11559 0.323307 0.952574
5 0.625465 0.319736 0.116613 0.433442 0.94725
2 0.284345 0.491133 0.308582 0.387863 0.824543
2 0.249069 0.444134 0.234662 0.354232 0.0278491
1 0.159938 0.404986 0.0532501 0.254735 0.00381923
5 0.165188 0.428163 0.0660259 0.305647 0.00270017
2 0.175187 0.42167 0.0880246 0.294199 0.00230336
10 0.16221 0.407221 0.0570672 0.269217 0.00152249
2 0.182905 0.483436 0.132633 0.4293 0.00130365
2 0.216221 0.430443 0.178134 0.327074 0.0011102
