7 0.261562 0.805713 0.0960052 0.179796 0.872061
2 0.504711 0.598365 0.685222 0.275204 0.0149267
11 0.825203 0.985379 0.193496 0.0292424 0.0109287
11 0.260181 0.805159 0.0913543 0.180013 0.00747343
11 0.866404 0.985317 0.202315 0.0288929 0.006834
11 0.78697 0.985618 0.203103 0.0287649 0.00591479
7 0.43264 0.686173 0.0974781 0.0491134 0.00270991
11 0.668945 0.983328 0.236596 0.0333445 0.0024135
2 0.532958 0.644682 0.684699 0.35476 0.00199185
11 0.865846 0.99148 0.182647 0.0158587 0.00168102
3 0.740606 0.123002 0.240057 0.142012 0.00126284
