9 0.213566 0.367882 0.306472 0.35994 0.979713
0 0.389824 0.38984 0.309516 0.406362 0.977027
11 0.262142 0.316793 0.112046 0.171681 0.428654
11 0.256162 0.342465 0.140475 0.18995 0.157735
11 0.157751 0.190765 0.158 0.104843 0.0501411
11 0.240957 0.315906 0.137498 0.175684 0.0481304
11 0.270382 0.337439 0.14583 0.23133 0.0328382
11 0.270116 0.292633 0.131408 0.199005 0.0312077
11 0.213665 0.383575 0.165924 0.222835 0.0144097
11 0.201272 0.359574 0.138011 0.244365 0.0128181
11 0.181228 0.348208 0.136398 0.242331 0.00843136
11 0.224594 0.341267 0.167992 0.19236 0.00347039
11 0.158804 0.20486 0.166186 0.147789 0.00291275
11 0.240547 0.438807 0.197203 0.183129 0.00265397
4 0.257074 0.361309 0.231968 0.334128 0.00223045
0 0.365478 0.422579 0.387738 0.34657 0.00106583
