0 0.539681 0.380725 0.142834 0.379416 0.852291
0 0.570745 0.396165 0.59709 0.161558 0.828232
0 0.500046 0.404104 0.66753 0.23056 0.749218
0 0.4644 0.419727 0.346525 0.286232 0.115056
0 0.513499 0.378329 0.55605 0.209414 0.106082
0 0.513343 0.414514 0.206843 0.323379 0.09959
0 0.535042 0.398249 0.312061 0.374876 0.0348832
0 0.477014 0.384553 0.465536 0.281377 0.0214756
0 0.584148 0.366845 0.587196 0.242044 0.0172374
1 0.721251 0.752771 0.198657 0.1571 0.0104672
0 0.443712 0.417057 0.551047 0.350821 0.00177917
2 0.0377276 0.836156 0.0754552 0.327689 0.00155537
