3 0.180633 0.39489 0.0741486 0.0973424 0.859416
3 0.106468 0.388885 0.0690166 0.125858 0.846871
3 0.662987 0.765297 0.0940583 0.0936188 0.0268206
11 0.76869 0.351455 0.0339003 0.0284192 0.0226221
11 0.773754 0.344399 0.0345465 0.0269172 0.0199578
11 0.763679 0.344409 0.0333121 0.0254286 0.0139452
11 0.830841 0.359802 0.0209933 0.0465206 0.0131619
11 0.850225 0.352583 0.027671 0.0452087 0.0112717
11 0.758389 0.353214 0.0346724 0.0276523 0.00980272
3 0.68321 0.76777 0.046252 0.0825871 0.00970352
11 0.758422 0.345149 0.0352875 0.0257244 0.00893408
11 0.778159 0.351894 0.0387061 0.0290028 0.00875817
3 0.656016 0.747861 0.0844034 0.077344 0.00861415
3 0.644405 0.728977 0.0561363 0.0576182 0.00842413
11 0.854966 0.351687 0.0279983 0.0482612 0.00840247
11 0.77367 0.335485 0.0329701 0.0262025 0.00813011
11 0.492291 0.340564 0.0363015 0.034487 0.00787143
11 0.492672 0.354406 0.0301111 0.0303039 0.00785325
11 0.830825 0.368494 0.0227391 0.0451548 0.00765188
11 0.844126 0.359893 0.0286493 0.045886 0.00761276
11 0.830723 0.351186 0.0198113 0.0518739 0.00736474
11 0.850138 0.344792 0.0282054 0.0467172 0.00721905
11 0.845751 0.352381 0.0171655 0.0525529 0.00714063
11 0.773131 0.358071 0.0349728 0.0358197 0.00711749
11 0.747965 0.371262 0.0315227 0.0344837 0.00710144
11 0.783041 0.344099 0.040486 0.0268735 0.00703164
11 0.844037 0.352227 0.0296838 0.0434006 0.00697572
11 0.827152 0.359825 0.0203214 0.0463801 0.006617
11 0.827149 0.369775 0.0208282 0.0460393 0.00648611
11 0.752044 0.362105 0.0352083 0.028966 0.00599545
11 0.834763 0.360803 0.025409 0.0399236 0.00596748
11 0.839401 0.368093 0.0282395 0.0469189 0.00595256
11 0.839253 0.36092 0.0298424 0.0416146 0.00586804
11 0.850719 0.365066 0.0247396 0.0550529 0.00573298
11 0.763891 0.335542 0.0330763 0.0252889 0.00533299
11 0.757331 0.360752 0.0354983 0.0321765 0.00532677
11 0.843704 0.344302 0.0316337 0.044257 0.00519528
11 0.834311 0.353503 0.024017 0.044597 0.00519008
11 0.752083 0.353732 0.0376776 0.026625 0.00512506
11 0.782987 0.33577 0.0397183 0.0251352 0.00481644
3 0.196645 0.462449 0.0335921 0.0459261 0.00480066
11 0.426123 0.453692 0.0190177 0.0633408 0.0047931
11 0.835017 0.368396 0.0260853 0.0419824 0.00477173
11 0.768018 0.359432 0.0357669 0.0325089 0.00474183
11 0.827367 0.349602 0.0195042 0.0464596 0.0043862
11 0.752023 0.345088 0.0380685 0.0264572 0.00432814
3 0.652648 0.73451 0.0798336 0.0754626 0.00395907
11 0.486028 0.357093 0.0369759 0.027034 0.00381752
11 0.830757 0.37766 0.0245309 0.0500562 0.00378916
11 0.78839 0.351282 0.038785 0.0310991 0.00353823
11 0.776621 0.344309 0.0425962 0.0329622 0.00346462
11 0.827144 0.378067 0.0221519 0.0433349 0.00340699
11 0.48216 0.461304 0.0333004 0.0470809 0.00327262
11 0.428176 0.449826 0.0257961 0.0502531 0.00322559
11 0.464183 0.315741 0.0510442 0.0264897 0.00318118
11 0.752161 0.379867 0.0341264 0.0378622 0.00316857
11 0.834481 0.353369 0.0158326 0.0538654 0.00311386
11 0.838853 0.345116 0.0317363 0.0393666 0.0027011
11 0.495833 0.345334 0.0461217 0.041356 0.00259331
11 0.486414 0.360765 0.0484595 0.0382683 0.00258806
11 0.821966 0.369527 0.0272509 0.0379325 0.00249099
11 0.748736 0.386273 0.0303895 0.041015 0.00246987
11 0.77313 0.390222 0.0401387 0.0346442 0.00240353
11 0.716495 0.404446 0.0163916 0.066208 0.00236846
11 0.793264 0.350778 0.0354676 0.0355486 0.00236507
11 0.772517 0.36773 0.0337983 0.0512214 0.00222581
11 0.486024 0.353403 0.0460914 0.0405134 0.00215044
11 0.746306 0.345447 0.0374091 0.0303023 0.00210723
11 0.757629 0.336179 0.036083 0.0257688 0.00208798
11 0.834338 0.345822 0.0235007 0.0415957 0.00204255
11 0.495817 0.351531 0.043263 0.0402398 0.00202989
11 0.772371 0.380603 0.0332916 0.0464429 0.00196006
11 0.821806 0.378779 0.0266959 0.0377068 0.00185557
11 0.742212 0.370473 0.0322261 0.0335789 0.001837
11 0.429049 0.453485 0.019977 0.0565966 0.00182566
11 0.835179 0.369092 0.0177425 0.0533645 0.00181868
11 0.854874 0.365091 0.0252469 0.0644294 0.00174191
11 0.822093 0.362597 0.0285943 0.0402928 0.00168964
11 0.792455 0.344905 0.0361325 0.031315 0.00165942
11 0.831275 0.336769 0.0192674 0.0454873 0.00165455
11 0.845981 0.368342 0.0179399 0.0563639 0.00164391
11 0.198686 0.465675 0.0227188 0.0592918 0.00159568
11 0.855627 0.338265 0.029136 0.0530956 0.00158718
11 0.83058 0.387325 0.0245991 0.0566087 0.00157428
11 0.756646 0.382149 0.0323566 0.03902 0.00154272
11 0.496636 0.33647 0.0505862 0.0355258 0.00153071
11 0.75726 0.372711 0.0323599 0.0386245 0.00152632
11 0.773766 0.327235 0.031304 0.0272701 0.00152512
11 0.486399 0.368906 0.0434008 0.0435681 0.00151274
11 0.845002 0.374694 0.0262944 0.0643849 0.00151076
11 0.826022 0.386387 0.0242898 0.0473682 0.00149866
11 0.470192 0.323868 0.0494998 0.0314614 0.00145827
11 0.428336 0.443864 0.0310294 0.0522168 0.00144952
11 0.799209 0.357512 0.0315174 0.0440272 0.00144618
11 0.755917 0.375194 0.0378654 0.0485126 0.00143824
11 0.851761 0.433188 0.0291971 0.0185459 0.0014222
11 0.762437 0.371001 0.0347833 0.0435659 0.00139472
11 0.839108 0.38535 0.0259593 0.0570846 0.00138353
11 0.772947 0.398664 0.0409791 0.0331945 0.00134813
11 0.675095 0.358651 0.045724 0.0452546 0.0013219
11 0.770488 0.345681 0.0430078 0.0342546 0.00131276
11 0.204165 0.466862 0.0227237 0.0588749 0.00129536
11 0.767173 0.380731 0.0364287 0.0425141 0.00129148
11 0.485868 0.345248 0.0425005 0.0413436 0.00129002
3 0.123497 0.588123 0.0552105 0.181285 0.00128788
11 0.736332 0.370248 0.0354368 0.0326859 0.0012606
11 0.827554 0.336423 0.0192162 0.0442776 0.00123871
11 0.748321 0.373303 0.0374772 0.0477398 0.00123106
11 0.459765 0.324279 0.052113 0.0308534 0.00121941
11 0.859284 0.351654 0.0266516 0.0531893 0.00120641
11 0.491247 0.36046 0.0431963 0.0453609 0.00119272
11 0.756963 0.387842 0.0355463 0.0387469 0.00116662
11 0.496873 0.326869 0.0516794 0.0343908 0.0011598
11 0.73675 0.361832 0.0340154 0.031943 0.00115193
11 0.844356 0.335356 0.0328458 0.0453315 0.00114383
3 0.717591 0.395238 0.0169338 0.0790019 0.00110207
11 0.419447 0.448433 0.0330781 0.0549956 0.00108902
11 0.477443 0.462352 0.0366869 0.0425081 0.00107751
11 0.716901 0.387517 0.0164931 0.0840033 0.00107368
11 0.481722 0.469033 0.0378111 0.0507096 0.00106519
11 0.485445 0.325652 0.0478101 0.0293622 0.00105753
11 0.78237 0.359879 0.0408636 0.0329725 0.00104936
11 0.493315 0.404222 0.0290879 0.0559235 0.00103208
11 0.45265 0.316005 0.0506813 0.0287065 0.00102124
11 0.681779 0.353642 0.0350919 0.044416 0.00101956
11 0.475395 0.36187 0.0480223 0.0418086 0.00101688
11 0.82157 0.352434 0.0301173 0.0413498 0.00101247
