3 0.0756999 0.575451 0.0573294 0.0935676 0.285521
3 0.0620892 0.751409 0.0369418 0.103295 0.154155
11 0.149168 0.774752 0.0448954 0.0823675 0.13356
3 0.989404 0.499778 0.0211924 0.204525 0.0973947
11 0.52324 0.47995 0.0436945 0.0431021 0.0429972
3 0.56786 0.671399 0.032193 0.134772 0.0313629
11 0.205588 0.672355 0.0193962 0.0854731 0.0225921
11 0.530199 0.481129 0.0333887 0.0441686 0.0158708
11 0.201227 0.680498 0.0165726 0.0758462 0.0150726
11 0.523821 0.490842 0.0421743 0.0419099 0.014473
11 0.532141 0.489083 0.0310488 0.0409537 0.0124389
11 0.209552 0.680628 0.0218577 0.0742098 0.00933079
3 0.574253 0.672391 0.0321324 0.129304 0.00844164
3 0.0699521 0.583023 0.0483296 0.0818738 0.00807449
11 0.209018 0.662916 0.0207878 0.0860264 0.00749038
11 0.20104 0.661865 0.0164568 0.0871288 0.00669877
3 0.0701779 0.565797 0.04076 0.0917577 0.00664369
11 0.599389 0.51193 0.0158846 0.0906072 0.0065872
11 0.16812 0.604585 0.037198 0.0407774 0.00651182
11 0.5146 0.50965 0.0354665 0.0596414 0.0063472
3 0.988285 0.52433 0.02343 0.265962 0.00602195
3 0.0823311 0.57865 0.0605706 0.0727575 0.00596648
11 0.205356 0.686687 0.0187775 0.0756834 0.00594092
11 0.0547847 0.673819 0.025153 0.0442758 0.0053142
11 0.152524 0.781618 0.0304242 0.053616 0.00525798
11 0.735657 0.405014 0.0384531 0.0419412 0.00478261
3 0.553977 0.666686 0.0284393 0.131597 0.00460608
11 0.756974 0.365571 0.0423584 0.0283791 0.00451045
11 0.20542 0.651808 0.0173161 0.0896987 0.00437749
11 0.158005 0.789181 0.0355072 0.0631828 0.00428332
11 0.557291 0.530029 0.0288406 0.0746049 0.00416564
11 0.0511565 0.677355 0.0222921 0.0574624 0.00400764
11 0.522617 0.505954 0.0381641 0.0560991 0.00392033
11 0.147223 0.546163 0.029621 0.0497628 0.00387593
11 0.805156 0.433023 0.0215374 0.0887974 0.00380671
11 0.51244 0.51781 0.0390529 0.0578877 0.0037879
11 0.740838 0.407113 0.0386524 0.0404424 0.00374176
11 0.767769 0.366166 0.0430705 0.0333665 0.00373348
11 0.519495 0.49572 0.0459037 0.0473544 0.00370494
11 0.518185 0.518871 0.0307126 0.0561405 0.00350957
11 0.0505492 0.667739 0.0243948 0.0404434 0.00343066
11 0.189592 0.746185 0.0275968 0.0416093 0.00342695
11 0.143073 0.772271 0.0251959 0.0580613 0.00342665
11 0.196923 0.679156 0.0215372 0.0663354 0.00338573
11 0.808865 0.450795 0.0188051 0.0693192 0.00324908
11 0.809732 0.43331 0.0186682 0.0910064 0.00315345
11 0.163839 0.605645 0.0337401 0.0323679 0.00292566
11 0.808302 0.43691 0.019627 0.0662116 0.00284549
11 0.147058 0.775597 0.0272048 0.0700957 0.00284531
3 0.542376 0.662441 0.0310017 0.129888 0.00280083
11 0.559537 0.532168 0.0212368 0.0727153 0.00275244
11 0.563233 0.530333 0.0229686 0.0659728 0.00268269
11 0.558492 0.52184 0.0355099 0.0672475 0.0023816
11 0.189884 0.753191 0.0260762 0.0491213 0.00235765
11 0.210079 0.697016 0.0214916 0.0702461 0.00233569
11 0.544755 0.660028 0.0320698 0.126588 0.00232049
11 0.506284 0.512869 0.0347571 0.0519591 0.0022141
0 0.986361 0.772266 0.0261372 0.118927 0.00220269
11 0.157449 0.786175 0.0248631 0.0577104 0.00215703
11 0.735355 0.412259 0.0408824 0.0493947 0.00207925
11 0.559111 0.5239 0.0247075 0.0529297 0.00206666
11 0.0863973 0.573187 0.0586559 0.0475428 0.00205491
11 0.0864343 0.563117 0.0596717 0.0405892 0.00204153
11 0.1007 0.544203 0.0291734 0.066106 0.00202243
11 0.148139 0.553568 0.0343071 0.0360014 0.00201696
11 0.412221 0.767442 0.0495935 0.0269271 0.00191804
11 0.726292 0.402615 0.0333553 0.0436806 0.00188912
11 0.200807 0.669234 0.0256898 0.0868032 0.00185606
11 0.158495 0.608173 0.0285434 0.0429613 0.00183006
11 0.813114 0.442111 0.0205857 0.0953503 0.00179526
3 0.986761 0.765482 0.0258328 0.109292 0.00169953
11 0.162663 0.597971 0.0331468 0.0404194 0.00168938
11 0.100292 0.551671 0.0341411 0.0657116 0.00167882
11 0.201889 0.644328 0.0176253 0.0890644 0.00167647
11 0.0859217 0.554524 0.0607766 0.0397427 0.0016545
11 0.782279 0.365291 0.0506929 0.0362447 0.00163288
11 0.213712 0.673234 0.0263088 0.0822883 0.00161911
11 0.095158 0.54565 0.038129 0.0535335 0.00159515
11 0.812877 0.451172 0.0212917 0.0668223 0.00158597
11 0.559527 0.542461 0.0295939 0.0917216 0.0015771
11 0.553813 0.606404 0.0305311 0.0396446 0.00157095
11 0.730611 0.398389 0.0346222 0.0404208 0.00154856
11 0.523007 0.514539 0.0349126 0.0442957 0.00154331
11 0.548272 0.649204 0.0286753 0.0902954 0.0015302
11 0.743187 0.419088 0.0359788 0.0500933 0.00152028
11 0.106095 0.550698 0.0264144 0.0785845 0.00149333
11 0.52812 0.490168 0.0279576 0.0527417 0.00149076
11 0.55338 0.659059 0.0271618 0.0873244 0.00148512
11 0.690697 0.440848 0.0163439 0.0773326 0.00142155
11 0.157322 0.599094 0.0281865 0.0435246 0.00141509
11 0.194203 0.74557 0.0289792 0.044929 0.00141312
11 0.208975 0.645822 0.0211699 0.0821438 0.00137964
11 0.522178 0.493659 0.0342069 0.0643672 0.00136566
11 0.810122 0.453135 0.0173768 0.10915 0.00135054
11 0.550709 0.525849 0.0282119 0.0651635 0.00133887
11 0.152659 0.560648 0.0391561 0.0425063 0.00133352
11 0.0942383 0.554536 0.0425825 0.0520312 0.00131865
11 0.553171 0.640626 0.0320898 0.073036 0.00131683
11 0.0591614 0.66788 0.0254259 0.0456548 0.00130822
11 0.548064 0.670338 0.0272611 0.0882039 0.00128933
11 0.190674 0.683031 0.0296251 0.0577198 0.00128292
11 0.597097 0.501978 0.0154327 0.0880999 0.00128261
11 0.0940298 0.56385 0.047439 0.0530767 0.00127746
11 0.55371 0.615622 0.0303273 0.0423603 0.00127154
11 0.157102 0.665627 0.0226696 0.0846225 0.00126507
11 0.096052 0.536205 0.0351995 0.04696 0.00125189
11 0.184994 0.74576 0.0273624 0.0430859 0.00125036
11 0.214281 0.689679 0.0266884 0.0772075 0.00119406
11 0.0553319 0.688787 0.0220925 0.0689196 0.00119185
11 0.503802 0.51007 0.0217183 0.0551411 0.0011828
11 0.142968 0.543011 0.0269871 0.0551008 0.00116864
11 0.149781 0.783819 0.0366405 0.0676186 0.00116485
11 0.75095 0.408586 0.0307204 0.0509721 0.0011432
11 0.20146 0.701011 0.0185272 0.106572 0.00112684
11 0.559411 0.594222 0.0298096 0.0546873 0.00111086
11 0.751746 0.356736 0.0402502 0.025926 0.00109151
11 0.156724 0.554487 0.0286795 0.0420553 0.00109087
11 0.544128 0.65028 0.0203117 0.0954538 0.00108659
11 0.0593742 0.675458 0.0262843 0.0448829 0.00107489
11 0.761933 0.372187 0.0454149 0.0359723 0.00106968
11 0.195005 0.752282 0.026144 0.0471213 0.00106067
11 0.151632 0.610101 0.0287576 0.053879 0.00104315
11 0.186304 0.75344 0.0224627 0.0553226 0.00102887
11 0.0582409 0.683468 0.0250198 0.062333 0.00102479
3 0.953047 0.48045 0.0939061 0.178284 0.00102281
11 0.559182 0.604388 0.0319473 0.0446117 0.00101826
11 0.740826 0.398396 0.0365779 0.038126 0.00101098
11 0.776954 0.35638 0.0482898 0.0308749 0.00100212
