3 0.362286 0.672324 0.0405667 0.119107 0.667634
3 0.976331 0.667275 0.0469764 0.113763 0.600248
11 0.18311 0.462009 0.03448 0.0820743 0.344067
11 0.830335 0.42164 0.0161536 0.0841766 0.0825549
11 0.181032 0.452218 0.0243811 0.0733417 0.056632
3 0.40398 0.718328 0.0567862 0.199485 0.0504646
11 0.187064 0.474238 0.0317554 0.066201 0.0385561
11 0.183631 0.463129 0.0252254 0.0704914 0.0216816
11 0.687934 0.427945 0.0227238 0.0581892 0.0211759
11 0.687751 0.413769 0.0226234 0.0760918 0.0180098
11 0.797594 0.404141 0.0393303 0.0382582 0.0136509
11 0.112628 0.541329 0.0151967 0.0795801 0.012011
11 0.116619 0.534475 0.0169234 0.0646541 0.010783
11 0.131171 0.383854 0.0437699 0.0356105 0.0104825
11 0.18042 0.436202 0.0248148 0.0600337 0.00855746
11 0.147854 0.45471 0.0369108 0.0342481 0.00853749
11 0.827802 0.422004 0.0170587 0.0781722 0.00848159
11 0.131479 0.375428 0.0427623 0.0354285 0.00784487
11 0.178593 0.447688 0.035665 0.0783563 0.00754642
11 0.176484 0.440257 0.0245951 0.0683564 0.00735395
11 0.833551 0.426356 0.0195419 0.0750868 0.00688749
11 0.798317 0.395968 0.0378131 0.034585 0.00654493
11 0.798204 0.412049 0.0371904 0.0451378 0.00652323
11 0.117132 0.522398 0.0243231 0.0537902 0.00643051
11 0.185657 0.449977 0.0298678 0.0927925 0.00628865
11 0.147266 0.463102 0.0391321 0.0399636 0.0062745
11 0.184414 0.444965 0.0247827 0.0724714 0.00616906
11 0.680536 0.483486 0.0178773 0.0619828 0.00610124
11 0.788417 0.406 0.042735 0.0358273 0.00556518
11 0.126972 0.454867 0.0441903 0.0335042 0.00541533
11 0.687715 0.401659 0.0203762 0.0827134 0.00538407
11 0.188376 0.354194 0.046455 0.0307852 0.00520635
11 0.683366 0.399333 0.0184692 0.087327 0.00519945
11 0.802732 0.404194 0.0353488 0.0463054 0.00503101
11 0.752558 0.405182 0.0316267 0.0354073 0.00480809
11 0.803042 0.413565 0.0324399 0.0625979 0.00478373
11 0.192536 0.472254 0.0274035 0.0700552 0.00476176
11 0.130682 0.518371 0.0436909 0.0402018 0.00456636
11 0.200464 0.371699 0.0310603 0.0534145 0.00452369
11 0.147892 0.446955 0.0337925 0.0350409 0.0042643
11 0.201409 0.364892 0.0304314 0.0361357 0.00423986
11 0.757645 0.402988 0.028902 0.0392433 0.00421722
11 0.121299 0.444826 0.0384919 0.0362624 0.00412309
11 0.194288 0.363921 0.0381026 0.037633 0.00408536
11 0.127005 0.446354 0.0423576 0.0321821 0.00403302
11 0.830876 0.434565 0.0180519 0.0741563 0.00398486
11 0.142469 0.383874 0.0463244 0.032311 0.00391899
11 0.152865 0.456482 0.0396662 0.0434988 0.00384831
11 0.685217 0.550799 0.0173041 0.0792654 0.00380136
11 0.179873 0.427275 0.0273453 0.0517381 0.00371585
11 0.132506 0.391697 0.0451173 0.0367055 0.00369042
11 0.747823 0.406746 0.0345735 0.0377863 0.00362797
11 0.174041 0.458586 0.0438503 0.0587529 0.00362696
11 0.803454 0.395932 0.0319735 0.0400702 0.00359125
11 0.148911 0.346106 0.0371124 0.0260529 0.00347783
11 0.778619 0.403923 0.0334746 0.0350648 0.003463
11 0.826522 0.408479 0.0209153 0.0729383 0.00343735
11 0.194276 0.355658 0.0384129 0.0311981 0.00340573
11 0.148997 0.353826 0.0377796 0.0259549 0.00335752
11 0.128226 0.534065 0.0333682 0.0483686 0.00329264
11 0.833693 0.415335 0.017519 0.076512 0.00312415
11 0.684265 0.492172 0.0175212 0.0663967 0.00301812
11 0.189654 0.479226 0.0252298 0.0685519 0.00299676
11 0.111814 0.523668 0.0210745 0.0623634 0.00297029
11 0.794399 0.392897 0.0377462 0.0370284 0.00293928
11 0.131516 0.365894 0.0424371 0.0330233 0.00284818
11 0.142289 0.463705 0.0463577 0.0341324 0.00282487
11 0.137669 0.354937 0.0413038 0.0239989 0.00282161
11 0.135126 0.46784 0.0602328 0.0364939 0.0027538
11 0.82812 0.438231 0.01757 0.0696654 0.00273887
11 0.153116 0.446716 0.0291548 0.0417054 0.00265754
11 0.198661 0.479552 0.0254585 0.064542 0.00264469
11 0.681234 0.55242 0.0195134 0.0644438 0.00264215
11 0.753099 0.412563 0.0338718 0.035652 0.00264168
11 0.747892 0.414092 0.0392122 0.0377792 0.00255903
11 0.152399 0.46791 0.041443 0.0498757 0.00252477
11 0.146545 0.471671 0.0388059 0.0512178 0.00251735
11 0.212163 0.384817 0.026725 0.073934 0.0025111
11 0.17509 0.423928 0.0273438 0.052228 0.00247062
11 0.120568 0.497586 0.0377076 0.0394976 0.00246829
11 0.78343 0.412734 0.0387192 0.0374271 0.00243524
11 0.141813 0.375552 0.0410186 0.0340476 0.00240194
11 0.140813 0.455532 0.0517999 0.0356387 0.00236792
11 0.681437 0.541643 0.0179567 0.0811397 0.00228059
11 0.788497 0.397104 0.0409643 0.0332382 0.00227687
11 0.189432 0.345996 0.0447459 0.0278916 0.00227123
11 0.828659 0.398125 0.0193534 0.0794207 0.00225872
11 0.132023 0.504821 0.0464155 0.0372124 0.00225678
11 0.747282 0.36243 0.0354207 0.043772 0.00224652
11 0.200309 0.38132 0.0285414 0.0674448 0.00221174
11 0.798358 0.420466 0.0330344 0.0633073 0.0021964
11 0.803143 0.420883 0.0263286 0.0770533 0.00219354
11 0.194013 0.373419 0.0373201 0.0507235 0.00217492
11 0.205248 0.374341 0.0299726 0.0604193 0.00215583
11 0.830793 0.39111 0.0186192 0.117415 0.00213232
11 0.689921 0.422048 0.0198908 0.0580506 0.00212803
11 0.131146 0.464856 0.0467524 0.0371184 0.00211664
11 0.169757 0.438324 0.0455534 0.0596358 0.00211155
11 0.142669 0.446636 0.0410896 0.0305752 0.00202416
11 0.679912 0.387389 0.0183344 0.0798378 0.00199754
11 0.752709 0.395765 0.030517 0.0413473 0.00198514
11 0.200468 0.357836 0.0293981 0.0353379 0.00196135
11 0.798886 0.388129 0.0329174 0.0333952 0.00195331
11 0.76235 0.394526 0.0281287 0.0376264 0.00190645
11 0.681175 0.496408 0.0164382 0.0634475 0.00188443
11 0.758277 0.394607 0.0271418 0.0427663 0.00188171
11 0.837418 0.428641 0.0259288 0.0697573 0.00187469
11 0.15273 0.438726 0.0294468 0.0433439 0.00186967
11 0.685631 0.531683 0.0164703 0.0889067 0.00186965
11 0.142886 0.364613 0.039058 0.0329879 0.00184584
11 0.777905 0.39748 0.0344667 0.0357776 0.00183708
11 0.181927 0.477089 0.0320979 0.0640607 0.00183447
11 0.684021 0.381025 0.0194611 0.081252 0.00183438
11 0.137364 0.346481 0.0428709 0.0254269 0.00183435
11 0.155131 0.439349 0.0425773 0.0494208 0.00179057
11 0.18385 0.428779 0.0264498 0.0677235 0.00172997
11 0.689461 0.542262 0.019303 0.0935683 0.00169619
11 0.75258 0.355637 0.0324351 0.0381428 0.00167359
11 0.125866 0.473979 0.0438448 0.047746 0.00165128
11 0.168941 0.354713 0.0474988 0.0304902 0.00164848
11 0.778185 0.410756 0.0348158 0.0432146 0.00163186
11 0.753218 0.36213 0.0265325 0.0450859 0.00163007
11 0.163517 0.346356 0.0449256 0.026153 0.00160723
11 0.757282 0.364283 0.0277359 0.0451126 0.00159564
11 0.16896 0.429376 0.0336514 0.0703183 0.00159346
11 0.178954 0.418275 0.027036 0.0476588 0.0015888
11 0.741637 0.35539 0.0414777 0.0310851 0.00158256
11 0.824659 0.421098 0.0174755 0.0879927 0.00157476
11 0.215739 0.391123 0.0287924 0.0911463 0.00157076
11 0.121255 0.461851 0.0447137 0.0402027 0.00157075
11 0.120731 0.436269 0.0354273 0.0360661 0.00155729
11 0.741874 0.415415 0.0427888 0.0400529 0.00155556
11 0.767967 0.403498 0.0348342 0.0331899 0.00155166
11 0.830537 0.40754 0.015823 0.0791372 0.00152631
11 0.686068 0.421645 0.0200351 0.055288 0.00152561
11 0.173854 0.362345 0.0512773 0.0412399 0.00148919
11 0.762056 0.364826 0.032945 0.0424727 0.00147752
11 0.762407 0.403358 0.0316172 0.0351085 0.00147184
11 0.204568 0.37062 0.0225061 0.0502901 0.00145402
11 0.804293 0.442353 0.0240156 0.0686352 0.00144742
11 0.11705 0.502334 0.0258715 0.0503323 0.00143224
11 0.13157 0.512014 0.0465746 0.0448485 0.00141469
11 0.681209 0.561369 0.0221384 0.0617982 0.00141406
11 0.194385 0.487563 0.0266031 0.0629575 0.00139036
11 0.7618 0.383989 0.0315475 0.0439273 0.00136406
11 0.686244 0.43145 0.0224653 0.0448955 0.00136081
11 0.79331 0.38741 0.0401315 0.0305252 0.00134697
11 0.209912 0.376767 0.0286043 0.0724893 0.00129952
11 0.142088 0.505833 0.0377359 0.0434684 0.00129641
11 0.684285 0.477025 0.0197323 0.0711669 0.00128821
11 0.767462 0.396014 0.0330114 0.0362726 0.00128539
11 0.741836 0.361698 0.040836 0.0387395 0.00127726
11 0.804409 0.387288 0.0267502 0.0374493 0.00127455
11 0.689525 0.441803 0.0213544 0.055166 0.00127322
11 0.809347 0.41394 0.0279182 0.0761925 0.00127059
11 0.141702 0.473239 0.0446043 0.0440921 0.00126685
11 0.126395 0.393328 0.042123 0.0376036 0.00126151
11 0.116513 0.512098 0.0209134 0.0825168 0.0012482
11 0.681713 0.514908 0.0173572 0.0662956 0.00123982
11 0.174007 0.416188 0.0299229 0.0408827 0.00123621
11 0.676846 0.484347 0.0208981 0.0462213 0.0012342
11 0.0867257 0.37348 0.0285518 0.0432967 0.00123022
11 0.173311 0.346345 0.0469819 0.0277573 0.00121165
11 0.822078 0.427164 0.0270953 0.0707682 0.00119554
11 0.126318 0.504354 0.0438259 0.0420037 0.0011856
11 0.686044 0.5486 0.0234196 0.10366 0.00118288
11 0.147736 0.43868 0.0312712 0.0384318 0.00118174
11 0.102939 0.413452 0.0274695 0.0416858 0.00116683
11 0.220433 0.407216 0.0255146 0.106195 0.00115195
11 0.16892 0.422237 0.0354901 0.0491217 0.00114463
11 0.747014 0.422845 0.0400616 0.041745 0.00114345
11 0.747535 0.396478 0.0327626 0.0451908 0.00113307
11 0.132113 0.494627 0.0540334 0.0357038 0.00112777
11 0.136201 0.512133 0.0422897 0.0537971 0.00112268
11 0.0904998 0.365372 0.0336496 0.0365992 0.00112259
11 0.685277 0.518588 0.0177371 0.0756617 0.00112132
11 0.109153 0.419916 0.0192405 0.0454195 0.00110403
11 0.147659 0.504193 0.0365137 0.0519571 0.00110385
11 0.183281 0.419272 0.0288494 0.0612597 0.00110187
11 0.158356 0.353833 0.0416561 0.0299672 0.00110073
11 0.189049 0.337015 0.0404312 0.0267511 0.00109608
11 0.753779 0.37027 0.0272633 0.0555929 0.00107772
11 0.68697 0.564149 0.0257411 0.0784229 0.00107674
11 0.808788 0.405935 0.031155 0.0571749 0.00107388
11 0.747725 0.383135 0.0298408 0.0606017 0.00106665
11 0.693759 0.422286 0.0206248 0.0595386 0.00105822
11 0.120443 0.48748 0.0419736 0.0479205 0.00104252
11 0.152739 0.427488 0.0329967 0.0491478 0.00100922
11 0.224509 0.427496 0.0236423 0.0908184 0.00100691
