7 0.535122 0.721878 0.0347586 0.0430649 0.675671
7 0.352124 0.55511 0.0265028 0.0622058 0.384191
7 0.565091 0.724314 0.0404726 0.0682499 0.320161
7 0.55922 0.722616 0.0516895 0.0587543 0.0608017
7 0.800098 0.382202 0.0377595 0.0732054 0.0523835
7 0.703876 0.715525 0.0338881 0.0742755 0.0306257
7 0.53496 0.723162 0.0238081 0.037625 0.020916
7 0.569821 0.742769 0.0476884 0.100909 0.0108031
7 0.546422 0.723715 0.0527533 0.0499169 0.00841363
7 0.351872 0.548385 0.0199512 0.0566961 0.00513302
7 0.538889 0.725836 0.0320082 0.0412802 0.00472811
7 0.542615 0.7224 0.0323811 0.0411139 0.00467012
7 0.355455 0.548321 0.0208892 0.0541133 0.00405615
7 0.349292 0.562025 0.034926 0.0755729 0.00338906
7 0.710119 0.721389 0.0439719 0.0654958 0.00317014
7 0.403529 0.57353 0.0468654 0.0527772 0.00275542
7 0.537623 0.713335 0.0332526 0.0405216 0.0027409
7 0.420347 0.534148 0.0257279 0.0535929 0.00267598
7 0.35517 0.557261 0.0226723 0.0528499 0.00242331
7 0.814833 0.374175 0.0616093 0.0730357 0.00239126
7 0.423813 0.537628 0.0344275 0.049063 0.00221502
7 0.543036 0.714322 0.0345537 0.0381496 0.00215293
7 0.397485 0.570133 0.0481264 0.0469905 0.00173131
7 0.713399 0.735422 0.0468537 0.0521374 0.00162039
7 0.531403 0.724942 0.0212815 0.0395679 0.0015907
7 0.54499 0.728972 0.0384602 0.0466264 0.00155102
7 0.35946 0.54812 0.0240466 0.0556916 0.00134178
8 0.697113 0.453552 0.13146 0.333659 0.00120077
7 0.53297 0.705937 0.0384712 0.0500896 0.00116791
