3 0.575005 0.55806 0.0488268 0.132038 0.817954
3 0.38987 0.754944 0.0881793 0.0970529 0.341884
11 0.926237 0.625853 0.0201348 0.0768416 0.104552
11 0.784625 0.481143 0.0235834 0.0797247 0.0814435
11 0.781687 0.508524 0.0281744 0.117345 0.0621464
11 0.922659 0.64264 0.0220699 0.0861912 0.0587368
11 0.852376 0.528677 0.0558335 0.0274267 0.0515456
11 0.919254 0.670076 0.0209592 0.0696793 0.0458704
11 0.909939 0.680574 0.0235051 0.0559495 0.0454873
11 0.901254 0.705099 0.0429923 0.0560392 0.0442624
11 0.920379 0.660539 0.0219288 0.0742869 0.0438492
11 0.914089 0.682319 0.0303364 0.0644109 0.0422809
11 0.936214 0.622906 0.0322914 0.0810861 0.0398617
11 0.896209 0.709785 0.0364631 0.0422632 0.0372749
11 0.923713 0.669912 0.0216858 0.0760193 0.0349885
11 0.905925 0.695561 0.0406334 0.0738468 0.0306712
11 0.860386 0.530161 0.0634573 0.0275827 0.0288151
11 0.924303 0.632837 0.0194526 0.0779833 0.0286561
11 0.866834 0.644404 0.040005 0.0364473 0.0269337
11 0.940105 0.541301 0.0353354 0.0416962 0.0247552
11 0.915864 0.67248 0.0204818 0.0597599 0.0210324
11 0.872293 0.64523 0.0335645 0.0341168 0.0209803
11 0.909324 0.689436 0.0266956 0.065073 0.0196169
11 0.866915 0.636293 0.0390815 0.0336485 0.0187802
11 0.904831 0.693007 0.0424435 0.0506357 0.0185709
11 0.939894 0.535316 0.0306168 0.0385799 0.0184097
11 0.872077 0.654565 0.0356967 0.0343531 0.017875
11 0.935439 0.531401 0.0254343 0.0495748 0.014512
11 0.942145 0.623867 0.0387688 0.0772238 0.0135029
11 0.86704 0.66395 0.0352662 0.0372431 0.012831
11 0.929543 0.614882 0.0153491 0.0765596 0.0114573
11 0.77878 0.518831 0.0249389 0.116941 0.0111664
11 0.86782 0.673876 0.0351124 0.0377236 0.0108151
11 0.932959 0.553122 0.0300708 0.0473334 0.0102898
11 0.920135 0.651694 0.0264022 0.0888977 0.0102334
11 0.910868 0.667369 0.020615 0.0507946 0.0101364
11 0.941122 0.550565 0.0346327 0.0523129 0.0100175
11 0.866083 0.626412 0.0426909 0.0375427 0.00979855
11 0.935283 0.523044 0.0220893 0.0531076 0.00935704
11 0.893578 0.538787 0.0362253 0.0383347 0.00914522
11 0.904143 0.676229 0.0327924 0.0437315 0.00887443
11 0.939853 0.552024 0.0381859 0.0341441 0.00867252
11 0.92778 0.605834 0.0238622 0.0760543 0.00832243
11 0.877188 0.636863 0.0341978 0.0329954 0.0082263
11 0.93535 0.541153 0.0294177 0.0458474 0.00816176
11 0.872314 0.533533 0.052308 0.0305023 0.00795884
11 0.845252 0.526328 0.0494436 0.0285176 0.00759956
11 0.923957 0.653589 0.0207733 0.0707263 0.0075573
11 0.911067 0.551386 0.0315424 0.0350607 0.00753235
11 0.90428 0.68345 0.0352199 0.0506493 0.00741693
11 0.871848 0.628115 0.033665 0.0400757 0.00710703
11 0.929049 0.628899 0.0176261 0.0786607 0.00687519
11 0.910712 0.676582 0.037046 0.0492062 0.00661243
11 0.915435 0.68601 0.0230751 0.0702441 0.00641892
11 0.941548 0.535416 0.0296288 0.0528186 0.00636
11 0.86616 0.615307 0.0454121 0.0359257 0.00598825
11 0.888193 0.536632 0.0368232 0.0299547 0.00584081
11 0.897941 0.536533 0.038949 0.0314827 0.00562986
11 0.926373 0.66146 0.0230611 0.0722582 0.0056143
11 0.908782 0.698849 0.0293452 0.0615105 0.00550104
11 0.9114 0.467828 0.0312786 0.0526416 0.0054331
11 0.862169 0.665981 0.0381605 0.0372226 0.00527325
11 0.930166 0.572004 0.0307279 0.0754433 0.00517127
11 0.863076 0.680814 0.0258884 0.046156 0.00510522
11 0.86807 0.682751 0.033134 0.0437798 0.00503929
11 0.861938 0.655458 0.0403745 0.0370084 0.00503319
11 0.148306 0.602664 0.0406289 0.0386964 0.00500455
11 0.918547 0.554542 0.0257209 0.0422862 0.00495359
11 0.887877 0.544564 0.0349692 0.0310853 0.00473858
11 0.147846 0.596385 0.0392439 0.0346927 0.0045257
11 0.921277 0.647792 0.0208918 0.0679392 0.0044625
11 0.930118 0.520698 0.021384 0.0589345 0.00444182
11 0.904529 0.54696 0.0361997 0.0295249 0.00439696
11 0.89896 0.544284 0.0411238 0.0293693 0.00427047
11 0.927392 0.639903 0.0200303 0.0904939 0.00426801
11 0.932357 0.621027 0.0220186 0.0648296 0.0042439
11 0.785035 0.494652 0.0168749 0.103753 0.00419644
11 0.903277 0.703724 0.0350374 0.0477432 0.00409055
11 0.945251 0.550977 0.0341378 0.0393873 0.0040532
11 0.93878 0.516238 0.0234957 0.052965 0.00404103
11 0.916241 0.659308 0.0200888 0.0568182 0.00401306
11 0.921296 0.694341 0.0190069 0.0917259 0.00387612
11 0.910144 0.464886 0.0307437 0.0384945 0.00379902
11 0.786179 0.467252 0.0242106 0.0685732 0.00372671
11 0.853576 0.526579 0.0631751 0.0394858 0.00371164
11 0.152561 0.596137 0.0333828 0.0400404 0.00370733
11 0.929512 0.603389 0.0166689 0.0837311 0.00369284
11 0.86613 0.606412 0.0448834 0.0328995 0.00357594
11 0.918994 0.497052 0.0193425 0.0665144 0.00352544
11 0.940081 0.524964 0.0262954 0.0570119 0.00347411
11 0.938676 0.566671 0.0373785 0.0693661 0.00339271
11 0.947297 0.535455 0.0328808 0.0584514 0.00335422
11 0.785904 0.475589 0.0300146 0.0775902 0.00326483
11 0.845425 0.604485 0.0447804 0.0300929 0.00323006
11 0.924663 0.59638 0.0242606 0.0760625 0.00319799
11 0.840251 0.603674 0.0375963 0.035837 0.00314376
11 0.876651 0.628509 0.0352046 0.036039 0.00307379
11 0.943195 0.518202 0.0302336 0.0546917 0.0030025
11 0.881497 0.64479 0.0421248 0.0349445 0.0029962
11 0.904027 0.66823 0.0329612 0.0451473 0.00277848
11 0.839711 0.596165 0.0380284 0.0347781 0.00276899
11 0.921345 0.573358 0.0245098 0.0707275 0.0027022
11 0.948188 0.550472 0.0308021 0.0596613 0.00268022
11 0.920955 0.521632 0.0219294 0.0679073 0.00266869
11 0.937114 0.606472 0.0332483 0.0826712 0.00266156
11 0.903523 0.542489 0.0373206 0.0427463 0.00255715
11 0.924239 0.511947 0.0220346 0.0619801 0.00254625
11 0.784586 0.471315 0.0182518 0.0666481 0.0025424
11 0.89945 0.713645 0.0412916 0.0515925 0.002536
11 0.914162 0.473221 0.0222842 0.0478185 0.00250284
11 0.903822 0.60338 0.0374907 0.0352785 0.00249956
11 0.90343 0.463977 0.0441254 0.038206 0.00244937
11 0.914815 0.487134 0.0205002 0.070786 0.00227865
10 0.00724984 0.531758 0.0144519 0.102577 0.00224875
11 0.14955 0.603324 0.0395673 0.0664373 0.002178
11 0.846518 0.533588 0.050347 0.0289989 0.00215297
11 0.845603 0.597295 0.0385165 0.0287046 0.00215209
11 0.788226 0.482271 0.0183719 0.0918667 0.00214264
11 0.8661 0.689422 0.0315126 0.0586641 0.00214019
11 0.00717326 0.553038 0.0143465 0.113313 0.00212931
11 0.871678 0.683391 0.0443808 0.0382477 0.00211209
11 0.919616 0.507447 0.0207275 0.0747067 0.00204284
11 0.862158 0.68831 0.0200442 0.0636752 0.00203967
11 0.876321 0.663832 0.0389544 0.0343363 0.00199491
11 0.925677 0.613498 0.0179083 0.0812045 0.00199267
11 0.935387 0.562921 0.0347649 0.0460594 0.00198432
11 0.912003 0.52668 0.0282285 0.0743872 0.00194943
11 0.542341 0.425294 0.0430379 0.032372 0.00192851
11 0.894243 0.71496 0.0303904 0.0331549 0.00191978
11 0.931006 0.529313 0.0244719 0.0569249 0.0019191
11 0.886321 0.529011 0.0424544 0.0331978 0.00190282
11 0.930353 0.540059 0.0298109 0.049872 0.00190001
11 0.871042 0.606156 0.0385533 0.0399337 0.00187864
11 0.903667 0.552261 0.0393054 0.032218 0.00180548
11 0.914299 0.695945 0.0281258 0.0772187 0.0017745
11 0.914386 0.564301 0.02395 0.0506079 0.00175717
11 0.868349 0.650609 0.0374677 0.0304603 0.00175099
11 0.940146 0.560704 0.0358149 0.0397533 0.00174382
11 0.919643 0.539782 0.0243689 0.0433459 0.0017301
11 0.784673 0.494778 0.0312484 0.105525 0.00168728
11 0.867563 0.527906 0.059028 0.0451843 0.00167982
11 0.926496 0.675986 0.0224775 0.085559 0.00163013
11 0.90873 0.595655 0.0304348 0.0428397 0.00158673
11 0.861041 0.605966 0.0474534 0.028131 0.00158033
11 0.91844 0.593097 0.028749 0.0811964 0.00151851
11 0.898136 0.697741 0.0393869 0.0424305 0.00151427
11 0.910349 0.543066 0.0327527 0.0470455 0.00150361
11 0.772443 0.602704 0.0178804 0.0941294 0.00149813
3 0.826236 0.692224 0.0929197 0.108508 0.00145238
11 0.931347 0.638925 0.0245012 0.0937129 0.0014377
11 0.924243 0.69948 0.0195753 0.087882 0.00142625
11 0.862197 0.637119 0.0438007 0.0398028 0.00138965
11 0.947595 0.525046 0.0345745 0.0580946 0.00138857
11 0.926456 0.531915 0.0258188 0.0579508 0.00138342
11 0.928815 0.563724 0.0361535 0.0488191 0.0013505
11 0.889202 0.713263 0.0338284 0.0336884 0.00132809
11 0.903162 0.597427 0.0339374 0.0428342 0.00128188
11 0.908315 0.571548 0.0289946 0.0649465 0.00127157
11 0.772838 0.56129 0.0239514 0.111949 0.00127098
11 0.93401 0.608942 0.0213655 0.0688264 0.00126107
11 0.948627 0.545042 0.0332889 0.0441094 0.00125686
11 0.89836 0.550805 0.0401055 0.0358893 0.00124912
11 0.365973 0.442725 0.0447841 0.0439336 0.0012313
11 0.949482 0.566133 0.0296923 0.0711287 0.00122537
11 0.875392 0.614907 0.0422042 0.0467305 0.00120801
11 0.912855 0.594822 0.0304772 0.0580561 0.00120575
11 0.913867 0.572646 0.0270125 0.0655525 0.00116348
11 0.898099 0.529024 0.0393419 0.0346092 0.00115791
11 0.871265 0.69192 0.0443331 0.0457843 0.0011552
11 0.919287 0.606044 0.0318165 0.0826876 0.00114573
11 0.83589 0.595276 0.0325706 0.0413856 0.00113544
11 0.774598 0.53852 0.0185173 0.0612291 0.00112312
11 0.813799 0.607877 0.0349727 0.0700346 0.00109128
11 0.903887 0.47165 0.0424986 0.0497355 0.0010738
11 0.908535 0.583471 0.0290766 0.072421 0.00105662
11 0.810145 0.601142 0.032136 0.0627241 0.00105395
11 0.769268 0.604716 0.0219863 0.0880939 0.00104851
11 0.899463 0.686053 0.0334819 0.0427987 0.00104035
11 0.933815 0.510256 0.0258877 0.0457667 0.00103654
11 0.949017 0.536761 0.0357708 0.0356206 0.00103577
11 0.905338 0.530697 0.0338058 0.0607087 0.00103402
11 0.887884 0.531218 0.0416261 0.0540244 0.00103067
11 0.923915 0.542965 0.0327078 0.0445705 0.00101564
11 0.775964 0.539441 0.0247248 0.111975 0.00101144
11 0.893798 0.708512 0.03304 0.032833 0.0010052
