8 0.246181 0.326785 0.289169 0.404502 0.965182
3 0.692687 0.543634 0.175952 0.122357 0.138114
10 0.733168 0.460071 0.236128 0.243727 0.0464725
3 0.697134 0.561604 0.170225 0.0993216 0.0286765
10 0.699248 0.55972 0.154213 0.0739463 0.0259156
4 0.69655 0.554653 0.170891 0.0949785 0.0255205
4 0.713702 0.542791 0.20819 0.0963488 0.0171962
3 0.695485 0.553846 0.154546 0.0722626 0.0163565
3 0.670891 0.521792 0.215826 0.157064 0.0111796
3 0.686595 0.525119 0.159644 0.105546 0.0105841
10 0.786944 0.454748 0.125721 0.248252 0.00694526
10 0.724849 0.516492 0.23954 0.139573 0.00519233
10 0.689343 0.504388 0.32505 0.171976 0.00434526
4 0.652308 0.524084 0.255622 0.136539 0.00306166
8 0.647904 0.497543 0.347062 0.184206 0.00287401
3 0.676951 0.510926 0.175194 0.106956 0.00269342
10 0.700484 0.583873 0.152785 0.0712281 0.00235489
10 0.673707 0.474865 0.36607 0.232278 0.00158379
11 0.766265 0.403036 0.0442704 0.141373 0.00118912
8 0.619077 0.477136 0.366145 0.202896 0.00113821
10 0.768004 0.422393 0.0492235 0.1815 0.00109393
