0 0.511718 0.503476 0.176272 0.407173 0.97389
9 0.706551 0.506736 0.333872 0.389274 0.970353
11 0.620335 0.382841 0.105181 0.154053 0.857809
11 0.663919 0.387281 0.137733 0.153196 0.137587
11 0.608156 0.393376 0.111821 0.19613 0.0457783
11 0.587599 0.404087 0.107543 0.208079 0.00824918
11 0.641539 0.381584 0.136653 0.146496 0.00273792
11 0.600461 0.426731 0.101898 0.246029 0.00239758
11 0.802226 0.364176 0.151354 0.103006 0.00170935
11 0.566254 0.569811 0.0881187 0.199628 0.00140557
11 0.702535 0.487692 0.254274 0.229509 0.00110298
11 0.732078 0.51003 0.188674 0.166877 0.00102745
11 0.56747 0.428748 0.111822 0.239922 0.00100223
