9 0.722965 0.535464 0.399756 0.238514 0.973974
6 0.626445 0.408427 0.440491 0.167113 0.780722
7 0.631168 0.324 0.0896294 0.018665 0.0090632
6 0.756524 0.428865 0.24209 0.181235 0.00477399
6 0.771702 0.46558 0.260227 0.104182 0.00376653
6 0.704479 0.524016 0.278248 0.1099 0.00346916
6 0.763227 0.517617 0.271367 0.11771 0.00285719
0 0.730645 0.528389 0.270284 0.11189 0.00271146
6 0.722746 0.506582 0.285997 0.121858 0.00213066
7 0.672598 0.544862 0.230392 0.102123 0.00170667
3 0.0467064 0.949748 0.0799529 0.0771667 0.0016992
6 0.729946 0.479812 0.27237 0.107449 0.00160473
6 0.529694 0.445803 0.248041 0.0531239 0.00144999
