11 0.28112 0.451254 0.0866931 0.0629396 0.232672
3 0.308481 0.651944 0.165156 0.0415246 0.0317251
11 0.205782 0.465361 0.0454618 0.0959321 0.0143185
11 0.291684 0.445009 0.0680564 0.0673679 0.0139229
3 0.310644 0.645132 0.157335 0.0451411 0.00609408
3 0.307356 0.666157 0.174547 0.0661089 0.00516005
11 0.299691 0.440369 0.0670814 0.0696358 0.0024974
11 0.317092 0.588704 0.0314798 0.0330517 0.00212103
2 0.234389 0.0380104 0.39076 0.0759875 0.00180388
11 0.213381 0.470732 0.0305434 0.080348 0.00160535
11 0.312529 0.584161 0.0239618 0.0357982 0.00130558
11 0.197287 0.475646 0.0621274 0.0986504 0.001235
11 0.273626 0.458512 0.071805 0.0485307 0.00117479
3 0.313525 0.644722 0.146156 0.0276395 0.00108581
