0 0.355219 0.55852 0.554336 0.229645 0.90104
0 0.41237 0.483097 0.321715 0.0601069 0.0417485
0 0.36075 0.48954 0.381716 0.0744941 0.00808843
9 0.358434 0.539732 0.568995 0.171876 0.00789366
0 0.354101 0.570962 0.258529 0.078866 0.00541011
0 0.43645 0.494756 0.35516 0.0850929 0.00313657
0 0.302479 0.538293 0.402466 0.175852 0.00231575
0 0.353555 0.581221 0.238163 0.0622177 0.00214844
1 0.269696 0.914053 0.202403 0.168131 0.00182638
1 0.302797 0.91324 0.126658 0.161487 0.00173036
0 0.355199 0.560182 0.292653 0.079202 0.00163708
