3 0.429486 0.607953 0.393868 0.124476 0.893347
11 0.514492 0.347118 0.120774 0.0175888 0.0182638
11 0.361163 0.479425 0.0748099 0.0614976 0.0173541
11 0.516164 0.351273 0.130569 0.0221268 0.0141045
11 0.539585 0.361868 0.134131 0.024225 0.00859649
11 0.492367 0.34599 0.117007 0.0165898 0.00827533
11 0.359809 0.474315 0.098126 0.066127 0.00712395
11 0.539614 0.351681 0.139981 0.0199528 0.00608257
11 0.539228 0.366916 0.129536 0.0221575 0.00603526
11 0.529966 0.355931 0.138719 0.0267345 0.0059877
11 0.494794 0.350469 0.128577 0.0217737 0.00500244
11 0.517865 0.361395 0.135079 0.0265474 0.00447204
2 0.500124 0.0370112 0.829612 0.0740224 0.00446856
2 0.459598 0.0588797 0.751435 0.117759 0.0042851
11 0.538218 0.347538 0.141944 0.0178631 0.00409977
11 0.563484 0.362393 0.12657 0.0222907 0.00386883
11 0.501809 0.342272 0.119125 0.0165548 0.00369133
11 0.552611 0.356484 0.133486 0.0240474 0.00343483
11 0.562212 0.367396 0.127272 0.0187518 0.0033885
2 0.501905 0.0245579 0.837353 0.0480722 0.00272001
11 0.541467 0.371331 0.128883 0.0215951 0.00228016
11 0.506638 0.355575 0.134265 0.0280221 0.00194675
11 0.514608 0.366987 0.145238 0.021018 0.00191413
11 0.359342 0.366392 0.102242 0.0239782 0.00166611
11 0.577324 0.357666 0.133342 0.0205708 0.00162866
11 0.564134 0.371706 0.129782 0.0191671 0.00140215
11 0.491655 0.362054 0.146298 0.0240903 0.00126245
11 0.622117 0.407158 0.115056 0.0301169 0.00124479
11 0.591 0.366669 0.138706 0.0212523 0.0011382
11 0.562891 0.352167 0.146381 0.0176366 0.00105823
11 0.513982 0.345577 0.16083 0.0225914 0.00102032
