10 0.264048 0.296598 0.335495 0.190164 0.945048
4 0.524352 0.508301 0.373494 0.505444 0.741376
10 0.623373 0.510797 0.753253 0.422973 0.718267
10 0.471432 0.512555 0.562635 0.347586 0.375867
4 0.492265 0.525284 0.619777 0.339416 0.0588164
4 0.468118 0.476529 0.472856 0.356946 0.0376151
4 0.565949 0.491562 0.246184 0.390346 0.0370753
10 0.514959 0.473975 0.646886 0.256381 0.0264381
10 0.470213 0.441861 0.558157 0.224345 0.0121127
10 0.488165 0.523405 0.437331 0.429683 0.00680333
10 0.274514 0.320703 0.291347 0.13139 0.00335174
10 0.28689 0.340307 0.278963 0.143328 0.00230301
