3 0.390599 0.482799 0.414344 0.218165 0.86242
4 0.649106 0.48776 0.61459 0.127407 0.291294
4 0.428303 0.438854 0.302274 0.0841451 0.0502868
3 0.387612 0.439066 0.424955 0.131551 0.0425527
10 0.568587 0.460826 0.770931 0.194315 0.0309823
4 0.672716 0.470581 0.535468 0.127976 0.00950233
4 0.586502 0.486267 0.667099 0.170614 0.00308651
4 0.403067 0.44939 0.302218 0.104778 0.00272052
4 0.448336 0.453867 0.305943 0.0988664 0.00220439
4 0.63983 0.455748 0.593527 0.165575 0.00174028
4 0.459101 0.454027 0.497195 0.208224 0.00104491
