3 0.36441 0.679626 0.160122 0.138694 0.909721
10 0.806066 0.628169 0.0768962 0.0312406 0.00723783
11 0.822502 0.714369 0.0870961 0.0407801 0.00698121
11 0.809549 0.710441 0.0841405 0.036733 0.00381051
11 0.847674 0.71837 0.0660046 0.0434459 0.00316602
11 0.793487 0.714203 0.0612964 0.0285765 0.00231028
11 0.787525 0.711003 0.0603607 0.0261547 0.00213037
11 0.837004 0.713929 0.0754811 0.0414247 0.00186794
11 0.821184 0.718298 0.0670705 0.0257282 0.00173949
2 0.276438 0.0384713 0.461009 0.0769426 0.00172349
11 0.852734 0.714364 0.052888 0.0340827 0.00143736
2 0.232419 0.0597928 0.379437 0.119586 0.00142105
11 0.787448 0.705768 0.058892 0.0235351 0.00136556
11 0.83514 0.719422 0.0690319 0.0247862 0.00133114
11 0.808126 0.714879 0.06778 0.0260874 0.001225
11 0.80026 0.712055 0.0589788 0.0245733 0.00118979
11 0.847981 0.727144 0.0661757 0.0386834 0.00116032
11 0.846436 0.70932 0.0542378 0.0397911 0.0011217
11 0.754003 0.562901 0.100314 0.0278584 0.00110822
11 0.842353 0.734602 0.0728786 0.0379496 0.00109732
11 0.793512 0.707105 0.0489075 0.0280896 0.00105685
