11 0.04409 0.401922 0.0248313 0.0460849 0.324117
11 0.0420894 0.409423 0.0308516 0.0580427 0.278003
3 0.259763 0.487879 0.0735256 0.130764 0.199595
11 0.0401275 0.403947 0.0280633 0.0442299 0.13297
11 0.0473983 0.404217 0.0249311 0.0519014 0.099743
11 0.835988 0.37564 0.0467841 0.0263222 0.054873
11 0.100666 0.555252 0.0396047 0.0357516 0.0303484
11 0.107119 0.564456 0.0406749 0.0308891 0.028495
11 0.793833 0.38642 0.043505 0.0275602 0.0277918
11 0.855066 0.635261 0.0383453 0.0339731 0.0269373
11 0.0729083 0.500747 0.033573 0.0550334 0.0237651
11 0.106885 0.556796 0.0380073 0.030934 0.0225123
11 0.101771 0.563577 0.0375919 0.0362539 0.0219392
11 0.0357969 0.417148 0.0361725 0.0628803 0.020643
11 0.835274 0.366989 0.0451987 0.0263346 0.0194915
11 0.0456681 0.415671 0.0246707 0.0496907 0.0184337
11 0.099815 0.546271 0.0387884 0.0373939 0.0183847
11 0.788981 0.394576 0.0433391 0.0285113 0.0173614
11 0.106934 0.572639 0.0403645 0.0316618 0.0156318
11 0.805048 0.385901 0.0403909 0.0266986 0.0148286
11 0.949845 0.484777 0.0450341 0.0380522 0.0147979
11 0.0516372 0.479896 0.0209673 0.0585226 0.014517
11 0.888301 0.375443 0.0357631 0.0253788 0.0145135
11 0.784038 0.386919 0.0358353 0.0314101 0.01447
4 0.901203 0.469775 0.0418835 0.0341527 0.0140473
11 0.883429 0.3845 0.0364614 0.0297199 0.0136748
11 0.80046 0.713405 0.0263472 0.049393 0.0132128
11 0.0737309 0.485266 0.0306326 0.0506427 0.0123224
11 0.805029 0.714869 0.0339355 0.0407806 0.0120006
11 0.0682271 0.49315 0.0365206 0.0522605 0.0118988
11 0.778629 0.385124 0.036129 0.0324399 0.0113394
11 0.0567003 0.500539 0.0191912 0.0671305 0.0112032
11 0.0687425 0.484618 0.0394909 0.0450423 0.0105841
11 0.0918531 0.54145 0.0246282 0.0480945 0.0105621
11 0.0917509 0.542732 0.0371621 0.0496689 0.010536
11 0.800674 0.72026 0.02902 0.0506445 0.0101557
11 0.0561808 0.490124 0.0172014 0.0702113 0.0101196
11 0.88821 0.393931 0.0328261 0.0328678 0.0101112
11 0.834976 0.382577 0.0499652 0.0309052 0.0101098
11 0.0686564 0.473984 0.0369385 0.0506285 0.00969593
11 0.0451458 0.476883 0.0192171 0.0728937 0.00952646
11 0.948922 0.47787 0.0436842 0.0432979 0.00949252
11 0.112114 0.564941 0.0535313 0.0355789 0.00946653
11 0.117021 0.564325 0.0355624 0.0290026 0.00936911
4 0.901087 0.447131 0.0449192 0.0421909 0.0092852
11 0.855163 0.642816 0.0386152 0.0374907 0.00912761
11 0.778697 0.392883 0.0375296 0.0393301 0.0087855
11 0.800394 0.704157 0.0251299 0.0468358 0.0087576
11 0.0915646 0.532021 0.0238005 0.0549255 0.00869705
11 0.779516 0.475474 0.021415 0.0385332 0.00859803
4 0.815608 0.629536 0.0527537 0.0706757 0.00849026
11 0.0676632 0.502755 0.0316544 0.0526647 0.00842301
11 0.88796 0.403323 0.0343181 0.0350098 0.00842087
11 0.845022 0.36656 0.048618 0.0248721 0.00824934
11 0.0678746 0.463339 0.0320563 0.0558974 0.00822392
11 0.0799541 0.502065 0.025386 0.0517928 0.0080754
11 0.105986 0.54782 0.0384136 0.0337246 0.00797535
11 0.84201 0.683248 0.0387242 0.0856253 0.00793676
11 0.0627726 0.48287 0.0255564 0.0531898 0.00790716
11 0.782971 0.595775 0.0279753 0.0362156 0.00786574
11 0.122483 0.56492 0.0489053 0.0392303 0.00778298
11 0.169674 0.394277 0.0403485 0.0292024 0.00769019
11 0.843142 0.668776 0.035306 0.0902957 0.00762051
11 0.845659 0.374943 0.0491416 0.0267718 0.00755573
11 0.799751 0.393768 0.0435686 0.0264842 0.00755023
11 0.0562018 0.472741 0.0174222 0.0696082 0.00753275
4 0.899571 0.510013 0.0390398 0.0333537 0.00750483
11 0.149589 0.505003 0.040961 0.042273 0.00748903
11 0.0797681 0.474511 0.0260529 0.0520631 0.00745478
11 0.0750668 0.444332 0.0294385 0.038663 0.0074042
11 0.117661 0.556797 0.0320153 0.0307961 0.00739199
11 0.035592 0.405874 0.034526 0.0402179 0.00734919
11 0.0593139 0.489985 0.0197852 0.0763971 0.00732713
11 0.0808525 0.485598 0.0236388 0.0503339 0.00726991
11 0.11675 0.57187 0.0381691 0.0328837 0.00726614
4 0.899474 0.486542 0.0376041 0.0403103 0.00725725
11 0.804798 0.706529 0.0329521 0.0418633 0.0072197
11 0.805428 0.721823 0.0354265 0.0427894 0.00719501
11 0.887947 0.412441 0.0338411 0.0385688 0.00704388
11 0.0560371 0.511001 0.0194833 0.0617409 0.00690705
11 0.794343 0.704286 0.0294084 0.0436327 0.00682608
11 0.844096 0.662275 0.0261234 0.0845862 0.00671645
11 0.778652 0.482071 0.0201265 0.0441659 0.0066354
11 0.0902965 0.52233 0.0219153 0.062085 0.00660981
11 0.0513553 0.507853 0.0196927 0.0650299 0.00657201
11 0.855726 0.625904 0.0352307 0.0335999 0.00656077
11 0.0578873 0.514172 0.0264337 0.0757358 0.00653252
11 0.778703 0.59513 0.0256297 0.0469613 0.00652614
11 0.861056 0.635694 0.0406707 0.0300579 0.00650615
11 0.779845 0.466764 0.0227618 0.0360376 0.00647143
11 0.16849 0.387139 0.0383001 0.0292957 0.00644191
11 0.116693 0.547289 0.0324791 0.0326265 0.00641922
11 0.839541 0.669569 0.0249576 0.0838496 0.00640391
11 0.148994 0.513342 0.0397697 0.0471722 0.00639229
11 0.943688 0.474776 0.0433976 0.0405931 0.00637915
11 0.795072 0.711879 0.0319767 0.0437572 0.00635853
11 0.0740176 0.462908 0.0313756 0.0490002 0.00634159
11 0.864777 0.654806 0.0432978 0.0623356 0.00633747
11 0.0745425 0.454394 0.0296072 0.0427207 0.00626494
11 0.0532965 0.48626 0.0192136 0.0890268 0.00605741
11 0.0955366 0.535839 0.0287873 0.0477606 0.00604283
11 0.101904 0.572118 0.0360421 0.0353625 0.00590175
11 0.0921037 0.552653 0.024474 0.0446993 0.0058937
11 0.0971635 0.562041 0.0294909 0.040709 0.00575226
11 0.0488339 0.414213 0.0221447 0.0643099 0.00567416
11 0.878338 0.375816 0.032636 0.0266148 0.00560322
11 0.778967 0.585803 0.0263831 0.0344526 0.00557605
11 0.84503 0.653874 0.0248029 0.0629569 0.00544353
11 0.0787262 0.504419 0.0231771 0.0775652 0.0054391
11 0.2784 0.404571 0.0317725 0.0380844 0.00543303
11 0.773761 0.592259 0.0289154 0.0418 0.00537691
4 0.90054 0.530286 0.0424343 0.0387033 0.00535339
11 0.794693 0.720343 0.0361141 0.0446636 0.00533096
11 0.888232 0.420712 0.0324383 0.0411199 0.00529756
11 0.849828 0.652992 0.0294615 0.060229 0.00528621
11 0.129775 0.562014 0.0442108 0.043483 0.00520557
11 0.844137 0.677258 0.0256829 0.0897918 0.00507785
11 0.775594 0.483695 0.0216437 0.0389515 0.00503362
11 0.852282 0.685744 0.046613 0.079518 0.00502706
11 0.878333 0.38342 0.0321 0.0337757 0.00499925
11 0.101937 0.406259 0.0347115 0.0272046 0.00495404
11 0.856111 0.657407 0.0416857 0.0693878 0.004953
11 0.0307273 0.418269 0.0327792 0.0559143 0.00491232
11 0.0932123 0.558621 0.0323824 0.0502932 0.0049084
11 0.0791541 0.465011 0.0305711 0.0455306 0.00487541
11 0.0625032 0.473376 0.0241192 0.0617046 0.00483354
11 0.127128 0.544542 0.0350957 0.0426804 0.00481593
11 0.12695 0.555512 0.0394133 0.0325751 0.00478479
11 0.142567 0.517374 0.0437652 0.0783083 0.00477445
11 0.835908 0.665104 0.0260067 0.0714033 0.00475173
11 0.121864 0.546844 0.0324539 0.0350188 0.00466429
11 0.892798 0.384914 0.0363375 0.030227 0.00463389
11 0.142635 0.505041 0.0378741 0.0439489 0.00462861
11 0.0859437 0.509885 0.0275886 0.0606432 0.00458167
11 0.866252 0.644748 0.0469157 0.0375121 0.00457496
11 0.136093 0.434685 0.0286905 0.0431753 0.00453915
11 0.873039 0.375018 0.0369962 0.0284783 0.00452919
11 0.836436 0.480279 0.0191008 0.0576466 0.00445925
11 0.158383 0.521897 0.0308243 0.0549008 0.0044141
11 0.887819 0.367658 0.0354989 0.0279251 0.00432528
11 0.778259 0.577892 0.0274783 0.0343901 0.00431772
11 0.132454 0.442085 0.0216749 0.0466455 0.0042731
11 0.0753776 0.425808 0.0232855 0.0432632 0.00422333
11 0.774309 0.6024 0.0273669 0.0397492 0.00417157
11 0.0696426 0.445354 0.0257598 0.0432158 0.00414523
11 0.111256 0.406161 0.0371329 0.0291742 0.00412669
11 0.128082 0.440798 0.0212114 0.0442027 0.00412624
11 0.100312 0.538229 0.036095 0.0357817 0.00412356
11 0.89303 0.373137 0.0473359 0.025701 0.00407333
11 0.794667 0.692541 0.024251 0.047017 0.00404925
11 0.892304 0.412123 0.0358257 0.0448507 0.00404145
11 0.810417 0.722584 0.048447 0.0392318 0.00402923
11 0.0453911 0.459564 0.020354 0.0749791 0.00400915
11 0.84633 0.643653 0.0244916 0.0382124 0.00399646
11 0.0853469 0.475795 0.0350714 0.0554815 0.0039959
11 0.794268 0.68473 0.0242389 0.0481495 0.00398401
11 0.0455515 0.495645 0.020698 0.0847349 0.00398295
11 0.0635444 0.499825 0.01961 0.0956372 0.00397971
11 0.841359 0.654009 0.024438 0.0532107 0.00397935
11 0.809922 0.393322 0.0416984 0.0296049 0.00397757
11 0.782639 0.604845 0.0279118 0.0425746 0.00396536
11 0.878151 0.40401 0.0287592 0.0392038 0.00395524
11 0.0558173 0.520888 0.0207 0.0500344 0.0039441
11 0.0798874 0.454973 0.0338302 0.0383987 0.00391288
11 0.878511 0.391741 0.0302693 0.0360576 0.00387371
11 0.142323 0.514055 0.0389437 0.0517336 0.00386319
11 0.800537 0.728142 0.0344289 0.0502113 0.00380802
11 0.154172 0.522264 0.0427198 0.0487727 0.00377819
11 0.0516582 0.463894 0.0187731 0.068098 0.00376942
11 0.814683 0.716649 0.0508531 0.0372991 0.00375818
11 0.0894299 0.521566 0.0362492 0.0630252 0.00375096
11 0.0868519 0.525674 0.0267864 0.0604885 0.00373584
11 0.768247 0.592946 0.0317609 0.0385328 0.00369468
11 0.0863755 0.406623 0.0359811 0.0304369 0.00367733
11 0.773786 0.584303 0.0255667 0.0409821 0.00363625
11 0.85621 0.604567 0.0373208 0.0335429 0.00363174
11 0.819404 0.385835 0.041338 0.0312023 0.00359668
11 0.768394 0.583366 0.03068 0.0386371 0.00359129
11 0.0950386 0.526397 0.0293264 0.0477368 0.00358135
11 0.0786016 0.490959 0.0251667 0.0737773 0.00357048
11 0.763226 0.572868 0.0279301 0.0473103 0.0035691
11 0.873655 0.393279 0.0291433 0.0393397 0.00352579
11 0.0455619 0.436984 0.0247014 0.068927 0.00345729
11 0.0747809 0.433969 0.0252107 0.0391911 0.00336159
10 0.817491 0.610877 0.0530322 0.0563372 0.00336097
11 0.768261 0.575026 0.0274738 0.0401342 0.00335275
11 0.0902767 0.464598 0.0389743 0.0363675 0.00334819
11 0.148907 0.495771 0.0310154 0.0383796 0.0033363
11 0.809678 0.721234 0.047996 0.0585347 0.00332548
11 0.841499 0.593777 0.0298102 0.0388767 0.00331687
11 0.849285 0.668652 0.0277341 0.08898 0.00329878
11 0.799882 0.696546 0.0237838 0.04938 0.00329045
11 0.0632035 0.51284 0.0247445 0.0619861 0.00328894
11 0.778974 0.609583 0.0282618 0.046245 0.00327069
11 0.223948 0.606981 0.0259023 0.0453063 0.00326573
11 0.852921 0.668491 0.042085 0.086107 0.00324576
11 0.106644 0.41385 0.0356543 0.0304191 0.00323373
11 0.0685799 0.454572 0.0266365 0.0533544 0.00322945
11 0.0452506 0.424984 0.0258062 0.0628566 0.00322346
11 0.0545869 0.509716 0.0255807 0.0878528 0.00321341
11 0.840879 0.479664 0.0218725 0.0573169 0.00320867
11 0.142583 0.495664 0.0379726 0.0360724 0.00317435
11 0.157289 0.519178 0.0312259 0.0761784 0.00316726
11 0.758424 0.562298 0.0261694 0.0508707 0.00315073
11 0.163368 0.530132 0.0225544 0.0862262 0.00313824
11 0.841613 0.601776 0.0338583 0.0403856 0.00313239
11 0.775359 0.475057 0.0212346 0.0372748 0.00311992
4 0.899616 0.431481 0.0456979 0.0561245 0.00309624
11 0.835032 0.702981 0.0338373 0.072926 0.00304816
11 0.0855747 0.494972 0.0267549 0.048949 0.00304697
11 0.0532106 0.429686 0.0262624 0.0617227 0.00303788
11 0.878085 0.413785 0.0294385 0.0364406 0.0030329
11 0.763304 0.563933 0.0280705 0.0432254 0.00301879
11 0.195475 0.48274 0.0224776 0.0637615 0.0030182
11 0.0524883 0.417309 0.0270522 0.059451 0.00300456
11 0.123178 0.442946 0.0297919 0.0374493 0.00297705
11 0.0515967 0.519762 0.0202352 0.054169 0.00297357
11 0.0905185 0.414733 0.0420955 0.0292139 0.00291054
11 0.11409 0.572159 0.0517518 0.0484967 0.00290873
11 0.851444 0.614316 0.0306563 0.038393 0.00289135
11 0.0592295 0.471661 0.0192702 0.0660984 0.00285757
4 0.899717 0.538916 0.043684 0.0440319 0.0028444
11 0.793726 0.732419 0.0395411 0.0420748 0.00283294
11 0.788289 0.378397 0.0400012 0.0291529 0.00282367
11 0.783748 0.475629 0.0312297 0.0308395 0.00278323
11 0.817119 0.708436 0.0504443 0.0655377 0.0027775
11 0.846745 0.601927 0.0311783 0.0384065 0.00277098
11 0.0574469 0.499114 0.0222514 0.0991219 0.00275892
11 0.0813211 0.406119 0.0266328 0.0360785 0.00275584
11 0.0803206 0.426287 0.0304218 0.0380016 0.00273122
11 0.804107 0.376993 0.0414095 0.0255628 0.00272969
11 0.134796 0.519321 0.0364171 0.076739 0.00270324
11 0.128029 0.532286 0.0316923 0.0466259 0.00269686
11 0.116375 0.435332 0.0327 0.0375236 0.00268254
11 0.0588641 0.434566 0.0315137 0.039979 0.00267064
11 0.864576 0.662965 0.0377498 0.080519 0.00266993
11 0.825195 0.374605 0.0467469 0.0271574 0.00266025
11 0.06271 0.502153 0.0250019 0.0705555 0.00264103
11 0.0899445 0.502506 0.029022 0.0511478 0.00263323
11 0.835845 0.594343 0.0350992 0.0392277 0.00262566
11 0.836127 0.60318 0.0415233 0.036352 0.00261994
11 0.0676792 0.519355 0.0306747 0.0553319 0.00261365
11 0.800894 0.721354 0.045557 0.0546992 0.00260741
11 0.115936 0.414636 0.0345886 0.0371176 0.00260612
11 0.784314 0.465976 0.0316054 0.0300609 0.00260382
11 0.788281 0.685068 0.0375452 0.0405703 0.00259379
11 0.090266 0.510894 0.0242166 0.0609936 0.00257127
11 0.100601 0.464659 0.0483193 0.0328428 0.00256972
11 0.0437509 0.394197 0.0271047 0.0481574 0.00254493
11 0.050349 0.443117 0.0214239 0.0733226 0.00254465
11 0.0754449 0.416736 0.0298256 0.0428045 0.00249982
11 0.788334 0.703654 0.0453154 0.040338 0.00249746
11 0.822522 0.669608 0.0468922 0.0891322 0.0024605
11 0.0593472 0.522288 0.0210016 0.0515671 0.00244517
11 0.788507 0.694075 0.0403922 0.039568 0.00244405
11 0.783762 0.483073 0.02976 0.0385006 0.00244235
11 0.844591 0.700752 0.045777 0.0696366 0.00242881
11 0.939822 0.481944 0.0347239 0.034279 0.00242693
11 0.85536 0.366911 0.0492585 0.0260234 0.0024149
3 0.136217 0.515444 0.0364355 0.0772644 0.00241358
11 0.787498 0.713631 0.0468925 0.0417431 0.00240791
11 0.0844455 0.465624 0.0330278 0.0432406 0.00240711
11 0.0808181 0.415163 0.0270456 0.0378892 0.00238826
11 0.78321 0.612275 0.0303254 0.0430848 0.00238334
11 0.115806 0.425046 0.0333491 0.0407917 0.00236301
11 0.857095 0.596795 0.0356929 0.0345463 0.00235634
11 0.118015 0.444475 0.0355574 0.0321783 0.00235397
11 0.0891272 0.477187 0.0329878 0.0409687 0.00235391
11 0.131529 0.530919 0.0343835 0.0602756 0.00234078
11 0.279905 0.417515 0.0401516 0.048267 0.00232644
11 0.783232 0.577416 0.028577 0.0332259 0.00232578
11 0.767534 0.384314 0.0427084 0.0323163 0.00231505
11 0.0495548 0.429923 0.0221984 0.0744406 0.00228401
11 0.840453 0.689105 0.0255206 0.0976736 0.00228283
11 0.230592 0.604312 0.0340807 0.042534 0.00227344
11 0.836695 0.654677 0.0279552 0.0493833 0.00227196
11 0.190095 0.492752 0.0283523 0.0703731 0.00226808
11 0.83632 0.465887 0.017835 0.0521697 0.00223607
11 0.132498 0.53828 0.0393606 0.0659426 0.00222894
11 0.851091 0.596379 0.0362917 0.0351641 0.00222094
11 0.943638 0.464333 0.040051 0.0521578 0.00221347
11 0.642845 0.433953 0.0311916 0.0462886 0.00219341
11 0.108912 0.554058 0.0501405 0.0426513 0.00219073
11 0.882564 0.422378 0.0378151 0.0402443 0.00218139
11 0.77939 0.489204 0.0216113 0.0472153 0.00215249
11 0.0523643 0.398269 0.0299911 0.0419221 0.0021487
11 0.799428 0.465432 0.0283099 0.0316736 0.00213715
11 0.0953022 0.474466 0.0413596 0.0417925 0.00213238
11 0.788757 0.40177 0.0421766 0.0347912 0.00211157
11 0.852603 0.70355 0.0559788 0.0583017 0.00209006
11 0.883219 0.37307 0.0402543 0.0266155 0.00208417
11 0.123487 0.534488 0.0278863 0.0425151 0.00207994
11 0.0639381 0.521977 0.0249594 0.0497425 0.00206911
11 0.845803 0.595401 0.0302305 0.0374073 0.00205324
11 0.0947575 0.516971 0.0317339 0.0504163 0.00205085
11 0.778177 0.377275 0.0457719 0.0323824 0.00203818
11 0.793882 0.465539 0.0325079 0.0299767 0.00202722
11 0.163283 0.515109 0.0233159 0.0548162 0.00201269
11 0.772146 0.376701 0.0408189 0.0285705 0.0020068
11 0.127369 0.566316 0.0422159 0.030427 0.00200442
