7 0.482615 0.407071 0.104126 0.0343518 0.696775
7 0.615769 0.577848 0.0938303 0.0414856 0.433994
7 0.615673 0.60693 0.0707144 0.0243905 0.186908
7 0.635849 0.57853 0.0939937 0.0366785 0.0313381
11 0.577378 0.824042 0.0660512 0.0860298 0.0302985
7 0.619031 0.60188 0.0732868 0.0308332 0.0296666
7 0.483633 0.401785 0.0996562 0.0304772 0.0146826
7 0.656034 0.577632 0.093992 0.0385166 0.012577
7 0.625746 0.607736 0.0602454 0.0279437 0.00801705
7 0.626539 0.603231 0.0549401 0.0269931 0.00514334
7 0.474256 0.410994 0.0898061 0.0360594 0.0036532
7 0.626182 0.596963 0.0584064 0.0385189 0.00234353
7 0.622494 0.595617 0.0773198 0.0342757 0.00221135
11 0.809565 0.89638 0.224118 0.150224 0.00209263
7 0.649064 0.582064 0.0815753 0.0347658 0.00201728
7 0.634406 0.595782 0.0749478 0.0305955 0.00180709
7 0.627277 0.586034 0.0732532 0.0464718 0.00159335
7 0.634409 0.586283 0.0804715 0.0378867 0.001532
7 0.605286 0.604466 0.0931766 0.0271438 0.00144576
7 0.614731 0.592617 0.0715683 0.0504052 0.00118894
7 0.608925 0.582083 0.0931045 0.0527959 0.00118386
7 0.633322 0.610033 0.0586494 0.0333071 0.00111773
5 0.922631 0.698466 0.154738 0.41646 0.00104898
