6 0.834003 0.698921 0.222432 0.0959555 0.575443
10 0.285362 0.485225 0.110203 0.0927123 0.0405849
10 0.417896 0.693434 0.135956 0.0872528 0.0361879
3 0.284177 0.484274 0.115704 0.0959082 0.032311
6 0.417819 0.693872 0.136296 0.0835946 0.018069
2 0.475618 0.0332478 0.79448 0.0664956 0.00540592
6 0.831103 0.676539 0.224825 0.1425 0.00431612
11 0.211509 0.336849 0.136783 0.022479 0.00370919
2 0.476435 0.0230098 0.801438 0.0446174 0.003543
2 0.425213 0.0547452 0.696612 0.10923 0.00230064
11 0.85387 0.822819 0.0402704 0.0777071 0.00226384
6 0.28433 0.483265 0.123256 0.0995159 0.00160623
11 0.848152 0.828696 0.0474738 0.0899232 0.00131919
