10 0.391931 0.543177 0.306248 0.461404 0.903718
8 0.585784 0.744574 0.280159 0.25446 0.821006
4 0.454492 0.526597 0.389794 0.232042 0.782387
3 0.516429 0.811755 0.24563 0.181009 0.160735
3 0.237244 0.722648 0.25255 0.16055 0.137568
10 0.449688 0.509963 0.389279 0.395057 0.110643
2 0.452158 0.494483 0.406223 0.308767 0.00858219
10 0.530044 0.720107 0.38682 0.359378 0.0075998
10 0.36163 0.594329 0.37076 0.391299 0.00533136
11 0.345073 0.834053 0.121314 0.071953 0.00365231
3 0.510194 0.78043 0.265706 0.21805 0.00266653
4 0.435111 0.714042 0.24711 0.19814 0.00242403
3 0.484672 0.761943 0.260462 0.139481 0.00206068
8 0.388537 0.592953 0.308052 0.356593 0.00167547
3 0.422387 0.733451 0.297153 0.213564 0.0011819
4 0.44281 0.689109 0.209742 0.180684 0.00113921
10 0.411515 0.493905 0.292597 0.353796 0.00112214
8 0.518761 0.811187 0.241029 0.187236 0.00103003
