3 0.228075 0.731974 0.196707 0.153373 0.889516
11 0.526848 0.406571 0.154765 0.0609315 0.0917889
11 0.511815 0.401987 0.160789 0.0501363 0.0520052
3 0.386705 0.774003 0.155012 0.0817874 0.0115638
11 0.45144 0.403216 0.186918 0.0362981 0.00900319
11 0.48544 0.401883 0.185108 0.042738 0.00873157
2 0.49922 0.0333851 0.870915 0.0667703 0.00721036
2 0.432617 0.0520138 0.75525 0.104028 0.00459945
2 0.240984 0.0669519 0.471993 0.133904 0.00325184
11 0.489721 0.393886 0.0996624 0.0397619 0.00276056
3 0.364543 0.771561 0.218357 0.0824629 0.00254018
11 0.451376 0.404482 0.124661 0.0243094 0.00178974
11 0.534356 0.65303 0.132239 0.0809897 0.00153432
11 0.500179 0.645592 0.14568 0.0701432 0.00153341
11 0.503775 0.397089 0.107932 0.0411431 0.00148938
11 0.582644 0.669853 0.189049 0.0658234 0.0014352
11 0.533443 0.640608 0.0743684 0.0532721 0.00126683
11 0.42995 0.651852 0.101505 0.0388982 0.00125238
11 0.464064 0.400211 0.11198 0.0300937 0.0010715
