4 0.701191 0.549443 0.238354 0.437022 0.885764
10 0.497172 0.577007 0.604509 0.15774 0.81098
8 0.79568 0.453136 0.136834 0.368382 0.508341
10 0.539553 0.610623 0.541007 0.0754684 0.146376
10 0.525794 0.593758 0.513872 0.117253 0.0274428
3 0.392705 0.518111 0.199488 0.300684 0.0179319
10 0.585444 0.606229 0.497169 0.0961953 0.00690727
8 0.801213 0.481664 0.248961 0.486331 0.00669294
10 0.389337 0.522593 0.204094 0.308415 0.00436208
10 0.396102 0.575122 0.402326 0.167325 0.00403289
4 0.387064 0.524839 0.208409 0.311344 0.00333559
2 0.69876 0.526158 0.282971 0.453791 0.00144117
8 0.794102 0.395293 0.138824 0.249573 0.00109599
