9 0.276693 0.433072 0.322863 0.247578 0.969755
7 0.35833 0.638769 0.123223 0.150033 0.903994
7 0.254529 0.428919 0.14792 0.133028 0.0750781
7 0.18983 0.343876 0.0924118 0.0679071 0.0641966
7 0.257135 0.421818 0.206986 0.135951 0.0501394
6 0.300957 0.398122 0.268299 0.112439 0.0248936
6 0.248869 0.402179 0.248019 0.126623 0.0240038
7 0.22599 0.398504 0.171714 0.154975 0.0234979
7 0.196196 0.398902 0.124845 0.161763 0.0194864
7 0.231323 0.429839 0.129012 0.14077 0.0179728
7 0.255075 0.431195 0.102994 0.131905 0.017871
6 0.285053 0.416648 0.257732 0.140873 0.00900261
6 0.24016 0.379036 0.254609 0.101719 0.00837233
6 0.229193 0.360447 0.220076 0.092437 0.00638236
7 0.239873 0.368843 0.251121 0.105515 0.00631376
6 0.227327 0.419173 0.13263 0.15076 0.00577782
7 0.227909 0.395849 0.222497 0.1289 0.00519992
7 0.184198 0.336079 0.082377 0.0596587 0.00506806
7 0.201236 0.350698 0.132414 0.0779653 0.00473336
7 0.217261 0.351019 0.163574 0.0973773 0.00441333
6 0.210596 0.400706 0.108642 0.177353 0.00394017
7 0.195814 0.339639 0.116024 0.093484 0.00252566
6 0.2018 0.355972 0.143696 0.0885001 0.00250133
7 0.188516 0.355984 0.10172 0.0892492 0.00216613
7 0.174618 0.36585 0.114463 0.107714 0.0015005
7 0.207406 0.422544 0.141705 0.153424 0.00107828
6 0.184138 0.398953 0.115184 0.170835 0.00106219
