11 0.499728 0.233303 0.155242 0.118366 0.874686
8 0.725874 0.468044 0.0680368 0.194799 0.0506287
11 0.783329 0.453836 0.0708335 0.0736626 0.0450335
11 0.730465 0.447153 0.0670521 0.14441 0.0279045
11 0.778559 0.446558 0.0715488 0.0976322 0.0122751
11 0.752207 0.44042 0.0650034 0.126857 0.00537238
11 0.768855 0.44193 0.0755549 0.1245 0.00410366
11 0.742235 0.442609 0.0782255 0.139904 0.00379743
10 0.721402 0.484744 0.0794528 0.230916 0.00304871
11 0.792112 0.459299 0.0837928 0.0752256 0.00164256
8 0.730734 0.435775 0.0666967 0.129613 0.00112391
