7 0.287003 0.513744 0.0566743 0.193102 0.567685
11 0.299446 0.49204 0.0875065 0.139151 0.137132
11 0.293441 0.509355 0.0807442 0.180314 0.0555309
11 0.275049 0.51035 0.118522 0.178598 0.00971888
7 0.278863 0.52886 0.0592686 0.158807 0.00546677
11 0.251561 0.494791 0.153739 0.145696 0.00252595
4 0.519908 0.442115 0.194504 0.0994193 0.00206056
7 0.267645 0.551973 0.0659082 0.115324 0.00161643
7 0.270562 0.536698 0.0971074 0.138653 0.00135998
11 0.288627 0.522887 0.0621284 0.192009 0.0013159
11 0.292522 0.481352 0.107015 0.114816 0.00111739
7 0.277665 0.52128 0.0795361 0.170307 0.00110082
