3 0.788725 0.428008 0.139313 0.088526 0.856533
11 0.293814 0.5386 0.0680905 0.0260021 0.10663
11 0.287438 0.538059 0.0840221 0.0327825 0.00359864
11 0.781163 0.430613 0.122781 0.0833633 0.00351714
11 0.296777 0.534197 0.064241 0.0218118 0.00339135
11 0.302317 0.542793 0.0670344 0.0251703 0.00218318
11 0.354914 0.742935 0.0923548 0.0322797 0.00206262
11 0.323946 0.71911 0.106744 0.0706272 0.00192124
3 0.164966 0.838427 0.198033 0.0873645 0.00180899
11 0.280112 0.739035 0.043422 0.0303941 0.00177603
11 0.286087 0.737076 0.0621286 0.0445408 0.00159862
10 0.0866772 0.697224 0.0538238 0.0596363 0.00142441
2 0.274493 0.0357104 0.459866 0.0714208 0.00134921
11 0.312094 0.45891 0.0566071 0.0831278 0.00129791
11 0.301495 0.539377 0.0601752 0.0203837 0.00129107
2 0.237254 0.0566355 0.387136 0.112341 0.00118968
11 0.296874 0.52854 0.0636256 0.0240608 0.00103048
