3 0.549064 0.362817 0.335353 0.126732 0.673474
11 0.47754 0.757613 0.270285 0.031545 0.100157
11 0.527303 0.761906 0.286394 0.0375602 0.0583463
11 0.454205 0.760817 0.254963 0.0329633 0.057548
11 0.41348 0.762088 0.26508 0.0297127 0.0377911
11 0.563791 0.7638 0.206259 0.0420502 0.0357507
11 0.718414 0.770499 0.0777944 0.0565322 0.0153587
11 0.208231 0.655394 0.0682599 0.0911922 0.0138986
11 0.390641 0.75843 0.235876 0.0280344 0.0127635
2 0.507333 0.0349284 0.854421 0.0698567 0.0123569
11 0.202185 0.670893 0.0834091 0.0892063 0.00911885
11 0.37146 0.764358 0.209719 0.0337132 0.00826289
2 0.492142 0.0569655 0.796335 0.113931 0.00520437
11 0.51298 0.752711 0.29926 0.035772 0.003825
11 0.191261 0.68351 0.084502 0.109503 0.00305294
11 0.183655 0.666818 0.079663 0.0764346 0.00303294
11 0.553258 0.753374 0.217777 0.038943 0.00278171
11 0.714489 0.762952 0.0548764 0.0515245 0.00157301
11 0.72374 0.767427 0.0532447 0.0532372 0.00150512
11 0.454103 0.752626 0.24583 0.0333667 0.00116097
11 0.637585 0.653499 0.141246 0.0832991 0.00101972
11 0.5529 0.744384 0.20972 0.0442141 0.00101048
