10 0.495273 0.659503 0.518174 0.304348 0.972309
4 0.482925 0.477838 0.341212 0.0742593 0.631707
4 0.492948 0.473811 0.321862 0.0551804 0.374248
4 0.456848 0.480037 0.437482 0.0913789 0.274739
10 0.492668 0.473181 0.327857 0.0499771 0.180095
4 0.43727 0.486795 0.398527 0.136962 0.0196512
4 0.476681 0.45799 0.367642 0.140499 0.00502339
4 0.405528 0.465556 0.136822 0.107394 0.00317011
10 0.39403 0.469304 0.1639 0.100967 0.00136625
4 0.469666 0.479697 0.25361 0.0507445 0.00134244
4 0.411787 0.441072 0.1525 0.153012 0.00133502
4 0.419624 0.470214 0.190671 0.0917871 0.00109698
