3 0.836626 0.68788 0.167685 0.313495 0.861919
4 0.824784 0.529163 0.179712 0.278057 0.653741
4 0.860592 0.594392 0.141908 0.216917 0.430111
4 0.852825 0.558154 0.149564 0.263516 0.0306188
4 0.858768 0.642093 0.159466 0.324032 0.0283661
11 0.829893 0.814951 0.150685 0.0504934 0.0244412
4 0.872503 0.611375 0.174763 0.257374 0.00688968
11 0.831056 0.804139 0.149905 0.0803133 0.00377969
4 0.843338 0.566822 0.128943 0.152342 0.00329055
4 0.82272 0.584415 0.16066 0.177291 0.00250698
4 0.848851 0.50981 0.0958801 0.140167 0.00169988
4 0.801315 0.655981 0.249586 0.198778 0.0015537
10 0.852032 0.565867 0.111317 0.16084 0.00149441
4 0.846262 0.49019 0.0926762 0.0984391 0.00108616
8 0.83837 0.644451 0.249439 0.252212 0.00100374
