0 0.493474 0.40278 0.330704 0.394926 0.962341
9 0.61233 0.471862 0.269668 0.258538 0.842857
7 0.766288 0.775271 0.082356 0.108606 0.839443
6 0.373958 0.670441 0.523864 0.171077 0.813818
6 0.585829 0.372007 0.180261 0.232237 0.00292962
6 0.619276 0.340368 0.117766 0.242051 0.00229315
1 0.136952 0.0992297 0.256379 0.125952 0.00221218
6 0.634393 0.349682 0.138518 0.20526 0.00165627
6 0.649274 0.396467 0.148196 0.111005 0.00137256
7 0.541506 0.589265 0.282352 0.267429 0.00135753
7 0.248468 0.718399 0.301976 0.0450061 0.00131538
6 0.597975 0.403122 0.189273 0.170921 0.00120338
6 0.411395 0.633062 0.47409 0.260815 0.0011976
6 0.336187 0.695446 0.436711 0.155282 0.00101572
