2 0.243678 0.444535 0.0842943 0.278137 0.472138
2 0.308851 0.479294 0.312362 0.216021 0.449398
2 0.221554 0.47789 0.138929 0.217738 0.299677
2 0.256348 0.425204 0.0569694 0.316443 0.261687
2 0.341445 0.461433 0.385322 0.250022 0.117777
2 0.201092 0.483573 0.0950576 0.215491 0.0839937
4 0.260636 0.417768 0.0434102 0.332466 0.04506
2 0.176067 0.483348 0.045715 0.218549 0.0439322
2 0.264156 0.414507 0.0421803 0.330143 0.0149146
2 0.124674 0.496006 0.249348 0.23437 0.00951076
10 0.252971 0.340779 0.0280544 0.18406 0.00717288
2 0.205035 0.484733 0.410069 0.231016 0.00692564
4 0.26804 0.41722 0.0618671 0.335011 0.00669753
5 0.26913 0.44611 0.0308806 0.269607 0.00363771
1 0.258597 0.417785 0.0413109 0.338688 0.00330881
2 0.268593 0.483981 0.422961 0.229508 0.00297205
10 0.176496 0.475969 0.0466326 0.203575 0.00286876
2 0.116708 0.49847 0.233416 0.270021 0.00260393
4 0.254041 0.375146 0.0264745 0.25766 0.00184778
2 0.340409 0.386581 0.360857 0.403684 0.00182231
2 0.389618 0.421492 0.488628 0.326787 0.00182043
4 0.242756 0.418349 0.0832024 0.328786 0.00143391
1 0.255594 0.387138 0.0255224 0.279032 0.00116504
