10 0.515761 0.50677 0.594865 0.197509 0.925874
4 0.60008 0.559145 0.445214 0.14403 0.758241
10 0.630156 0.581407 0.434793 0.0988495 0.0213923
1 0.556901 0.599544 0.287948 0.0695537 0.0120634
1 0.52707 0.5975 0.244139 0.0971132 0.00978304
10 0.630413 0.473485 0.367631 0.127118 0.00515242
10 0.617958 0.56003 0.403165 0.144234 0.00454992
10 0.566441 0.483952 0.493797 0.219886 0.0037015
4 0.603393 0.593889 0.369893 0.0714363 0.00346587
10 0.603789 0.590663 0.37985 0.0776608 0.00313798
10 0.535422 0.607962 0.249142 0.0452749 0.00291873
10 0.569506 0.603911 0.286056 0.0501664 0.00150897
