5 0.413713 0.654316 0.472482 0.197047 0.924463
1 0.725728 0.647611 0.344476 0.16166 0.907165
3 0.434044 0.651514 0.317471 0.163177 0.78179
3 0.38934 0.657751 0.295349 0.170887 0.0522272
5 0.266665 0.496564 0.263463 0.274001 0.0251621
5 0.286136 0.461994 0.270483 0.261345 0.0190563
5 0.325203 0.496838 0.280519 0.280018 0.0124406
5 0.292855 0.523633 0.254436 0.26588 0.00703867
5 0.235584 0.530718 0.254956 0.256808 0.00525536
5 0.322862 0.427136 0.289131 0.22451 0.00455191
5 0.224356 0.46223 0.272965 0.258591 0.00418262
5 0.260966 0.428547 0.281775 0.231913 0.00326392
5 0.459443 0.662642 0.359862 0.164355 0.00321306
5 0.181261 0.489749 0.27345 0.262186 0.00142103
