3 0.345623 0.729683 0.373035 0.0913175 0.853115
3 0.442946 0.794331 0.427786 0.051115 0.0373972
2 0.50642 0.0350087 0.856033 0.0700174 0.00509203
3 0.215459 0.816662 0.072904 0.0718193 0.00419421
2 0.493097 0.0570092 0.799935 0.114018 0.00404405
11 0.215212 0.816767 0.0693226 0.0701984 0.00328979
3 0.393404 0.795185 0.290045 0.0472317 0.00265426
2 0.528681 0.0251507 0.869288 0.0494967 0.00175169
11 0.599247 0.358144 0.147564 0.0285219 0.00158794
11 0.584582 0.356138 0.114848 0.0177099 0.00150539
2 0.275447 0.0701778 0.520167 0.140356 0.00134613
