3 0.422135 0.626123 0.381672 0.132345 0.900447
11 0.176587 0.353236 0.0604146 0.0574504 0.12873
11 0.403775 0.294162 0.108121 0.0168743 0.114635
11 0.406195 0.296393 0.123154 0.0219703 0.0778583
11 0.430966 0.296935 0.127046 0.022688 0.0581949
11 0.428674 0.297839 0.103802 0.0179219 0.0530937
11 0.184819 0.360505 0.0666663 0.0679784 0.0488985
11 0.388447 0.294795 0.135916 0.0268201 0.0423462
11 0.314577 0.351105 0.0980699 0.0201745 0.034741
11 0.378168 0.297661 0.141437 0.0220889 0.0338727
11 0.176308 0.350282 0.040726 0.0511235 0.0278412
11 0.313707 0.325313 0.133892 0.045966 0.0266987
11 0.314051 0.346407 0.0998026 0.018497 0.023741
11 0.301582 0.356046 0.0951864 0.0184228 0.0224186
11 0.327976 0.354576 0.0799265 0.0222348 0.0188407
11 0.455508 0.296822 0.132408 0.0221005 0.0152993
11 0.340366 0.349124 0.0912274 0.031273 0.0143121
11 0.344905 0.356036 0.0768859 0.0328205 0.0140457
11 0.311952 0.360323 0.0952453 0.0234353 0.0130549
11 0.328053 0.340623 0.115145 0.0289041 0.0118655
11 0.185313 0.349405 0.0499997 0.0486853 0.0118027
11 0.449745 0.301035 0.126223 0.0239406 0.0117759
11 0.379799 0.293717 0.113895 0.0172197 0.0105769
11 0.342208 0.353269 0.0639303 0.0257661 0.0103375
11 0.429769 0.507162 0.127108 0.0188731 0.0103169
11 0.354346 0.35365 0.0653108 0.0284893 0.00992796
11 0.19849 0.363027 0.0688969 0.0657229 0.00979787
11 0.288684 0.360245 0.108323 0.0213761 0.00937032
11 0.290846 0.351679 0.0794729 0.02093 0.00934417
11 0.401993 0.290616 0.0908917 0.0154756 0.00908278
11 0.441877 0.294963 0.119269 0.01549 0.00865924
11 0.185664 0.35991 0.0575853 0.0524468 0.00844773
11 0.276706 0.356579 0.0998644 0.0196989 0.00812216
11 0.467678 0.349685 0.0790777 0.032818 0.00800496
11 0.314111 0.342168 0.0984361 0.019831 0.00776606
11 0.328662 0.358558 0.0748353 0.0263263 0.00705003
11 0.353896 0.357464 0.0810949 0.0384234 0.00669449
11 0.350517 0.351555 0.0882676 0.0345724 0.00661324
11 0.175012 0.360823 0.0476682 0.0527243 0.00653012
11 0.316985 0.349091 0.108982 0.0276501 0.00632836
11 0.340535 0.346556 0.06818 0.0215359 0.005783
11 0.416412 0.291431 0.0742205 0.0171035 0.00563984
11 0.420943 0.298689 0.0928154 0.027752 0.00551004
11 0.549111 0.312752 0.155089 0.0230365 0.00528278
11 0.41883 0.508625 0.149541 0.023478 0.00525544
11 0.374808 0.358894 0.0793653 0.0395171 0.00518005
11 0.300784 0.363931 0.0980371 0.0272106 0.00513519
11 0.374495 0.355154 0.0917182 0.0303745 0.00489459
11 0.455482 0.348262 0.090453 0.0302991 0.00480094
11 0.186116 0.349551 0.0823304 0.054719 0.00463281
11 0.196478 0.35476 0.0623657 0.0473251 0.004469
11 0.466478 0.342463 0.0751244 0.0287935 0.00442804
11 0.366844 0.293508 0.0985255 0.020129 0.00432014
11 0.291604 0.346158 0.0700411 0.0231455 0.00411349
11 0.427702 0.503197 0.11138 0.0176635 0.00409201
11 0.206628 0.355094 0.0786573 0.0370238 0.00404141
11 0.568156 0.315446 0.149799 0.0200337 0.00399507
11 0.442398 0.511167 0.143349 0.0221876 0.00396162
11 0.41578 0.401625 0.0828083 0.0357081 0.00374119
11 0.309641 0.329715 0.0982651 0.0339236 0.00374079
2 0.509496 0.03369 0.847126 0.06738 0.00369446
11 0.4772 0.346969 0.0862621 0.030592 0.00347541
11 0.345758 0.301034 0.151309 0.0253801 0.00343766
11 0.46755 0.29466 0.148972 0.0148695 0.003272
11 0.31186 0.338618 0.136331 0.0275207 0.00322764
11 0.480482 0.35169 0.0939747 0.0328036 0.00322025
11 0.456484 0.353859 0.0928345 0.0275308 0.00321771
11 0.458545 0.299529 0.131346 0.0160805 0.00317027
11 0.223635 0.356522 0.0999639 0.041936 0.00315329
11 0.34279 0.358491 0.0587125 0.0346497 0.00305704
11 0.451424 0.341618 0.0978375 0.027525 0.00301335
11 0.34264 0.343437 0.102084 0.0299427 0.00294274
11 0.405278 0.395571 0.0565747 0.0415713 0.00290717
11 0.429214 0.290887 0.0847995 0.0164332 0.00289948
11 0.1763 0.34085 0.0454876 0.0464515 0.00289165
11 0.341168 0.342705 0.0627289 0.0226412 0.00283253
11 0.314217 0.365086 0.0819652 0.0322173 0.00279813
11 0.298194 0.336608 0.0935594 0.0273582 0.00277221
11 0.262004 0.360309 0.115184 0.0204649 0.00276452
11 0.300105 0.325626 0.104959 0.0291706 0.00276275
11 0.166365 0.345465 0.0455568 0.0528838 0.00274928
11 0.325145 0.338565 0.0783584 0.0261636 0.00272984
11 0.176084 0.342008 0.0707739 0.0523773 0.00271657
11 0.298296 0.330824 0.0969032 0.0294092 0.00253094
11 0.528689 0.398079 0.124211 0.0201579 0.00249525
11 0.465996 0.30793 0.134434 0.0200586 0.00246938
11 0.472092 0.304453 0.122999 0.0220347 0.00239656
11 0.34967 0.347693 0.0692572 0.0238497 0.00238237
11 0.490818 0.313093 0.109192 0.01842 0.00233763
11 0.315801 0.31791 0.150322 0.0452432 0.00220648
11 0.406074 0.401261 0.0631752 0.0458233 0.00209311
11 0.167604 0.355214 0.0422487 0.057243 0.00208747
11 0.502288 0.398283 0.143235 0.0195333 0.00205336
11 0.376647 0.363906 0.0634575 0.0411449 0.00203181
2 0.486445 0.0543385 0.767793 0.108677 0.00201225
11 0.435548 0.349075 0.121981 0.0336763 0.00201053
11 0.478492 0.312368 0.114331 0.0220313 0.00199974
11 0.494554 0.308983 0.0791022 0.0215354 0.00194781
11 0.45557 0.359341 0.0948761 0.0234614 0.00191802
11 0.479591 0.309028 0.102398 0.0201337 0.00189376
11 0.391583 0.300778 0.151853 0.0233721 0.0018663
11 0.520314 0.312223 0.124666 0.0228521 0.00183554
11 0.377718 0.290131 0.107781 0.0159456 0.00182482
11 0.298969 0.350707 0.129711 0.0267521 0.00182403
11 0.338333 0.294246 0.1062 0.0202277 0.00177374
11 0.468956 0.357997 0.0846532 0.0290998 0.00176777
11 0.354697 0.297165 0.0928367 0.0224757 0.00176149
11 0.296085 0.358334 0.136188 0.0274921 0.00169808
11 0.427915 0.39795 0.108413 0.022347 0.00169154
11 0.223746 0.360842 0.0779655 0.034335 0.00167511
11 0.195523 0.344737 0.0663825 0.043267 0.00164231
11 0.22396 0.35581 0.0875129 0.027669 0.0016036
11 0.450932 0.310602 0.116108 0.0288623 0.0016012
11 0.331597 0.363395 0.0655928 0.0378086 0.00156047
11 0.529238 0.309394 0.104482 0.0191843 0.00154768
11 0.443664 0.304974 0.115631 0.0281657 0.00148851
2 0.51424 0.0232702 0.849905 0.0460137 0.00147797
11 0.276779 0.363138 0.124384 0.0268262 0.00147317
11 0.290382 0.341039 0.0729201 0.0240496 0.0014413
11 0.262356 0.351428 0.117377 0.0189753 0.00139103
11 0.249392 0.356961 0.0991586 0.0179052 0.00138365
11 0.439643 0.345937 0.134833 0.0246762 0.0013549
11 0.507583 0.298866 0.127778 0.0222812 0.00135236
11 0.458054 0.303671 0.132035 0.0181517 0.00134531
11 0.338074 0.338481 0.0720898 0.0274997 0.00127533
11 0.203936 0.392746 0.0429936 0.0544162 0.00127241
11 0.208683 0.404908 0.0521094 0.0828686 0.00127159
2 0.26874 0.0677083 0.500767 0.135417 0.00123923
11 0.236106 0.356747 0.0874433 0.0210725 0.00120816
11 0.452054 0.508467 0.127028 0.0201445 0.00120225
11 0.389138 0.35685 0.10732 0.0262302 0.00119457
11 0.346678 0.362929 0.0678604 0.0421478 0.00119444
11 0.426493 0.500436 0.0994297 0.0223701 0.00118729
11 0.299829 0.320423 0.112401 0.0262196 0.00117417
11 0.492623 0.294475 0.114099 0.013675 0.00115642
11 0.339659 0.298406 0.104126 0.0218015 0.00112779
11 0.186684 0.340758 0.0540429 0.043047 0.0011238
11 0.361904 0.363645 0.054645 0.0452919 0.00111371
11 0.288005 0.325879 0.108314 0.025146 0.00109147
11 0.530456 0.30454 0.106554 0.0168076 0.00108457
11 0.273589 0.3593 0.153484 0.0319838 0.001083
11 0.324018 0.299459 0.124649 0.0205126 0.00108108
11 0.583918 0.324856 0.15047 0.0289462 0.00107089
11 0.582231 0.317853 0.134717 0.0218709 0.00106932
11 0.389237 0.352446 0.124038 0.0276752 0.00105571
11 0.427162 0.402099 0.112098 0.0245737 0.00104547
11 0.506828 0.310517 0.0930129 0.0184618 0.00103587
11 0.333053 0.313128 0.151787 0.0388845 0.001033
11 0.403829 0.50825 0.160061 0.0286619 0.0010047
