1 0.403115 0.600763 0.157957 0.332586 0.781973
5 0.42904 0.617191 0.0858463 0.361881 0.0131825
1 0.433857 0.687107 0.0669564 0.236149 0.00842362
5 0.42577 0.685649 0.0719142 0.217052 0.00680452
1 0.394399 0.657798 0.138864 0.217737 0.00402832
1 0.416644 0.67703 0.0881507 0.200542 0.0040064
6 0.480888 0.219919 0.418088 0.336836 0.0021546
10 0.246228 0.905354 0.337174 0.189292 0.00146582
1 0.43125 0.560494 0.0819236 0.203097 0.00137838
1 0.378844 0.660972 0.0956089 0.204623 0.00118251
1 0.418167 0.0903735 0.118831 0.0358228 0.00118122
1 0.402308 0.67553 0.114118 0.178158 0.00117364
6 0.441989 0.252677 0.494911 0.483988 0.00103479
