1 0.631742 0.620086 0.0863884 0.204411 0.645706
1 0.755952 0.770217 0.115574 0.208442 0.240067
1 0.701461 0.707612 0.205681 0.207078 0.115361
1 0.706907 0.677607 0.24069 0.266301 0.0945692
5 0.752385 0.770388 0.110079 0.206672 0.0879632
1 0.676964 0.711682 0.138266 0.192387 0.0671613
1 0.705085 0.631793 0.263649 0.263364 0.0514858
11 0.32996 0.249539 0.100368 0.0682283 0.0334466
1 0.649124 0.679576 0.11839 0.236497 0.0226935
1 0.634954 0.630772 0.0739124 0.161141 0.0181998
1 0.632483 0.592155 0.0954113 0.205208 0.0149637
1 0.665203 0.655239 0.172483 0.252722 0.0108492
5 0.718133 0.659554 0.266134 0.30341 0.00933347
1 0.748442 0.777428 0.0844062 0.186413 0.00595883
1 0.726535 0.718589 0.249675 0.269468 0.00588018
1 0.758168 0.562977 0.142572 0.16518 0.00436698
1 0.637318 0.580782 0.129492 0.187108 0.0027057
1 0.622091 0.591886 0.0652802 0.204415 0.0025677
5 0.793789 0.640425 0.11118 0.114922 0.00246594
5 0.758153 0.563184 0.103902 0.165158 0.00222593
1 0.645677 0.712966 0.0977488 0.19578 0.00212829
1 0.716446 0.728249 0.171293 0.166691 0.00149124
10 0.61458 0.585078 0.0508888 0.194977 0.00147202
1 0.753659 0.554093 0.0976809 0.146387 0.00139601
5 0.680832 0.644002 0.235167 0.138208 0.00124748
5 0.707022 0.727827 0.173294 0.164196 0.00119887
5 0.74488 0.739136 0.134723 0.196012 0.00110388
1 0.743397 0.749118 0.137501 0.203857 0.00108742
1 0.669748 0.717465 0.0949023 0.18669 0.00101256
