1 0.398461 0.511975 0.0751572 0.203578 0.689757
1 0.306142 0.539101 0.203964 0.246866 0.473765
1 0.316881 0.601059 0.127607 0.142282 0.0601948
1 0.338218 0.574785 0.151931 0.182812 0.0314865
1 0.389659 0.544975 0.0587485 0.138754 0.00857821
5 0.305549 0.541778 0.189739 0.254157 0.00727467
1 0.324338 0.61292 0.100915 0.10571 0.00480735
1 0.384837 0.522457 0.0520139 0.189499 0.0043944
1 0.313457 0.594758 0.107986 0.117612 0.00427922
1 0.307505 0.571038 0.148772 0.185002 0.00420651
1 0.379962 0.557889 0.0412701 0.115408 0.00370858
5 0.342061 0.590221 0.104921 0.14288 0.00191677
1 0.335637 0.597498 0.1227 0.127438 0.00189014
