10 0.878576 0.627739 0.117208 0.29239 0.881926
6 0.726674 0.309974 0.193622 0.186947 0.590674
6 0.263199 0.27468 0.17311 0.258421 0.385694
10 0.592556 0.581641 0.558383 0.292565 0.301492
10 0.403354 0.576385 0.706211 0.348479 0.0287417
6 0.305136 0.889802 0.599475 0.220395 0.012333
1 0.271953 0.223965 0.205838 0.371829 0.0090833
10 0.40929 0.507893 0.522974 0.382751 0.0080435
10 0.276254 0.30295 0.194557 0.529753 0.00770166
6 0.76714 0.348522 0.120355 0.104727 0.00578959
6 0.238386 0.823141 0.476773 0.353718 0.0043332
6 0.526695 0.893329 0.695395 0.213343 0.00409472
10 0.38517 0.262285 0.525195 0.407816 0.00388241
6 0.293198 0.263861 0.128333 0.274884 0.00376185
6 0.820462 0.475582 0.123764 0.145147 0.00354847
6 0.304926 0.24201 0.256904 0.348068 0.00299437
10 0.357603 0.636127 0.616253 0.228293 0.00292821
10 0.404204 0.420161 0.53095 0.441763 0.00252256
6 0.402316 0.886195 0.688938 0.227611 0.00249421
10 0.564568 0.528386 0.253745 0.0492335 0.00208475
6 0.25263 0.290143 0.143366 0.212538 0.00186181
6 0.541208 0.821084 0.615783 0.357833 0.00174299
6 0.754838 0.330246 0.138715 0.14425 0.00159793
6 0.314594 0.805599 0.552831 0.388802 0.00145897
6 0.278551 0.285694 0.130266 0.286199 0.00141903
6 0.218811 0.877927 0.435615 0.244146 0.00132932
10 0.296184 0.235237 0.242371 0.411225 0.00123405
10 0.318104 0.314812 0.313754 0.556956 0.00103591
