1 0.564895 0.663179 0.224289 0.215293 0.86321
1 0.646305 0.68839 0.367614 0.163457 0.132706
1 0.597534 0.692592 0.349905 0.219416 0.0588311
1 0.648489 0.654302 0.334863 0.183297 0.0341442
5 0.59723 0.701639 0.388358 0.212747 0.0269859
1 0.592365 0.674639 0.318471 0.166409 0.0146986
5 0.281182 0.511521 0.160956 0.228796 0.00987214
1 0.581865 0.699644 0.266463 0.138472 0.00772452
1 0.624904 0.688785 0.301221 0.139148 0.00500452
1 0.477835 0.693551 0.270007 0.103747 0.00498194
1 0.639036 0.657065 0.248771 0.172637 0.00315544
5 0.63464 0.683369 0.304867 0.13552 0.00177333
5 0.659576 0.668643 0.280966 0.147818 0.00158046
5 0.28172 0.542848 0.13625 0.17287 0.00145843
5 0.319465 0.649083 0.163469 0.0574625 0.00133145
