10 0.384847 0.45199 0.560557 0.517955 0.89839
5 0.358275 0.397808 0.375971 0.466055 0.553686
5 0.143946 0.534925 0.105568 0.420162 0.508514
5 0.134907 0.461616 0.106764 0.491598 0.506726
6 0.373249 0.518848 0.479184 0.309244 0.414805
10 0.399325 0.429195 0.385284 0.541454 0.319325
10 0.738562 0.42843 0.145465 0.320752 0.295751
10 0.306393 0.466655 0.465961 0.552889 0.243322
5 0.353833 0.524625 0.51238 0.524589 0.24297
10 0.385618 0.425965 0.248339 0.566446 0.178632
6 0.331042 0.392573 0.388692 0.453018 0.153904
5 0.160764 0.481978 0.192096 0.511017 0.13693
10 0.156628 0.550595 0.13763 0.478659 0.103182
6 0.364621 0.521813 0.444902 0.4215 0.0853249
5 0.090949 0.538328 0.120302 0.392936 0.0595426
10 0.203682 0.485446 0.279871 0.517594 0.0566156
6 0.215947 0.536835 0.309027 0.420353 0.0564387
5 0.31945 0.423632 0.371828 0.556923 0.0556846
10 0.459503 0.496018 0.597975 0.354288 0.0510883
10 0.262473 0.504567 0.358367 0.565678 0.0427148
10 0.0887856 0.581034 0.115878 0.464518 0.0375094
10 0.462155 0.424647 0.57956 0.499229 0.0313044
5 0.194618 0.462629 0.267393 0.479481 0.024678
5 0.153051 0.581979 0.103275 0.425494 0.0243256
10 0.328923 0.409287 0.379385 0.505073 0.023508
5 0.26635 0.562646 0.338161 0.449106 0.0216129
6 0.406474 0.497128 0.573702 0.249781 0.0200044
10 0.29843 0.661962 0.314687 0.226985 0.0190465
6 0.299583 0.650579 0.317463 0.248916 0.0147047
6 0.29134 0.525346 0.363526 0.441682 0.0126767
10 0.212674 0.535571 0.23495 0.503321 0.0121625
10 0.334805 0.344105 0.434567 0.359645 0.0113449
6 0.338655 0.330843 0.422071 0.331406 0.0101197
5 0.388037 0.0420583 0.747774 0.0841166 0.00897241
10 0.459816 0.485678 0.662492 0.466676 0.0088268
10 0.262282 0.518781 0.349327 0.368956 0.00841819
10 0.943186 0.180109 0.113627 0.359674 0.0050557
5 0.340641 0.313264 0.410313 0.301472 0.00480543
6 0.247429 0.57698 0.172592 0.238916 0.00457624
10 0.259317 0.429951 0.432773 0.444485 0.00407552
5 0.210135 0.567857 0.22674 0.443549 0.00386634
5 0.355696 0.0570101 0.711393 0.11402 0.00311684
6 0.134391 0.382588 0.101842 0.283087 0.00300129
5 0.424695 0.042085 0.495875 0.08417 0.00282427
10 0.564216 0.408031 0.577707 0.465591 0.00257972
2 0.357785 0.392115 0.388173 0.442314 0.00254338
10 0.697585 0.416239 0.249692 0.407053 0.00251468
10 0.613523 0.434644 0.429452 0.383382 0.00201709
5 0.170849 0.384705 0.260683 0.354919 0.00197333
6 0.378586 0.520928 0.281536 0.134006 0.00194293
10 0.27841 0.626877 0.339378 0.301445 0.00182499
5 0.103513 0.520027 0.171725 0.407419 0.00178835
6 0.154567 0.393019 0.161654 0.285242 0.00177844
5 0.071102 0.444978 0.0828606 0.152609 0.00168175
5 0.498026 0.0306283 0.489311 0.0612565 0.00149383
6 0.373337 0.361811 0.178734 0.263277 0.0013811
6 0.184531 0.41901 0.200593 0.196326 0.00132047
6 0.230406 0.603688 0.186473 0.240371 0.00122709
5 0.102816 0.645231 0.0967473 0.163673 0.00122549
10 0.232413 0.430337 0.207316 0.127735 0.00117303
10 0.144409 0.5896 0.275765 0.465431 0.00116593
10 0.445125 0.346871 0.564488 0.367321 0.00115904
10 0.41616 0.53618 0.445324 0.313232 0.00101328
