1 0.367843 0.708906 0.228691 0.132766 0.939029
1 0.24832 0.789012 0.219102 0.121489 0.885205
5 0.336385 0.600425 0.255907 0.162474 0.877378
5 0.290184 0.611696 0.139734 0.127544 0.287752
1 0.361749 0.600551 0.288497 0.166086 0.0877138
5 0.315909 0.613491 0.202478 0.12625 0.0279389
5 0.365778 0.593444 0.236862 0.109434 0.0265572
4 0.860774 0.282367 0.0624406 0.0944178 0.0118522
5 0.352176 0.584999 0.188543 0.105605 0.0113072
4 0.864046 0.296819 0.061772 0.0816358 0.0105205
5 0.237792 0.594742 0.19697 0.0863181 0.00608626
1 0.313429 0.599844 0.200643 0.149215 0.00568974
5 0.361889 0.613331 0.317857 0.191874 0.00557922
5 0.339165 0.635125 0.188185 0.125056 0.00531352
1 0.408186 0.596075 0.18279 0.131325 0.00272704
5 0.39261 0.58317 0.231535 0.100672 0.00230371
5 0.399939 0.591991 0.206255 0.132985 0.0013899
5 0.385585 0.622694 0.393065 0.229318 0.00138418
5 0.35195 0.612847 0.206605 0.149808 0.00137672
1 0.392627 0.612236 0.239863 0.142505 0.00135277
1 0.348452 0.644204 0.189613 0.132842 0.0012782
