6 0.221119 0.388674 0.269661 0.255648 0.777624
10 0.569698 0.697775 0.373751 0.40061 0.721609
1 0.163814 0.408621 0.225693 0.279463 0.632289
5 0.139412 0.511502 0.15386 0.25157 0.3126
5 0.251062 0.437041 0.274076 0.335831 0.292757
10 0.390183 0.428134 0.619555 0.366171 0.273836
10 0.617456 0.5358 0.215264 0.472941 0.205039
10 0.224343 0.44783 0.328337 0.344207 0.160847
10 0.652057 0.41471 0.334556 0.284989 0.123968
10 0.305908 0.416494 0.461887 0.33873 0.0734846
10 0.503721 0.394332 0.648166 0.323053 0.026005
5 0.153267 0.505472 0.187195 0.295427 0.0230155
10 0.613878 0.456038 0.24858 0.358613 0.0177242
5 0.178295 0.454891 0.226051 0.335637 0.0114074
10 0.258964 0.41519 0.23962 0.366045 0.00984581
5 0.137705 0.480596 0.146712 0.183492 0.00798476
1 0.163551 0.481547 0.159808 0.160017 0.00481649
1 0.190123 0.402611 0.24533 0.357436 0.00467667
10 0.579253 0.403604 0.473779 0.3062 0.00382853
5 0.216962 0.461045 0.291198 0.361065 0.00364642
10 0.629381 0.655852 0.273714 0.435058 0.00357613
10 0.631881 0.498751 0.293613 0.406074 0.00307197
1 0.133618 0.450344 0.147694 0.186964 0.00237548
10 0.272691 0.398582 0.333538 0.375932 0.0023351
1 0.535454 0.756622 0.312362 0.309183 0.00212113
1 0.181169 0.507413 0.159986 0.167819 0.00155504
10 0.171391 0.391212 0.214203 0.258186 0.00151603
1 0.206429 0.481157 0.210706 0.147616 0.00143418
5 0.315923 0.502493 0.118965 0.253542 0.00140785
1 0.643387 0.44554 0.313181 0.28223 0.00134572
6 0.227395 0.356964 0.235123 0.197687 0.00126701
1 0.150587 0.505849 0.135563 0.19866 0.00118086
1 0.129763 0.48266 0.140081 0.196073 0.00117882
10 0.642636 0.440619 0.192242 0.197716 0.00109612
