1 0.76954 0.440052 0.109922 0.163409 0.483339
1 0.808971 0.404842 0.101229 0.241645 0.406472
1 0.751337 0.431172 0.154047 0.235594 0.400179
1 0.757412 0.462578 0.0883706 0.163463 0.134181
4 0.343106 0.583314 0.135895 0.101221 0.127325
1 0.808824 0.413237 0.0575356 0.186254 0.050859
1 0.3428 0.584512 0.133519 0.100778 0.0252986
1 0.777519 0.424291 0.131633 0.186686 0.0242438
1 0.744541 0.444343 0.104681 0.165491 0.0219285
5 0.816558 0.412012 0.112248 0.263958 0.0163244
1 0.755046 0.420426 0.123671 0.174672 0.0159671
5 0.826039 0.437718 0.100178 0.231115 0.0126912
1 0.788375 0.412155 0.100844 0.196844 0.0112636
4 0.357128 0.582699 0.106656 0.0871372 0.00529196
4 0.326305 0.594232 0.106971 0.0776363 0.00476138
1 0.80229 0.421576 0.0795097 0.188496 0.00327813
5 0.833078 0.476072 0.0903368 0.141177 0.0028075
1 0.774365 0.46572 0.111708 0.155887 0.00252385
5 0.802756 0.381427 0.100993 0.195444 0.00247059
1 0.747854 0.379129 0.139471 0.195789 0.00242179
5 0.79302 0.372288 0.0782458 0.168407 0.00236822
1 0.819602 0.436502 0.112933 0.220419 0.00187605
5 0.839778 0.51902 0.0714363 0.0760395 0.00183979
1 0.780148 0.422908 0.164769 0.248167 0.0017362
1 0.78893 0.44286 0.124279 0.173505 0.00163296
1 0.815399 0.430659 0.0586402 0.178253 0.0014296
5 0.836202 0.485075 0.0822398 0.0863451 0.00118133
5 0.76137 0.451996 0.0451298 0.0679444 0.00112996
1 0.813834 0.435663 0.0795185 0.19481 0.00109529
