5 0.845959 0.779737 0.10305 0.143383 0.837815
5 0.781035 0.771579 0.248227 0.166945 0.818422
5 0.835476 0.805698 0.0908291 0.0982285 0.0222334
5 0.691452 0.833472 0.0839529 0.069822 0.00731354
5 0.832406 0.818234 0.104793 0.0700986 0.00385619
5 0.699998 0.818091 0.08716 0.0680805 0.00302735
5 0.70966 0.828869 0.110691 0.0606491 0.00262556
5 0.822168 0.827749 0.1452 0.0757545 0.00252593
5 0.718823 0.814951 0.115317 0.0685835 0.00186664
1 0.831347 0.809005 0.114675 0.0926749 0.00167658
5 0.806743 0.831981 0.19263 0.0937466 0.00154074
1 0.273821 0.751132 0.194478 0.118545 0.00146978
1 0.632181 0.772658 0.212633 0.0947453 0.00145678
1 0.227556 0.949238 0.4347 0.10038 0.00134847
5 0.831518 0.824422 0.0798062 0.0458502 0.0011246
2 0.681532 0.0392813 0.53636 0.0785626 0.00111043
1 0.613323 0.756359 0.13025 0.0594104 0.00109603
