5 0.645141 0.640468 0.369406 0.317768 0.622938
1 0.574982 0.499913 0.14912 0.274852 0.500114
1 0.363969 0.498472 0.17745 0.284708 0.478137
1 0.683197 0.746362 0.451065 0.347634 0.288496
1 0.665329 0.644109 0.376542 0.328499 0.229639
1 0.401211 0.506316 0.256536 0.288436 0.116129
5 0.387662 0.648927 0.101665 0.296438 0.0940753
1 0.623561 0.508877 0.250512 0.297468 0.0715776
1 0.530194 0.669844 0.428296 0.263274 0.049798
5 0.684378 0.580639 0.246823 0.172865 0.0361298
5 0.55337 0.659821 0.463029 0.276971 0.032236
1 0.579566 0.642213 0.430167 0.312894 0.0116487
5 0.394296 0.699668 0.0795907 0.232629 0.0100543
5 0.714553 0.598232 0.230159 0.233781 0.00976832
1 0.639925 0.779631 0.474672 0.274969 0.00850648
1 0.560073 0.684753 0.259176 0.234554 0.00794307
5 0.63138 0.597251 0.242876 0.165015 0.00731683
5 0.603795 0.716357 0.225462 0.147869 0.00680165
5 0.651241 0.567876 0.289223 0.165101 0.00457155
5 0.539888 0.672607 0.240777 0.226293 0.00338856
1 0.538213 0.68986 0.274549 0.188758 0.00270677
5 0.405018 0.708103 0.104696 0.254537 0.00247024
1 0.385622 0.603751 0.153498 0.299996 0.00212582
1 0.583698 0.653911 0.300127 0.248116 0.00188052
1 0.497876 0.708304 0.342438 0.189691 0.00167232
5 0.678128 0.611684 0.228298 0.238554 0.00165346
5 0.378684 0.663588 0.0772574 0.220984 0.0015724
5 0.707447 0.563056 0.240049 0.151982 0.00136867
5 0.508381 0.695267 0.286346 0.202634 0.00124365
5 0.67486 0.547872 0.257825 0.144576 0.00122757
5 0.611983 0.56711 0.212974 0.145773 0.00122529
5 0.641296 0.622996 0.231093 0.230266 0.00115954
1 0.725665 0.609859 0.235251 0.217287 0.00112117
1 0.639305 0.638094 0.228296 0.258397 0.00110647
