6 0.144531 0.7428 0.154348 0.14036 0.894813
10 0.314766 0.290829 0.47384 0.212827 0.883296
6 0.0607549 0.763016 0.0423142 0.0882946 0.0248801
6 0.070845 0.759115 0.0643023 0.097678 0.0157397
6 0.0834888 0.753788 0.117946 0.114926 0.0113448
6 0.0638299 0.750639 0.048246 0.12019 0.00871629
6 0.0851676 0.743377 0.093153 0.134452 0.00449299
6 0.108775 0.746971 0.128734 0.129627 0.00367011
11 0.148315 0.741271 0.149132 0.133433 0.00254066
5 0.292256 0.98885 0.486792 0.0222998 0.00135351
10 0.273785 0.267666 0.290671 0.0986862 0.00102355
