10 0.0463913 0.645399 0.0925265 0.190288 0.692271
10 0.0449646 0.660403 0.0899292 0.132824 0.0639851
10 0.0466885 0.686151 0.0933771 0.108506 0.0321325
10 0.0280507 0.640007 0.0561015 0.166072 0.00562472
10 0.00865868 0.569811 0.01658 0.174398 0.00558776
10 0.0434083 0.703601 0.0868166 0.126619 0.0046106
10 0.0122258 0.619803 0.0244516 0.203565 0.00446437
10 0.00883057 0.521875 0.0175562 0.264746 0.00396544
10 0.0118661 0.581206 0.0232276 0.172875 0.00233619
6 0.0114301 0.553919 0.0219045 0.190467 0.00208161
10 0.0340692 0.707456 0.0680427 0.151503 0.00184662
10 0.0369273 0.609666 0.0737659 0.187667 0.00153057
10 0.0645558 0.078284 0.129112 0.156568 0.00137416
10 0.00832961 0.336782 0.0166592 0.274326 0.0011725
1 0.00763419 0.579761 0.0130407 0.112752 0.00108559
