4 0.27963 0.272109 0.0435153 0.136462 0.470741
5 0.547373 0.527805 0.0910182 0.25846 0.450465
1 0.517579 0.497542 0.0438846 0.275869 0.351736
1 0.520856 0.499883 0.0611442 0.303487 0.236443
1 0.529877 0.486857 0.0569578 0.286019 0.234548
1 0.515347 0.538971 0.0469757 0.240146 0.162546
5 0.538443 0.553778 0.110497 0.333854 0.122559
5 0.529929 0.521136 0.0761822 0.300104 0.108922
5 0.277159 0.272536 0.0364406 0.134943 0.0300117
1 0.526859 0.535984 0.0653281 0.251264 0.020362
1 0.520332 0.563757 0.0590639 0.259435 0.017785
5 0.557953 0.517278 0.0636527 0.220993 0.0162432
1 0.549342 0.499212 0.0694135 0.258407 0.0133345
1 0.282322 0.269177 0.0476307 0.124843 0.0128792
4 0.275628 0.267913 0.0604803 0.14138 0.010025
4 0.879525 0.604711 0.0359902 0.143388 0.00792145
1 0.518713 0.533564 0.0805485 0.344494 0.0073527
4 0.283377 0.260441 0.0480957 0.109642 0.00623183
1 0.537588 0.465201 0.0451254 0.235923 0.00591704
1 0.539878 0.500817 0.0438336 0.26699 0.00485112
5 0.525999 0.626865 0.0830863 0.176385 0.00394567
5 0.249057 0.37815 0.0564008 0.0315524 0.00333901
4 0.285754 0.255679 0.0573121 0.0860505 0.00300474
4 0.510513 0.819236 0.0466902 0.057294 0.00277161
4 0.273549 0.268071 0.0328681 0.115827 0.00250758
4 0.781431 0.657958 0.0361285 0.07996 0.00231233
4 0.872129 0.605824 0.0397881 0.13216 0.00226354
1 0.528197 0.474281 0.0457099 0.243687 0.00225901
5 0.257125 0.261462 0.0323677 0.0820608 0.00198159
5 0.540872 0.440307 0.0394303 0.189348 0.00195774
10 0.871286 0.549451 0.0666804 0.103353 0.00180783
5 0.241785 0.261917 0.0535441 0.0677432 0.00151445
5 0.224549 0.256457 0.0664368 0.0769117 0.00125921
4 0.87917 0.557005 0.0529019 0.120505 0.0011041
1 0.233644 0.26147 0.0607873 0.0694775 0.00106718
