5 0.219141 0.80429 0.272645 0.0880404 0.867196
1 0.879524 0.27438 0.093207 0.144874 0.802062
1 0.69784 0.218793 0.197787 0.169187 0.646664
1 0.741523 0.299931 0.114126 0.147017 0.592064
1 0.167131 0.671664 0.0932796 0.172813 0.462211
5 0.119555 0.736065 0.0880613 0.161896 0.0644205
1 0.165161 0.639058 0.095135 0.170542 0.0586581
1 0.181482 0.667483 0.130815 0.17992 0.0416438
1 0.156926 0.657175 0.0856803 0.159745 0.0260929
5 0.111524 0.745624 0.0647362 0.144241 0.0240501
1 0.765956 0.230424 0.236022 0.154733 0.0193394
1 0.718995 0.215389 0.163589 0.147717 0.0104598
1 0.121862 0.675896 0.0795056 0.14747 0.00920734
1 0.156426 0.688123 0.0924589 0.151855 0.00902944
1 0.188787 0.623483 0.130984 0.188781 0.0087589
5 0.747916 0.290105 0.115676 0.136433 0.00854035
1 0.691931 0.203655 0.16175 0.146334 0.00830413
1 0.13246 0.667298 0.0872125 0.141694 0.00781893
1 0.727666 0.272344 0.146864 0.111025 0.00503244
1 0.78237 0.250284 0.263183 0.146062 0.00463839
5 0.131751 0.713392 0.0988386 0.172861 0.0045794
1 0.672926 0.221582 0.178016 0.140742 0.00254677
1 0.864868 0.27695 0.136114 0.149533 0.00215126
1 0.125358 0.662098 0.134006 0.151779 0.00210918
1 0.164013 0.704071 0.101088 0.135138 0.00204948
1 0.678659 0.198688 0.21356 0.169521 0.00200058
1 0.752927 0.286236 0.14052 0.132352 0.00188367
1 0.177523 0.698212 0.154737 0.141118 0.0015643
6 0.371758 0.197243 0.743516 0.394486 0.00151989
1 0.147686 0.645027 0.121601 0.156321 0.00146145
1 0.711121 0.264388 0.141003 0.110523 0.00146022
1 0.716609 0.238174 0.182628 0.149632 0.00143224
1 0.729656 0.297355 0.157394 0.13025 0.00115988
5 0.743339 0.263382 0.115321 0.118287 0.00109125
1 0.73471 0.231967 0.128181 0.171445 0.0010909
1 0.120718 0.697796 0.132691 0.189325 0.00108605
1 0.145949 0.66766 0.0976928 0.15877 0.00104068
