4 0.191146 0.578617 0.0370747 0.0990296 0.715694
4 0.182468 0.580639 0.048798 0.0977403 0.083881
4 0.189835 0.550447 0.0442378 0.0641274 0.0383259
5 0.281106 0.688242 0.115451 0.291982 0.0379485
4 0.186394 0.566583 0.0465788 0.0820919 0.0373645
4 0.17698 0.589036 0.0565265 0.105019 0.0241009
4 0.165213 0.58551 0.0500435 0.0849905 0.0172552
11 0.0749374 0.680047 0.0510195 0.0380824 0.0135035
4 0.155403 0.587805 0.0335414 0.0824643 0.0133457
4 0.176229 0.607741 0.057519 0.106624 0.00875259
4 0.167791 0.465062 0.0345283 0.0664947 0.00712251
1 0.68749 0.39889 0.0830806 0.0778626 0.00374791
1 0.317013 0.608188 0.073314 0.0841171 0.00340725
4 0.183929 0.602659 0.0459541 0.105387 0.00328894
4 0.177892 0.562175 0.0578899 0.0685536 0.00312561
4 0.164251 0.614956 0.0487722 0.0893032 0.00303402
1 0.315061 0.590982 0.0738281 0.0865268 0.00283212
4 0.167776 0.479593 0.0325397 0.0884156 0.00257564
5 0.686098 0.397771 0.0810963 0.0711192 0.0025174
5 0.324421 0.583459 0.054183 0.0774921 0.00223027
11 0.0741273 0.681827 0.0372021 0.0296747 0.00187782
5 0.330086 0.577598 0.0446099 0.0785912 0.00163535
1 0.293514 0.579007 0.0476156 0.102848 0.00147209
5 0.317526 0.629682 0.076089 0.0907897 0.00135831
1 0.294092 0.563866 0.046763 0.0721444 0.00132092
1 0.285335 0.586958 0.0480094 0.115817 0.00122991
4 0.200582 0.581941 0.0842941 0.115592 0.00119627
4 0.185361 0.530537 0.0487772 0.0790066 0.00118772
1 0.28899 0.569777 0.048877 0.0852332 0.00106797
1 0.296772 0.591359 0.0617399 0.120617 0.00101948
