5 0.464389 0.822302 0.152362 0.165459 0.884569
1 0.688804 0.564555 0.210008 0.0614128 0.251156
5 0.409087 0.826471 0.103872 0.163294 0.22112
1 0.453422 0.568023 0.201688 0.0513545 0.0823681
1 0.655459 0.561045 0.264645 0.0583745 0.0224013
1 0.251053 0.826118 0.127164 0.0461489 0.0154921
1 0.255304 0.846527 0.172847 0.0836335 0.0105617
1 0.419113 0.8227 0.132441 0.139663 0.00842646
5 0.399727 0.83951 0.0821037 0.133229 0.00786403
1 0.448793 0.619051 0.21282 0.0488104 0.00671396
1 0.274431 0.830984 0.149363 0.0463019 0.00667863
1 0.700081 0.562785 0.167807 0.0508346 0.00579092
5 0.252299 0.835553 0.137818 0.0516714 0.00433773
5 0.394006 0.852067 0.0747068 0.104415 0.00429492
1 0.461905 0.606909 0.227401 0.0655554 0.00303277
1 0.21368 0.724233 0.163436 0.0618569 0.00288394
5 0.446374 0.634681 0.200793 0.0437743 0.00280068
1 0.500484 0.587245 0.278691 0.0776143 0.0025987
1 0.261744 0.819427 0.124572 0.0508976 0.00239882
1 0.522474 0.568311 0.21099 0.0417016 0.00226504
1 0.416924 0.840065 0.11392 0.131079 0.00214082
1 0.243746 0.839002 0.137404 0.0562353 0.00205318
1 0.25856 0.888542 0.251442 0.062581 0.00195256
1 0.631004 0.553527 0.298031 0.06213 0.00188686
1 0.244989 0.857828 0.176433 0.0861972 0.00182656
1 0.335468 0.88224 0.152191 0.038311 0.00165106
1 0.511782 0.564334 0.174456 0.0430695 0.00161113
1 0.429354 0.83715 0.166568 0.124939 0.00141881
1 0.268877 0.868519 0.215537 0.0637032 0.00136511
5 0.289897 0.833728 0.159844 0.049133 0.00127677
1 0.650809 0.552481 0.239454 0.0387145 0.00120321
1 0.448202 0.626742 0.186137 0.0489375 0.00114048
5 0.269183 0.868227 0.191828 0.0353737 0.00108002
5 0.26376 0.859519 0.171625 0.0462141 0.00104662
1 0.317073 0.882784 0.174439 0.0321285 0.00101967
