10 0.304288 0.398881 0.521013 0.243255 0.916241
10 0.175307 0.406314 0.0734148 0.384172 0.599439
10 0.162455 0.42207 0.107926 0.41019 0.115407
10 0.148791 0.386079 0.127486 0.342559 0.0977248
10 0.164143 0.40406 0.15097 0.474305 0.0476365
6 0.160147 0.400992 0.112053 0.476316 0.0446851
10 0.16767 0.387841 0.264834 0.23921 0.0105402
10 0.18826 0.427253 0.279303 0.427968 0.0100135
6 0.143573 0.416598 0.157115 0.446215 0.00924095
10 0.155315 0.444079 0.197762 0.408898 0.00664655
10 0.232062 0.388475 0.383025 0.246707 0.00263727
10 0.138389 0.362224 0.197538 0.285633 0.00200983
6 0.16866 0.532188 0.0590042 0.24424 0.00165731
10 0.133436 0.432978 0.2042 0.148147 0.00134809
10 0.148824 0.352495 0.297648 0.361973 0.00115901
