4 0.618823 0.811142 0.0817069 0.100828 0.723829
4 0.510384 0.547114 0.164471 0.0912795 0.722528
4 0.448289 0.643588 0.105265 0.0696997 0.58947
4 0.724192 0.627534 0.0956071 0.120255 0.206472
4 0.713287 0.63852 0.10625 0.13947 0.0621911
4 0.466618 0.650652 0.136307 0.0586402 0.0496924
4 0.462549 0.648973 0.124561 0.0787241 0.047129
4 0.487638 0.53341 0.120507 0.0581321 0.0324615
4 0.4913 0.678146 0.132122 0.0763145 0.0291993
4 0.402599 0.741301 0.0811009 0.0399301 0.0239065
4 0.499805 0.53737 0.145639 0.0740661 0.0171143
4 0.526902 0.555098 0.119273 0.0890609 0.0116605
4 0.739481 0.607069 0.126505 0.0961559 0.0103481
4 0.492294 0.685092 0.109603 0.0655017 0.0101459
4 0.480709 0.670087 0.140592 0.0728773 0.00999513
4 0.443262 0.650879 0.0957191 0.0489906 0.00837083
1 0.686099 0.660244 0.0836888 0.108687 0.00617462
4 0.472793 0.674709 0.146365 0.0984906 0.00582567
2 0.448666 0.0145962 0.626131 0.0286099 0.00525621
4 0.471354 0.664099 0.138244 0.0566 0.0051656
4 0.443135 0.686588 0.139699 0.123221 0.00475461
1 0.727959 0.661195 0.0775954 0.108476 0.00315295
1 0.719085 0.641931 0.0967602 0.124439 0.00278434
2 0.482085 0.042709 0.746153 0.0846257 0.00262518
2 0.562536 0.0131115 0.615779 0.0260546 0.00240498
2 0.435925 0.0266912 0.600495 0.0533825 0.0020435
4 0.431025 0.645159 0.0963655 0.0607976 0.00145424
4 0.506297 0.690377 0.116964 0.0642241 0.00143421
4 0.408962 0.745413 0.0719386 0.0397018 0.00131523
4 0.457035 0.657506 0.119142 0.0396721 0.0012514
2 0.361922 0.0192586 0.533795 0.0381774 0.00117647
4 0.54528 0.552148 0.0993981 0.0672965 0.00108607
4 0.490736 0.51048 0.109008 0.0344264 0.00107367
