5 0.780539 0.524123 0.131498 0.411863 0.773342
1 0.71337 0.294938 0.354649 0.237894 0.74056
5 0.771222 0.452453 0.136479 0.48827 0.354815
10 0.710137 0.347357 0.331487 0.364647 0.351895
10 0.428098 0.397525 0.545446 0.233579 0.329176
5 0.714822 0.349464 0.339372 0.358695 0.174655
6 0.77701 0.351247 0.216376 0.350769 0.138119
6 0.812071 0.293754 0.159549 0.252295 0.111848
5 0.773371 0.312976 0.214278 0.287042 0.0782702
10 0.657219 0.476369 0.230099 0.121697 0.0758207
10 0.712333 0.466329 0.342183 0.135501 0.0733901
5 0.799059 0.416354 0.184952 0.503356 0.0587045
10 0.682174 0.376225 0.267033 0.283882 0.0584574
10 0.463625 0.369784 0.616074 0.191498 0.0510082
5 0.761101 0.369185 0.246966 0.406955 0.0383231
6 0.785899 0.381989 0.184165 0.194182 0.0312447
1 0.736796 0.320064 0.290829 0.307485 0.0283195
10 0.778502 0.400829 0.192712 0.483602 0.0258898
10 0.644394 0.505622 0.248236 0.184917 0.0190341
6 0.772404 0.366686 0.232653 0.202026 0.0185079
6 0.646706 0.454898 0.229838 0.111157 0.0104319
5 0.811918 0.523737 0.169202 0.38836 0.0097917
10 0.628292 0.44365 0.197841 0.112872 0.00936079
5 0.792325 0.474891 0.144431 0.496975 0.00745543
10 0.654145 0.39781 0.415477 0.279285 0.00722052
6 0.825094 0.280682 0.136593 0.198069 0.00599609
10 0.592462 0.423091 0.227385 0.115462 0.00590634
10 0.510348 0.436338 0.6214 0.228831 0.00573534
10 0.656761 0.459122 0.209433 0.118892 0.0038651
6 0.634631 0.429982 0.201022 0.117428 0.00357779
5 0.954889 0.223438 0.0902212 0.442091 0.00345276
10 0.639415 0.426593 0.190454 0.127939 0.00285326
10 0.714477 0.299336 0.352398 0.248444 0.00249706
10 0.789124 0.289434 0.178825 0.261241 0.0024209
1 0.80227 0.286894 0.175006 0.228994 0.0024166
6 0.769986 0.309837 0.269677 0.217281 0.00234313
10 0.530319 0.36822 0.695497 0.28376 0.00227639
1 0.68757 0.239813 0.247994 0.120778 0.0022379
10 0.372807 0.364073 0.418848 0.150028 0.00223642
1 0.717152 0.347151 0.358837 0.314166 0.00163683
10 0.744016 0.38565 0.215391 0.234031 0.00160325
6 0.714244 0.395541 0.188898 0.188217 0.00151172
10 0.480567 0.474814 0.472696 0.135498 0.00147831
6 0.652409 0.398469 0.192073 0.189052 0.00146447
10 0.648661 0.385315 0.196088 0.26249 0.00146422
10 0.723742 0.47986 0.265369 0.0993449 0.00143621
6 0.848716 0.278805 0.0940246 0.217665 0.00141689
10 0.745084 0.388734 0.153818 0.22072 0.00136361
1 0.843107 0.291708 0.105601 0.237219 0.00135971
5 0.372374 0.364804 0.423056 0.157149 0.00130149
6 0.649985 0.452892 0.21264 0.15755 0.00117777
10 0.524751 0.481366 0.572283 0.339209 0.00113656
10 0.677183 0.233827 0.241989 0.117725 0.00106054
10 0.627008 0.410391 0.228842 0.124193 0.00103735
6 0.792364 0.40878 0.158183 0.190966 0.00103162
10 0.578808 0.409216 0.232407 0.0939213 0.00100339
