1 0.316276 0.719426 0.264764 0.143958 0.74632
1 0.510585 0.720696 0.335636 0.145968 0.138365
1 0.541237 0.715316 0.293233 0.19135 0.123497
5 0.540692 0.724236 0.361204 0.248296 0.0761339
1 0.355737 0.696876 0.228266 0.110248 0.0536748
1 0.514864 0.692701 0.333384 0.182838 0.0424835
5 0.594082 0.780897 0.194423 0.114431 0.0399691
5 0.559718 0.751174 0.29738 0.178148 0.0396273
1 0.502689 0.730551 0.239043 0.106173 0.0297642
1 0.445832 0.712053 0.440305 0.149155 0.0286745
5 0.610615 0.788626 0.171411 0.0901452 0.0277471
1 0.543926 0.7455 0.223141 0.111549 0.0250775
5 0.587063 0.764476 0.239209 0.155488 0.0138845
5 0.559259 0.752412 0.221007 0.104346 0.00993019
1 0.339694 0.710231 0.224477 0.11087 0.0091848
5 0.504319 0.775377 0.188259 0.102331 0.00738407
1 0.544753 0.716285 0.224283 0.129942 0.00583499
1 0.520336 0.763013 0.194001 0.113658 0.00560274
5 0.572478 0.766592 0.211424 0.104009 0.00450549
5 0.595701 0.799509 0.162173 0.0808869 0.00411168
5 0.295276 0.652343 0.126717 0.266635 0.00397722
1 0.563427 0.729601 0.225051 0.125423 0.00361917
5 0.446117 0.753034 0.216908 0.0861327 0.00330453
5 0.47557 0.715666 0.509226 0.267346 0.0029772
1 0.397092 0.679348 0.370448 0.179959 0.00270545
5 0.522207 0.788419 0.175887 0.0898768 0.00241868
1 0.463269 0.721389 0.251401 0.106207 0.00235814
2 0.299047 0.647472 0.135676 0.256649 0.00233344
5 0.618259 0.804973 0.135896 0.0911484 0.00216978
1 0.294023 0.651552 0.131778 0.260559 0.00212805
1 0.40183 0.723557 0.368206 0.141356 0.00203288
1 0.506402 0.665666 0.368187 0.174837 0.00191536
1 0.339541 0.725381 0.24999 0.103431 0.00183234
1 0.316265 0.664173 0.197359 0.204939 0.00175877
5 0.579481 0.781598 0.193524 0.0877948 0.00150859
1 0.522324 0.702218 0.231123 0.152099 0.00135051
5 0.47202 0.761793 0.222261 0.0984489 0.00132286
1 0.5778 0.745186 0.217461 0.128119 0.00131349
1 0.601347 0.756768 0.202134 0.147953 0.0013045
5 0.341401 0.696605 0.218272 0.119009 0.00126262
1 0.33471 0.682535 0.252743 0.184451 0.00124468
1 0.398629 0.708163 0.247607 0.107815 0.00103724
