5 0.205555 0.61465 0.210456 0.329006 0.906177
6 0.64277 0.649781 0.205573 0.24088 0.856032
10 0.446926 0.549276 0.478415 0.521546 0.840216
1 0.216294 0.360797 0.332749 0.226873 0.838514
10 0.444948 0.533388 0.14113 0.582278 0.259302
1 0.211907 0.521385 0.333795 0.292995 0.15431
10 0.377252 0.502839 0.618958 0.546645 0.023158
10 0.471657 0.555247 0.237334 0.581306 0.011227
10 0.450098 0.510222 0.190324 0.544303 0.00764367
10 0.346015 0.440248 0.557676 0.428237 0.00434862
10 0.369753 0.539983 0.29407 0.561768 0.0033192
10 0.27984 0.474473 0.458415 0.433578 0.0022793
10 0.476545 0.575112 0.378826 0.458984 0.001987
10 0.412993 0.531138 0.205085 0.562492 0.00187157
10 0.220157 0.49379 0.394176 0.338226 0.00175766
6 0.964559 0.560006 0.0708819 0.214325 0.00155473
6 0.967205 0.524495 0.0655895 0.275654 0.00123634
6 0.259828 0.393459 0.26293 0.159226 0.00122715
10 0.473074 0.645534 0.43645 0.32705 0.00122383
10 0.414329 0.490822 0.485251 0.474996 0.00120248
1 0.213668 0.378701 0.281958 0.136942 0.0011854
1 0.233008 0.360736 0.294198 0.152354 0.0011569
5 0.212268 0.390733 0.280307 0.130048 0.0011127
10 0.237183 0.536494 0.341889 0.440597 0.00104202
10 0.7578 0.696039 0.4844 0.216203 0.00103092
