5 0.4149 0.458887 0.457367 0.431335 0.955216
5 0.462828 0.355011 0.434046 0.179929 0.497794
5 0.368451 0.237476 0.43066 0.284866 0.378068
6 0.562786 0.452088 0.26023 0.220651 0.34015
6 0.394391 0.296526 0.389615 0.367945 0.19803
6 0.414691 0.320043 0.464618 0.239856 0.152922
10 0.54122 0.447879 0.28278 0.230025 0.0914361
5 0.420507 0.219358 0.321345 0.253571 0.0847164
5 0.430438 0.266542 0.30683 0.342075 0.0811268
10 0.362456 0.223802 0.445854 0.273514 0.0576241
10 0.444765 0.575256 0.179103 0.558524 0.0513805
5 0.413781 0.389995 0.48362 0.2927 0.0435912
6 0.598648 0.461007 0.161076 0.184747 0.0404352
6 0.334226 0.224116 0.241128 0.214874 0.0400797
10 0.339605 0.260062 0.396797 0.226077 0.0381291
6 0.333825 0.290166 0.248666 0.346452 0.0326375
10 0.3335 0.220116 0.236834 0.207312 0.0323271
10 0.43859 0.356609 0.501584 0.231565 0.0309809
5 0.378766 0.302007 0.435651 0.25856 0.0222649
10 0.328527 0.274898 0.247897 0.306838 0.0197153
5 0.399418 0.340386 0.452264 0.185743 0.0166344
6 0.309822 0.33647 0.306743 0.230086 0.0158213
10 0.359405 0.520955 0.220778 0.606178 0.0130921
10 0.597981 0.503776 0.222392 0.456366 0.0125403
6 0.27706 0.355854 0.192672 0.197299 0.00858299
10 0.455475 0.46997 0.404924 0.428688 0.00825278
6 0.411811 0.244742 0.326785 0.272401 0.00727596
6 0.347383 0.297454 0.260902 0.228635 0.00639569
10 0.552277 0.587054 0.38826 0.513633 0.00584726
10 0.461034 0.412759 0.458223 0.317042 0.0054419
10 0.508781 0.430097 0.339325 0.287751 0.00473999
10 0.348281 0.34517 0.409723 0.291136 0.00458998
10 0.417785 0.505143 0.248372 0.541401 0.00387315
6 0.571257 0.47777 0.194325 0.159577 0.00386629
6 0.366065 0.240877 0.283598 0.252135 0.00373685
10 0.53277 0.314104 0.301962 0.376402 0.00336513
6 0.317315 0.300124 0.296271 0.162814 0.00304003
10 0.329127 0.498058 0.34085 0.525151 0.00302061
6 0.299656 0.339187 0.255749 0.173241 0.00299819
6 0.463429 0.384614 0.287864 0.232808 0.00296914
10 0.581457 0.532867 0.470534 0.525573 0.00283929
6 0.394845 0.358303 0.282617 0.268781 0.00276051
5 0.332884 0.459572 0.337714 0.457261 0.00265554
10 0.506164 0.352462 0.502413 0.373163 0.00204387
10 0.514534 0.450268 0.447923 0.410591 0.00202094
10 0.475725 0.298548 0.561428 0.417675 0.00195653
10 0.314923 0.428181 0.334445 0.424256 0.00191754
10 0.526491 0.473556 0.288564 0.154543 0.00188366
10 0.311916 0.364739 0.256061 0.228171 0.00176323
6 0.360658 0.279518 0.156119 0.332165 0.00160732
10 0.32363 0.554457 0.21757 0.678469 0.00159796
10 0.282812 0.336531 0.208624 0.15785 0.00144566
5 0.339881 0.259182 0.263146 0.21288 0.00143319
1 0.408258 0.264422 0.155658 0.263905 0.00134246
6 0.428768 0.235854 0.200159 0.217313 0.0011301
10 0.68483 0.66391 0.63034 0.329662 0.00111108
10 0.615484 0.502063 0.267988 0.547797 0.00106372
6 0.23944 0.365613 0.157175 0.198716 0.00106138
6 0.44793 0.340184 0.277176 0.147037 0.00103294
