1 0.486842 0.737242 0.254031 0.166964 0.622861
1 0.336496 0.765132 0.174762 0.187878 0.59065
5 0.677391 0.808161 0.208806 0.117264 0.528286
5 0.695259 0.876284 0.174817 0.103612 0.236492
1 0.371286 0.755614 0.22502 0.176925 0.167616
5 0.423362 0.851281 0.157679 0.167621 0.155942
5 0.41984 0.868847 0.140746 0.130757 0.0768518
5 0.715713 0.875982 0.18346 0.0869846 0.0223071
5 0.710871 0.860038 0.181271 0.0627323 0.0222348
1 0.692876 0.771616 0.248142 0.06759 0.0142962
1 0.461859 0.761692 0.27358 0.166825 0.0130942
5 0.746283 0.853229 0.142426 0.0568382 0.0130644
5 0.704365 0.828903 0.185529 0.0970217 0.0125442
5 0.705162 0.815364 0.231687 0.10833 0.0119815
5 0.624659 0.857329 0.126252 0.0675815 0.0118731
5 0.709646 0.848387 0.178919 0.0678393 0.0103353
5 0.736501 0.859087 0.173968 0.0565465 0.00878477
5 0.679644 0.863707 0.209184 0.0727833 0.00817845
5 0.682384 0.869321 0.167514 0.075264 0.00766593
1 0.426321 0.825831 0.202086 0.188154 0.00719876
5 0.742445 0.839133 0.1483 0.0752061 0.00596515
5 0.765082 0.854503 0.151155 0.0504112 0.00555648
1 0.412597 0.745849 0.29154 0.173889 0.00485401
5 0.691604 0.840283 0.197957 0.0867907 0.00407081
5 0.603083 0.862696 0.141956 0.0708904 0.00319642
1 0.320129 0.771847 0.132701 0.171178 0.00281954
5 0.76363 0.84404 0.157721 0.0578346 0.00266637
5 0.647196 0.847087 0.157489 0.0582864 0.00241164
5 0.696363 0.792107 0.234964 0.0876363 0.00193293
5 0.693714 0.778071 0.251029 0.0693078 0.00191253
1 0.381014 0.937877 0.126588 0.0400839 0.00181646
5 0.733921 0.822098 0.169393 0.0952038 0.00181384
1 0.344593 0.778268 0.125379 0.165862 0.00180482
1 0.401636 0.805597 0.184473 0.113874 0.00167677
5 0.582893 0.853842 0.119088 0.0638075 0.00163761
5 0.663844 0.828816 0.182508 0.0717238 0.00154852
5 0.636917 0.836341 0.146211 0.0673892 0.00152826
5 0.738482 0.864046 0.089324 0.0415631 0.00149654
10 0.4186 0.746967 0.531474 0.280202 0.00145321
1 0.647962 0.794288 0.325258 0.103728 0.00141327
5 0.698933 0.880686 0.125974 0.0972241 0.0012637
5 0.718216 0.878565 0.269963 0.109276 0.00114629
