1 0.481481 0.809842 0.168347 0.0791855 0.606299
1 0.37191 0.787325 0.0946651 0.0742227 0.596705
1 0.452355 0.785475 0.108655 0.0617232 0.426149
1 0.331649 0.745419 0.106327 0.0555354 0.354241
1 0.347215 0.690683 0.104665 0.0512983 0.352283
5 0.411558 0.895912 0.0888985 0.0478574 0.299616
1 0.469686 0.790623 0.141117 0.0690445 0.29336
1 0.321104 0.739898 0.119772 0.0604773 0.20688
5 0.410616 0.892203 0.0852171 0.0345047 0.0947457
5 0.322525 0.738774 0.121347 0.0592136 0.0827921
1 0.37004 0.775735 0.0859028 0.0442574 0.0779563
1 0.421512 0.793586 0.116148 0.0737918 0.0392024
1 0.495743 0.819069 0.129239 0.0573393 0.0360066
1 0.442647 0.779935 0.0957836 0.0523708 0.0353696
1 0.365734 0.771121 0.0779865 0.033138 0.0313451
5 0.397952 0.887955 0.0824742 0.0341225 0.018096
5 0.388344 0.884776 0.0778405 0.0392315 0.0126325
1 0.434114 0.785626 0.105185 0.0669717 0.0115579
5 0.410807 0.908749 0.089292 0.0356401 0.0104723
1 0.459611 0.782308 0.116549 0.0783181 0.0103979
4 0.840733 0.668985 0.0519605 0.0202172 0.00979332
5 0.434174 0.843022 0.115925 0.081872 0.00969656
5 0.339031 0.881045 0.0637417 0.031826 0.00853918
1 0.359521 0.769072 0.0690147 0.0264517 0.00816911
1 0.443214 0.816868 0.149173 0.0934571 0.00804239
1 0.388404 0.779511 0.130742 0.057062 0.00710156
1 0.336092 0.706678 0.118216 0.067786 0.00634483
5 0.399014 0.879506 0.0878401 0.0387125 0.00579651
1 0.719478 0.330124 0.241943 0.147759 0.00399161
4 0.428621 0.922005 0.0597394 0.0391132 0.00386377
5 0.41476 0.877807 0.0888882 0.0444112 0.00376103
5 0.40161 0.829849 0.0794071 0.05777 0.00374728
5 0.411825 0.81767 0.0777051 0.0639049 0.00369676
5 0.390335 0.875185 0.0797178 0.0432716 0.00349881
5 0.417348 0.870579 0.0976715 0.0583628 0.0034334
5 0.384468 0.843995 0.0901945 0.0550156 0.00313818
5 0.429403 0.821299 0.0976796 0.0668034 0.0028894
5 0.412402 0.80582 0.0790591 0.0614537 0.00278648
1 0.361321 0.772333 0.0835865 0.0691827 0.00278355
5 0.42278 0.830315 0.0904468 0.0741984 0.00276652
1 0.326802 0.725266 0.130885 0.0934357 0.0027595
5 0.344038 0.870152 0.0675294 0.0412014 0.00267982
5 0.421301 0.900622 0.0777609 0.0482012 0.00267666
5 0.397812 0.802599 0.10661 0.0617181 0.0026113
5 0.411035 0.929324 0.0872188 0.0293113 0.00256345
4 0.427637 0.932389 0.0565335 0.0408434 0.00248786
5 0.424463 0.908482 0.0693461 0.0338526 0.00238507
5 0.409815 0.936115 0.0814527 0.0312748 0.00238341
1 0.490941 0.799057 0.15724 0.0818009 0.00230789
5 0.377154 0.869566 0.0942069 0.0511357 0.00215667
1 0.382079 0.789146 0.130443 0.0753797 0.0021066
1 0.473463 0.843565 0.195075 0.148516 0.00207863
5 0.411006 0.907604 0.0946275 0.0710323 0.00195129
1 0.382028 0.746372 0.137447 0.151446 0.00193448
5 0.411476 0.829438 0.0816841 0.0659487 0.00191443
4 0.840864 0.576556 0.0598987 0.0420749 0.00189144
5 0.422398 0.855618 0.101263 0.0728158 0.00181258
1 0.346802 0.768045 0.0777758 0.0277144 0.00179865
5 0.385399 0.858304 0.0839324 0.0599787 0.00176681
5 0.384486 0.832511 0.0962347 0.0537911 0.00171531
5 0.397234 0.842995 0.0863868 0.0606897 0.00170176
1 0.412983 0.936425 0.0802608 0.0335751 0.00144633
5 0.422443 0.924739 0.067469 0.0331819 0.00137917
5 0.357352 0.878492 0.0863635 0.0416545 0.00133502
5 0.370459 0.855896 0.107226 0.0624648 0.0013202
1 0.359485 0.699739 0.120352 0.0666618 0.0013136
1 0.357813 0.778936 0.0746406 0.0362667 0.00123057
5 0.489038 0.717877 0.080835 0.0331205 0.00122513
5 0.392575 0.898944 0.0756775 0.045348 0.00122297
5 0.338324 0.889557 0.072288 0.0335012 0.00121863
1 0.38812 0.694957 0.0957928 0.0330532 0.0012002
5 0.373751 0.878775 0.102736 0.0452367 0.00113611
5 0.427419 0.80719 0.0863234 0.0545596 0.00111004
4 0.820874 0.633645 0.0616535 0.0327284 0.0010647
