5 0.592327 0.47078 0.198309 0.528522 0.533806
5 0.479043 0.500397 0.170203 0.385256 0.0790363
1 0.562574 0.426864 0.171515 0.465702 0.0300374
5 0.64402 0.461812 0.290498 0.513751 0.0290903
5 0.563834 0.439891 0.172838 0.478682 0.0228893
1 0.474412 0.509209 0.159077 0.37284 0.0154552
1 0.368158 0.916904 0.554671 0.164806 0.0113291
9 0.202695 0.853656 0.207174 0.209668 0.0103744
1 0.593536 0.443548 0.233058 0.425007 0.00656006
5 0.578377 0.672021 0.301036 0.447162 0.00638165
5 0.725341 0.679135 0.18376 0.388197 0.00633374
5 0.593867 0.485676 0.284424 0.553165 0.00425821
1 0.654967 0.760568 0.128949 0.245557 0.00378962
5 0.476588 0.560326 0.204546 0.461564 0.00356774
1 0.461474 0.574792 0.173028 0.384687 0.00332716
5 0.518392 0.476726 0.296041 0.537649 0.00315869
10 0.380644 0.481225 0.354359 0.241899 0.00228374
9 0.0995176 0.62167 0.199035 0.438713 0.0019062
1 0.662692 0.689955 0.240565 0.392922 0.00151059
5 0.730842 0.662326 0.292107 0.447386 0.00118416
5 0.498277 0.069933 0.89883 0.139866 0.00106906
