5 0.390699 0.549003 0.414853 0.25725 0.766895
5 0.504387 0.39211 0.511422 0.254801 0.727568
5 0.520101 0.356701 0.539808 0.164543 0.550917
1 0.322113 0.415934 0.210152 0.205024 0.155693
1 0.427841 0.423132 0.391166 0.224654 0.107844
1 0.457119 0.284641 0.440874 0.265296 0.0934894
5 0.291044 0.431337 0.0813732 0.162418 0.0780246
5 0.641618 0.379676 0.223427 0.324048 0.0223378
1 0.332026 0.424845 0.147441 0.161287 0.0201205
5 0.299209 0.41621 0.157202 0.191288 0.0162082
5 0.501988 0.467554 0.207238 0.129424 0.0105298
1 0.356518 0.416156 0.203885 0.176514 0.0104458
5 0.934606 0.592349 0.130788 0.482584 0.00970237
5 0.30573 0.436483 0.108534 0.158939 0.00737479
5 0.392801 0.348434 0.349566 0.136946 0.00608938
5 0.515446 0.362793 0.422431 0.119815 0.0060142
5 0.542797 0.472503 0.223262 0.126984 0.00573414
5 0.346307 0.410574 0.175137 0.183917 0.00566533
5 0.566994 0.385863 0.394952 0.311834 0.00522437
5 0.37458 0.417168 0.252356 0.218535 0.00476202
5 0.323933 0.418999 0.150173 0.174316 0.00473776
5 0.383362 0.368381 0.298401 0.168492 0.00411425
1 0.432403 0.359114 0.38343 0.148614 0.0038947
5 0.440705 0.350515 0.415745 0.120385 0.00296432
5 0.432442 0.378335 0.371992 0.181472 0.00289474
5 0.589055 0.44992 0.244314 0.185216 0.00283996
1 0.495864 0.311175 0.451887 0.254067 0.00278291
1 0.371623 0.549313 0.38654 0.246666 0.00259949
5 0.309331 0.345622 0.168153 0.146977 0.00238338
1 0.390614 0.411034 0.272288 0.200002 0.00231741
1 0.397668 0.294127 0.437396 0.235495 0.00204806
1 0.299649 0.416612 0.154432 0.192486 0.00203902
5 0.42824 0.40873 0.358968 0.191697 0.00190516
5 0.47566 0.495514 0.273052 0.154099 0.00173447
5 0.551416 0.357761 0.315246 0.146247 0.00143186
5 0.44815 0.510458 0.294849 0.174203 0.00133602
1 0.571127 0.339139 0.246998 0.203605 0.00115408
1 0.664363 0.382485 0.138217 0.331771 0.00114954
5 0.453912 0.433952 0.283577 0.190524 0.0011345
