1 0.430341 0.798357 0.0705736 0.164243 0.837366
4 0.156762 0.436898 0.0556663 0.094466 0.558015
5 0.954802 0.437694 0.0348383 0.146514 0.277902
4 0.229074 0.585809 0.0368801 0.083069 0.130524
4 0.868261 0.515859 0.0464262 0.123639 0.0840245
4 0.228278 0.566179 0.0411022 0.0789738 0.0508633
4 0.65013 0.703367 0.0349688 0.0708878 0.0413456
1 0.95464 0.435341 0.0327292 0.139149 0.0341756
4 0.229048 0.543727 0.0465805 0.0700158 0.0217934
4 0.652184 0.713302 0.0373702 0.071064 0.0173966
4 0.225822 0.599006 0.0408414 0.0784015 0.0163212
4 0.186645 0.610283 0.0552602 0.0593616 0.0152572
4 0.189669 0.627983 0.049468 0.0778555 0.0148629
4 0.814467 0.54978 0.0525961 0.0540974 0.0135022
4 0.87353 0.504944 0.0437938 0.108768 0.0133111
4 0.230829 0.611646 0.0379143 0.0962788 0.00888846
4 0.231758 0.532907 0.0542148 0.0633039 0.00690013
4 0.198621 0.628718 0.0472259 0.0774712 0.00629123
4 0.873725 0.476132 0.0425338 0.155903 0.00594242
4 0.868343 0.59938 0.0405776 0.0914726 0.00582006
4 0.1878 0.470368 0.0601208 0.0656223 0.00572882
4 0.18015 0.597894 0.0551072 0.0549135 0.00497038
1 0.421491 0.795675 0.0719606 0.140047 0.00447716
4 0.599509 0.75091 0.031988 0.0612304 0.00439369
4 0.132868 0.502554 0.0454522 0.106808 0.00369308
4 0.196642 0.610446 0.0547545 0.0642908 0.00358199
4 0.233645 0.597087 0.0376534 0.0852393 0.00354858
4 0.166015 0.592411 0.0676169 0.0563941 0.00341862
4 0.148624 0.43926 0.0533591 0.103834 0.00330957
4 0.887269 0.587738 0.0391799 0.0833043 0.00311777
4 0.867447 0.529829 0.0369704 0.12959 0.00303987
4 0.154091 0.586328 0.0727431 0.054921 0.00287146
4 0.597607 0.739858 0.029249 0.0675157 0.00275884
10 0.525492 0.723732 0.0549256 0.0451449 0.00263315
4 0.229637 0.554971 0.0489949 0.0689012 0.00254534
4 0.537507 0.627826 0.0493927 0.0749172 0.0024323
4 0.216357 0.603547 0.0518124 0.0686715 0.00220311
4 0.139384 0.573792 0.0660689 0.057931 0.00217815
4 0.894972 0.580374 0.0324702 0.0938943 0.00192671
4 0.877369 0.446087 0.0402146 0.12812 0.00186997
4 0.189024 0.480892 0.054581 0.0674259 0.00183555
4 0.229897 0.518858 0.0575004 0.0650631 0.00167916
4 0.872918 0.588695 0.0468864 0.0804846 0.00165558
4 0.183646 0.620699 0.0568624 0.0745026 0.00157397
4 0.196809 0.639502 0.0407329 0.0923604 0.00149062
4 0.651922 0.689674 0.037713 0.0840016 0.00146443
4 0.14342 0.58093 0.0715581 0.0485197 0.00142866
4 0.221202 0.591554 0.0446852 0.0714166 0.00138192
4 0.175362 0.459678 0.0584535 0.0710764 0.00133092
4 0.223286 0.512565 0.0527992 0.0658778 0.00127909
4 0.150089 0.578803 0.0708869 0.0604562 0.00127366
4 0.231712 0.627864 0.0405036 0.110715 0.00119128
4 0.881912 0.502883 0.0442677 0.0960023 0.00113565
4 0.812793 0.533915 0.0478017 0.0777197 0.00112699
1 0.411866 0.788639 0.0711338 0.113862 0.0011155
4 0.21443 0.621078 0.0579902 0.078486 0.00108868
4 0.133094 0.531237 0.0498755 0.0950196 0.00108107
4 0.866313 0.55485 0.0388234 0.104806 0.00107496
4 0.864545 0.58669 0.036864 0.0900539 0.00107255
4 0.17877 0.475813 0.0518076 0.0705278 0.00102396
