4 0.604985 0.528534 0.0419246 0.0481824 0.19994
4 0.608304 0.543748 0.0510869 0.0594453 0.196819
1 0.190095 0.694314 0.0693479 0.156683 0.194508
1 0.183281 0.66451 0.0907042 0.2416 0.170139
1 0.162966 0.778876 0.0857246 0.139085 0.107471
4 0.613259 0.55613 0.0599755 0.0544714 0.100789
4 0.612523 0.531053 0.0588665 0.0552894 0.0931624
5 0.178703 0.677894 0.0797067 0.261378 0.0918629
1 0.172391 0.693781 0.073295 0.163387 0.0754657
4 0.604758 0.521562 0.0469538 0.0419984 0.0637314
1 0.940548 0.428196 0.0652171 0.152409 0.0485477
4 0.604858 0.536667 0.0456734 0.0618302 0.0326493
4 0.615979 0.570145 0.0659913 0.0437508 0.0180627
1 0.16886 0.759029 0.0893831 0.174343 0.0127381
1 0.1734 0.719943 0.0851502 0.235454 0.0113382
1 0.190278 0.640075 0.0688179 0.17797 0.00858478
5 0.156519 0.796522 0.0523331 0.0931863 0.00704797
4 0.619545 0.548366 0.0759279 0.0539544 0.00641408
1 0.147009 0.731337 0.06531 0.109249 0.0056757
1 0.18204 0.678322 0.063586 0.196524 0.00530222
5 0.155776 0.78467 0.0635033 0.102377 0.00516373
4 0.872484 0.477358 0.0644157 0.0451311 0.00503963
4 0.600831 0.549272 0.0597307 0.0660586 0.00489235
5 0.163597 0.805779 0.0346441 0.063985 0.00459117
1 0.184233 0.712012 0.094928 0.201598 0.00446385
5 0.158296 0.804971 0.034955 0.0576509 0.00350805
1 0.185765 0.658708 0.0784431 0.135462 0.00326287
2 0.913904 0.93241 0.171508 0.135179 0.00307953
5 0.191901 0.630618 0.0671996 0.170725 0.00277478
10 0.618841 0.557039 0.0755178 0.0449884 0.00271059
1 0.200676 0.709295 0.0757441 0.146462 0.00255995
4 0.861631 0.488016 0.045723 0.0433267 0.00232038
5 0.158537 0.79444 0.0381568 0.0781578 0.00214848
4 0.87886 0.462104 0.0681739 0.0503245 0.00202755
1 0.147932 0.752649 0.0600165 0.13651 0.00200437
5 0.142024 0.731324 0.058665 0.0956689 0.00177714
1 0.159197 0.714541 0.0826808 0.0975354 0.00170795
5 0.165944 0.798646 0.0604298 0.0927711 0.00169258
4 0.615893 0.535697 0.0729275 0.0675717 0.00152836
2 0.931389 0.915514 0.134001 0.168973 0.00150798
5 0.1743 0.773037 0.0710174 0.144448 0.00135163
4 0.602211 0.560931 0.0653843 0.0596998 0.00127786
5 0.168825 0.811337 0.032974 0.058292 0.00126439
1 0.183962 0.736901 0.110709 0.196682 0.00121739
1 0.141923 0.74923 0.0578461 0.114989 0.00116035
5 0.164239 0.719516 0.0786677 0.125634 0.00115509
1 0.158974 0.7843 0.119798 0.157247 0.00103303
