1 0.309603 0.327346 0.392372 0.165488 0.828027
1 0.616382 0.763831 0.230817 0.183752 0.268627
1 0.484193 0.762024 0.24014 0.16995 0.0675967
1 0.362639 0.810105 0.331754 0.155561 0.0416353
5 0.400704 0.826088 0.422851 0.184631 0.0150529
10 0.274044 0.326367 0.423887 0.234678 0.00963859
10 0.282481 0.322729 0.381103 0.178266 0.00854455
1 0.462186 0.738347 0.256025 0.194506 0.00649233
10 0.197561 0.324062 0.243007 0.0409145 0.00593262
1 0.423848 0.776104 0.312919 0.162885 0.00376201
1 0.558567 0.757284 0.303071 0.181025 0.00306921
10 0.254974 0.324297 0.342587 0.0563061 0.00306001
1 0.389805 0.823568 0.40891 0.158597 0.00118772
5 0.605447 0.766271 0.395386 0.285941 0.00108549
