10 0.428016 0.541398 0.499643 0.372679 0.935299
10 0.255497 0.562041 0.150383 0.446838 0.304882
10 0.271758 0.562199 0.212015 0.454902 0.0259335
11 0.279804 0.235248 0.0775976 0.0228327 0.0131841
10 0.317879 0.554119 0.270402 0.437354 0.0129248
11 0.287945 0.229227 0.0670684 0.0173002 0.0120774
11 0.226206 0.273853 0.0420798 0.0581688 0.00971749
11 0.277074 0.241461 0.0730801 0.0278534 0.00803069
10 0.452673 0.470441 0.555604 0.214815 0.00349931
11 0.280906 0.24255 0.0625636 0.0185037 0.00315019
11 0.279379 0.237156 0.061527 0.0216787 0.00250387
11 0.293364 0.233457 0.060283 0.0187185 0.0022294
10 0.370296 0.554838 0.433246 0.431107 0.00211682
10 0.394469 0.515603 0.484514 0.284319 0.00176241
10 0.388875 0.447413 0.43415 0.15122 0.00162472
11 0.273822 0.245915 0.0566194 0.0195549 0.00150353
2 0.622772 0.0219171 0.53489 0.0425196 0.00149203
11 0.452123 0.258258 0.0715837 0.0170114 0.00140475
11 0.458323 0.261906 0.0701966 0.0181395 0.00140223
11 0.27276 0.231543 0.0604626 0.0216495 0.00139262
11 0.231407 0.272095 0.0307249 0.0512051 0.00134958
6 0.394067 0.474055 0.432191 0.222377 0.00111307
2 0.630424 0.0332718 0.540976 0.0665435 0.00104175
