5 0.373807 0.577021 0.0756156 0.11482 0.76378
1 0.123291 0.474995 0.0696921 0.173264 0.279877
1 0.82749 0.326234 0.0688986 0.0790419 0.179815
1 0.382053 0.567303 0.0687503 0.122365 0.100678
5 0.379175 0.588298 0.0906348 0.0933987 0.0957513
5 0.39506 0.606123 0.0750355 0.0786512 0.0903519
1 0.122755 0.489347 0.0589742 0.141377 0.0663802
5 0.391357 0.445465 0.0410512 0.206648 0.061994
1 0.893665 0.406284 0.0520922 0.0789484 0.0610622
1 0.170513 0.343111 0.0131039 0.129867 0.0495536
5 0.383632 0.549562 0.0540884 0.143309 0.0436445
1 0.12467 0.459707 0.084818 0.196627 0.0289966
5 0.371057 0.596071 0.0718407 0.0767322 0.0283759
1 0.166165 0.345358 0.0212028 0.132097 0.0256013
5 0.385134 0.536394 0.045056 0.136532 0.0219213
1 0.824559 0.308939 0.070884 0.054259 0.0217449
1 0.146142 0.356947 0.0534989 0.160761 0.02086
1 0.901557 0.408007 0.0395266 0.0813093 0.0207416
4 0.0275519 0.296081 0.0386061 0.0412257 0.0201412
1 0.387066 0.54716 0.064055 0.110999 0.0190209
5 0.170934 0.579565 0.028589 0.0846191 0.0176939
5 0.169641 0.512305 0.0317592 0.151731 0.0176803
5 0.408112 0.618668 0.0494011 0.0856973 0.0170881
1 0.886587 0.409361 0.0792227 0.0761507 0.0166225
5 0.400477 0.616053 0.0583237 0.077548 0.0155468
1 0.387307 0.585945 0.0823485 0.0931602 0.0144442
1 0.132141 0.403405 0.0774069 0.114331 0.0131918
5 0.422048 0.620369 0.035972 0.0947392 0.0122584
1 0.160546 0.352724 0.0301775 0.145481 0.0122054
1 0.129894 0.476315 0.0540491 0.155586 0.0119711
5 0.192296 0.564766 0.0223511 0.0990332 0.0117164
5 0.301691 0.532444 0.0534859 0.157569 0.0115132
5 0.160885 0.507747 0.0335562 0.149066 0.0111627
5 0.175673 0.513971 0.0320564 0.154806 0.00854648
5 0.16593 0.584012 0.031825 0.0804658 0.00803378
4 0.825279 0.630678 0.0471716 0.0687056 0.00802623
5 0.315076 0.615765 0.0468162 0.0452817 0.00793408
4 0.0278216 0.289546 0.0443984 0.048907 0.00776121
5 0.163509 0.545559 0.0301819 0.11808 0.00748803
5 0.180468 0.565903 0.0198622 0.0986908 0.00685697
5 0.16655 0.566731 0.028071 0.100402 0.00684455
5 0.361536 0.604556 0.0560772 0.0608807 0.00645893
1 0.387614 0.54791 0.0902305 0.082813 0.00643295
1 0.12844 0.498405 0.0460323 0.128329 0.00622068
5 0.17777 0.575865 0.0292963 0.0884835 0.00611081
5 0.841088 0.330756 0.0908234 0.0705243 0.00547654
5 0.0126111 0.296887 0.0252221 0.0378639 0.00541192
5 0.917813 0.509139 0.0603293 0.0650165 0.00530476
1 0.137843 0.800857 0.0642723 0.0608964 0.00513134
1 0.852013 0.344798 0.108829 0.104722 0.0050116
5 0.198767 0.56221 0.0286026 0.103709 0.00482118
1 0.177381 0.338257 0.0227407 0.126332 0.00447205
4 0.827554 0.617867 0.049942 0.0734213 0.00438918
5 0.414482 0.607943 0.0585002 0.0813978 0.00366216
4 0.0230362 0.30148 0.0413572 0.0402246 0.00362718
5 0.171696 0.553542 0.0261901 0.114557 0.00356394
5 0.141114 0.355967 0.0642685 0.170795 0.00340224
5 0.357604 0.617173 0.0563062 0.0459692 0.00320585
5 0.0102298 0.290457 0.0204595 0.0545869 0.00318821
1 0.131962 0.418558 0.0709816 0.15635 0.00313193
5 0.30834 0.553763 0.0771351 0.141626 0.00310179
5 0.302567 0.563469 0.0557603 0.085165 0.00283002
5 0.132901 0.491587 0.0286539 0.116329 0.00282238
5 0.126651 0.493691 0.0438334 0.0874632 0.00278746
1 0.15145 0.480582 0.0461396 0.166012 0.00265865
1 0.422671 0.611252 0.0468211 0.0875537 0.00263111
1 0.84309 0.32982 0.10341 0.0734662 0.00248014
1 0.14161 0.488048 0.0432414 0.151907 0.00244667
5 0.111943 0.486337 0.0485207 0.144117 0.00243249
5 0.30226 0.501953 0.0462475 0.204921 0.00231717
4 0.864977 0.470749 0.0646855 0.0587618 0.00231501
5 0.172808 0.564074 0.0294948 0.0732285 0.00226232
4 0.0146867 0.2973 0.0293734 0.0391162 0.00224566
5 0.32839 0.613223 0.0488053 0.0459704 0.00219544
5 0.0121993 0.303504 0.0243985 0.0415587 0.00210899
5 0.13666 0.807168 0.0608365 0.0569559 0.00210241
5 0.0155804 0.29408 0.0298019 0.0813071 0.00206836
1 0.390202 0.567585 0.0911125 0.092034 0.00199537
5 0.383728 0.614943 0.0927504 0.0637038 0.00196641
5 0.385004 0.479999 0.0495429 0.251523 0.00193197
5 0.34615 0.607569 0.0613924 0.0557653 0.00190155
5 0.395446 0.591674 0.0849422 0.0890072 0.00181839
4 0.86527 0.460299 0.0593904 0.0640187 0.00180109
4 0.0229905 0.317368 0.0415426 0.0542842 0.00179144
5 0.169272 0.535879 0.0338584 0.0965065 0.00177321
5 0.167935 0.553214 0.0259796 0.0840821 0.00176836
5 0.363885 0.609483 0.0503594 0.0439306 0.00175611
5 0.815309 0.535257 0.0599778 0.0775104 0.00175457
5 0.138331 0.492384 0.0265421 0.138535 0.00173587
5 0.309962 0.601685 0.0593509 0.0636693 0.00171354
5 0.318936 0.623323 0.033621 0.0458316 0.00171317
5 0.164391 0.57273 0.0226385 0.071699 0.00170792
1 0.209564 0.388685 0.0396179 0.178132 0.00167707
5 0.0079009 0.564394 0.0158018 0.0832 0.00167034
5 0.15731 0.532657 0.021683 0.0959295 0.00166554
5 0.151212 0.350233 0.0457095 0.150737 0.00164388
5 0.16311 0.564683 0.0267375 0.0787952 0.0016421
5 0.366365 0.58499 0.0707752 0.0919946 0.00162791
5 0.11786 0.473523 0.0391142 0.122687 0.0015748
5 0.00868846 0.598973 0.0167124 0.0432343 0.00156871
5 0.169037 0.335907 0.0165169 0.112545 0.00156409
5 0.911824 0.517132 0.0743623 0.0650708 0.00153604
1 0.125645 0.439449 0.0663515 0.154304 0.00153352
1 0.138563 0.375491 0.0682669 0.137281 0.00153147
5 0.307666 0.578058 0.0613524 0.0815402 0.00153089
5 0.180454 0.535723 0.0239438 0.143599 0.0014711
5 0.163188 0.544709 0.0337878 0.08927 0.00145769
4 0.828983 0.643608 0.0537028 0.060162 0.00143449
5 0.819465 0.523738 0.0513448 0.0612702 0.00139621
5 0.126498 0.50909 0.040887 0.0897028 0.00138019
5 0.377997 0.574608 0.0593049 0.0743556 0.00137251
5 0.167851 0.564183 0.0228495 0.0782379 0.00135332
4 0.830085 0.571882 0.0444114 0.0851735 0.00134466
5 0.112274 0.485315 0.0362822 0.130723 0.00131185
5 0.177044 0.563638 0.0264815 0.0829195 0.00129115
4 0.761888 0.39857 0.0484564 0.0386857 0.00127909
5 0.18445 0.552301 0.0233975 0.117052 0.00125467
5 0.306458 0.521358 0.0373065 0.155801 0.00121967
5 0.00884773 0.61259 0.0176955 0.0453236 0.00121429
5 0.372898 0.611668 0.0775863 0.0582788 0.00120435
4 0.828729 0.59466 0.0457551 0.0690803 0.00120098
5 0.132921 0.47387 0.0350435 0.139816 0.00118528
5 0.403848 0.61565 0.0390612 0.067961 0.00118005
5 0.00851809 0.584084 0.0170362 0.0616654 0.00115213
5 0.123962 0.472513 0.0475433 0.100152 0.00113995
5 0.308643 0.492445 0.0279653 0.160332 0.00112823
1 0.884103 0.400572 0.0672878 0.0757724 0.00111717
5 0.186999 0.506959 0.0294671 0.166452 0.0011156
4 0.0196815 0.295907 0.0363856 0.0559423 0.0010957
5 0.179126 0.549634 0.0299686 0.125687 0.00108695
5 0.392401 0.629894 0.0690783 0.0877328 0.00108487
5 0.173317 0.544495 0.0323671 0.0940788 0.00105421
5 0.395003 0.573755 0.0682564 0.0610497 0.00104778
1 0.875499 0.418094 0.0909545 0.0629067 0.00103974
10 0.886298 0.482917 0.103677 0.053304 0.00103948
5 0.183726 0.562544 0.027134 0.089261 0.00103346
5 0.395017 0.425415 0.0301371 0.167899 0.00102407
5 0.189582 0.550585 0.0329304 0.127878 0.00102104
