1 0.311829 0.770911 0.144993 0.124395 0.729449
1 0.421338 0.769024 0.190024 0.178044 0.564632
1 0.402883 0.758423 0.187048 0.146346 0.504221
1 0.35008 0.747038 0.12865 0.152916 0.410462
5 0.761929 0.839372 0.129903 0.160523 0.408572
1 0.344714 0.763734 0.160082 0.140143 0.28419
1 0.358257 0.759337 0.103067 0.161997 0.126129
1 0.428826 0.794767 0.225276 0.188058 0.123459
1 0.34899 0.73884 0.172461 0.146069 0.116045
5 0.43254 0.819977 0.239674 0.135347 0.10766
1 0.382497 0.746425 0.171634 0.146367 0.0978612
1 0.285523 0.773269 0.201891 0.122667 0.0443316
1 0.3085 0.762164 0.183525 0.147475 0.0436576
5 0.508118 0.816279 0.125117 0.140592 0.0198539
1 0.409052 0.735581 0.274411 0.137006 0.0156798
5 0.464957 0.815154 0.183689 0.150113 0.00894696
5 0.422675 0.754171 0.169274 0.141838 0.00824153
1 0.416022 0.816018 0.223966 0.145564 0.00715296
1 0.348105 0.718983 0.0874111 0.102937 0.00659779
1 0.394807 0.780648 0.176412 0.160931 0.00564556
1 0.314397 0.744838 0.219936 0.177121 0.00544274
5 0.532438 0.819762 0.127051 0.131715 0.00492432
1 0.406104 0.721104 0.159538 0.0997624 0.003825
1 0.341943 0.743372 0.0856618 0.150908 0.00372905
4 0.726596 0.749371 0.338656 0.116803 0.00337235
5 0.738782 0.845008 0.130704 0.164492 0.00314412
10 0.389344 0.740006 0.455773 0.214321 0.00275228
10 0.442894 0.764812 0.391601 0.22102 0.00263715
1 0.551675 0.761261 0.389805 0.16266 0.00260622
5 0.704315 0.837039 0.173098 0.144943 0.00251434
5 0.382646 0.813135 0.185832 0.117143 0.00243244
5 0.549792 0.827161 0.144094 0.143599 0.00226622
1 0.340492 0.701296 0.265972 0.118935 0.00199619
2 0.453018 0.0331575 0.8187 0.0663149 0.00183052
1 0.359708 0.778678 0.228975 0.139652 0.00181692
5 0.319401 0.777766 0.0721886 0.104928 0.00140612
5 0.333837 0.778632 0.0917695 0.0891561 0.00134091
1 0.379772 0.722187 0.131827 0.106295 0.00126067
1 0.369822 0.780783 0.159437 0.150599 0.0012113
1 0.449924 0.760113 0.210022 0.163861 0.00120233
