10 0.290982 0.504206 0.491707 0.448991 0.959613
10 0.279674 0.382092 0.35781 0.22581 0.948899
6 0.19001 0.686051 0.106394 0.198887 0.891768
6 0.0980558 0.711112 0.0360111 0.210124 0.83661
10 0.217573 0.451127 0.345461 0.259998 0.791746
10 0.252395 0.466588 0.28803 0.214017 0.289595
10 0.283819 0.346482 0.372897 0.19237 0.110368
10 0.246404 0.367534 0.354292 0.16074 0.0981764
10 0.233219 0.401166 0.33973 0.218055 0.0260026
10 0.311155 0.555188 0.407549 0.348537 0.00740379
10 0.24106 0.521017 0.375825 0.365901 0.0033322
10 0.176009 0.358727 0.33225 0.217655 0.00277715
10 0.283977 0.412213 0.391173 0.298396 0.00123971
