9 0.274166 0.432541 0.323319 0.247563 0.971168
7 0.358153 0.637803 0.126069 0.148722 0.92913
7 0.284978 0.388243 0.29646 0.157988 0.0794593
7 0.272836 0.413604 0.153039 0.145902 0.0266545
6 0.293663 0.406672 0.186397 0.136723 0.0252411
7 0.326576 0.386454 0.194212 0.115761 0.0165605
7 0.292881 0.394449 0.284862 0.114142 0.0113159
7 0.257243 0.424065 0.111603 0.156367 0.00677946
6 0.320341 0.394905 0.223715 0.137715 0.00648106
6 0.246678 0.405955 0.183575 0.132056 0.00393065
7 0.249128 0.416251 0.152699 0.160079 0.0034776
7 0.307393 0.384623 0.201521 0.0962607 0.00311043
6 0.231491 0.390266 0.208528 0.104968 0.00179438
6 0.285047 0.419405 0.148991 0.162152 0.00110072
