11 0.269358 0.337068 0.174933 0.0240499 0.103088
11 0.235649 0.336987 0.120301 0.0196372 0.0199579
11 0.295337 0.336561 0.147755 0.0234547 0.0197296
10 0.286375 0.488509 0.120044 0.0913237 0.0145705
10 0.422305 0.698052 0.148533 0.101266 0.0133269
11 0.424755 0.523816 0.0385065 0.0386346 0.0128618
11 0.431152 0.527726 0.0578096 0.044574 0.0106163
11 0.166813 0.533014 0.0383457 0.0317227 0.00921651
11 0.430296 0.527808 0.0463665 0.0381859 0.00757078
11 0.123145 0.47966 0.0868923 0.0793102 0.00747282
11 0.0981576 0.371956 0.041052 0.0574593 0.00579301
10 0.409894 0.688689 0.1381 0.0886185 0.00567968
11 0.21185 0.336987 0.1029 0.0169192 0.00567124
11 0.442498 0.482377 0.083246 0.0744993 0.00496148
11 0.29158 0.334883 0.163581 0.0304212 0.00468363
11 0.430663 0.520553 0.0480542 0.0472244 0.00440439
11 0.423505 0.513241 0.0358241 0.0570757 0.00435674
11 0.111347 0.478267 0.114715 0.0871288 0.00407181
11 0.0971018 0.374289 0.0299226 0.0620856 0.00383366
3 0.424014 0.69704 0.151856 0.0985324 0.00381402
11 0.254283 0.339108 0.1456 0.0221869 0.00359358
11 0.164129 0.541005 0.0385602 0.0475393 0.00330305
11 0.847956 0.728386 0.0875595 0.0729567 0.00310529
11 0.423839 0.494076 0.0523562 0.0858523 0.00305506
11 0.432435 0.487623 0.0693515 0.0768734 0.00259422
11 0.431246 0.709154 0.11991 0.0769377 0.00243029
10 0.525089 0.433884 0.132468 0.0316171 0.00230982
11 0.86222 0.720479 0.07018 0.0643274 0.00222954
11 0.914767 0.699411 0.0639778 0.0737492 0.00198722
11 0.16406 0.537188 0.0497749 0.0528619 0.00190594
11 0.845319 0.804352 0.0451426 0.0454683 0.00168444
11 0.200552 0.605178 0.0630638 0.0823291 0.00157093
11 0.170142 0.534519 0.0526761 0.0458052 0.00154505
11 0.540233 0.428714 0.121359 0.0373877 0.00152632
11 0.434731 0.484741 0.0481608 0.07491 0.00151719
11 0.896296 0.705621 0.0825811 0.0796191 0.00150489
11 0.172203 0.527936 0.0403671 0.0376809 0.00130606
11 0.438675 0.477244 0.0606694 0.0723699 0.00130113
11 0.142434 0.472535 0.045631 0.069953 0.00128787
10 0.894858 0.688352 0.0801725 0.056276 0.00126299
11 0.131782 0.47539 0.063089 0.0836272 0.00120746
11 0.731137 0.341044 0.104501 0.0184248 0.00117653
11 0.464486 0.727266 0.070447 0.0406617 0.00116328
11 0.18445 0.808545 0.0472034 0.052812 0.00115531
11 0.715563 0.418033 0.19372 0.0470131 0.00114349
11 0.188228 0.600695 0.058216 0.0843136 0.00114139
11 0.854384 0.803726 0.0392281 0.0450562 0.00112164
11 0.311966 0.338961 0.125635 0.0242205 0.00110619
11 0.194939 0.744937 0.047896 0.0588573 0.0010983
11 0.554549 0.426194 0.108877 0.040414 0.00106849
11 0.314189 0.333415 0.178381 0.0353166 0.00105317
11 0.914169 0.823958 0.0320837 0.0558125 0.00105114
11 0.475714 0.72863 0.0572007 0.0471071 0.00103152
11 0.918186 0.705381 0.0489825 0.0693105 0.00102773
