7 0.223443 0.661204 0.0531131 0.059489 0.978771
7 0.258859 0.420384 0.0847731 0.0937602 0.0671652
3 0.68452 0.594518 0.124645 0.131195 0.00764103
4 0.681882 0.606034 0.127016 0.153886 0.00761906
11 0.615611 0.730144 0.0471795 0.0599216 0.00625718
11 0.680205 0.580459 0.139553 0.109135 0.00499932
7 0.615948 0.729806 0.0491367 0.0592987 0.0033894
7 0.249968 0.423851 0.066722 0.0695353 0.00300523
11 0.624533 0.735491 0.0708228 0.0707219 0.00290584
7 0.20352 0.681523 0.0628016 0.0861395 0.00283962
7 0.240591 0.419639 0.0479563 0.0597721 0.00265867
7 0.442104 0.628431 0.0729743 0.0304783 0.00136735
7 0.7025 0.61573 0.0846193 0.0618702 0.00127642
7 0.218655 0.656458 0.0452096 0.042678 0.00110856
