9 0.240335 0.398418 0.2577 0.530203 0.944404
7 0.160582 0.519585 0.0405558 0.156424 0.302886
7 0.163606 0.539394 0.0529421 0.206904 0.284721
7 0.161079 0.495226 0.0438552 0.144228 0.111638
7 0.253436 0.224807 0.0808637 0.0423024 0.0465079
7 0.149843 0.455976 0.063631 0.188849 0.0408825
7 0.171447 0.536871 0.0718403 0.220596 0.0265564
7 0.14276 0.427459 0.0761025 0.213524 0.0216986
7 0.182499 0.516858 0.0926424 0.262897 0.020235
7 0.251305 0.240244 0.0879584 0.0784054 0.0121448
7 0.261347 0.232788 0.0944932 0.0573143 0.0102001
7 0.247395 0.245275 0.088585 0.104479 0.00984709
7 0.230338 0.251785 0.113578 0.136987 0.00793517
7 0.319435 0.297662 0.113458 0.0502436 0.00477035
7 0.164748 0.484896 0.0394622 0.194052 0.00454182
7 0.160094 0.449609 0.0463972 0.238964 0.00449231
7 0.207755 0.50728 0.149659 0.28992 0.00396019
7 0.249371 0.261295 0.101209 0.148241 0.0032832
7 0.159405 0.478531 0.0554517 0.167035 0.00314251
7 0.23456 0.182754 0.0834814 0.0294604 0.00314084
7 0.154546 0.525695 0.064167 0.218636 0.00297325
11 0.306909 0.332799 0.130594 0.118497 0.00293996
7 0.153926 0.4863 0.0733853 0.288121 0.00278123
7 0.165996 0.425553 0.0705004 0.269409 0.00252913
7 0.159682 0.309623 0.0831589 0.205693 0.00252768
7 0.181083 0.525782 0.0728573 0.21365 0.002451
7 0.175563 0.519993 0.0460231 0.198076 0.0023669
11 0.316841 0.319595 0.120086 0.105728 0.00211863
7 0.271429 0.224546 0.109774 0.0475686 0.00193002
7 0.147585 0.458358 0.093877 0.330973 0.00188222
6 0.266475 0.239742 0.107021 0.0809534 0.00182068
7 0.157443 0.405805 0.11233 0.20412 0.00166178
6 0.18689 0.418819 0.0550311 0.305769 0.00165587
7 0.316488 0.311643 0.11636 0.0799987 0.00160284
6 0.201248 0.406347 0.0776359 0.280556 0.00155675
6 0.175484 0.328778 0.118959 0.167085 0.00147319
6 0.188137 0.529167 0.0460156 0.224799 0.00146056
7 0.241801 0.573488 0.123467 0.13618 0.00138524
7 0.290437 0.29671 0.16538 0.0700333 0.00128036
11 0.296521 0.348895 0.13867 0.125659 0.00125934
7 0.163757 0.324181 0.0936841 0.157747 0.00120509
7 0.282537 0.24219 0.123565 0.0809252 0.0012015
7 0.233887 0.556593 0.104592 0.133 0.00115205
7 0.33715 0.284678 0.071882 0.0572513 0.00104002
7 0.243038 0.178144 0.091492 0.0362758 0.00102427
