3 0.748504 0.547535 0.0950495 0.0641254 0.854231
11 0.591077 0.349681 0.0905242 0.0570711 0.190522
11 0.269342 0.46277 0.101345 0.0420612 0.0200693
11 0.223127 0.502231 0.0899944 0.0419069 0.0162747
11 0.321147 0.625351 0.0491034 0.0580877 0.0160378
11 0.759899 0.386065 0.0291228 0.10106 0.0158037
11 0.522559 0.399016 0.0515207 0.0627309 0.0143001
11 0.210105 0.593585 0.0525653 0.0863491 0.00863419
11 0.179756 0.677293 0.104516 0.0427157 0.00822276
11 0.600924 0.357737 0.082794 0.0523841 0.00783903
11 0.222709 0.637295 0.0735955 0.0475618 0.00741258
11 0.327094 0.618904 0.0492377 0.0603129 0.00715834
11 0.196559 0.451925 0.0977697 0.0320631 0.00651731
11 0.205043 0.605123 0.0514455 0.072168 0.00626032
11 0.239996 0.696077 0.0438762 0.0702722 0.00608968
11 0.319647 0.630694 0.0590209 0.0701885 0.00574993
11 0.26854 0.592676 0.0654311 0.0762911 0.00531602
11 0.520892 0.402239 0.0441928 0.04916 0.00495839
11 0.280517 0.466272 0.087935 0.0516667 0.00473444
11 0.610155 0.353061 0.0801101 0.0506527 0.00449227
11 0.58474 0.36747 0.0690348 0.0269434 0.00412466
11 0.179961 0.685782 0.104292 0.0250036 0.00389257
11 0.194152 0.457408 0.103037 0.0328101 0.00383813
11 0.20987 0.63422 0.0566882 0.0393619 0.00381729
11 0.191619 0.677577 0.102969 0.0612492 0.00371025
11 0.181855 0.669357 0.0978288 0.071681 0.00355642
11 0.282373 0.724778 0.0585437 0.0735353 0.00345225
11 0.729849 0.404177 0.0765372 0.0658708 0.00322195
11 0.325931 0.722735 0.056234 0.0846768 0.0031205
11 0.129304 0.645418 0.070197 0.085608 0.00310351
11 0.328873 0.608499 0.0533419 0.0626894 0.00309979
11 0.236878 0.502115 0.0693381 0.0317869 0.00299296
11 0.760244 0.391397 0.0374042 0.117634 0.00297968
11 0.223177 0.585542 0.0773071 0.0848821 0.00297523
11 0.319412 0.630942 0.0349346 0.0600219 0.00285804
11 0.516462 0.401831 0.0360164 0.0580498 0.00285652
11 0.309799 0.620831 0.0699721 0.0545661 0.00266332
11 0.579678 0.3637 0.0666554 0.0342302 0.00264585
11 0.335637 0.596965 0.0321571 0.0435993 0.00246628
11 0.0973451 0.638304 0.0287206 0.0840516 0.00222033
11 0.143103 0.617625 0.0471695 0.0380873 0.00221785
11 0.333118 0.625902 0.0553317 0.0672873 0.00214534
11 0.109449 0.645333 0.0490581 0.0716121 0.0020284
11 0.318927 0.713132 0.0565536 0.0751247 0.00197111
11 0.601149 0.371271 0.0728825 0.0331411 0.00192062
11 0.314927 0.621021 0.0530131 0.0473229 0.00191984
11 0.258053 0.454573 0.101344 0.0326861 0.00185131
11 0.272397 0.603728 0.067668 0.0662739 0.00183829
11 0.152882 0.688974 0.063499 0.0311741 0.00182356
11 0.190868 0.687675 0.114619 0.0427322 0.00182202
11 0.246155 0.500892 0.0647003 0.0371095 0.00179592
11 0.326374 0.555125 0.0590173 0.0654472 0.00179444
11 0.632322 0.39414 0.0885104 0.0721968 0.00178445
11 0.600097 0.365765 0.0997281 0.050459 0.0017122
11 0.221415 0.626771 0.0680923 0.059533 0.00165174
11 0.613008 0.375234 0.069555 0.0387162 0.00164515
11 0.245603 0.500732 0.0890635 0.0457799 0.00163923
11 0.581467 0.438825 0.0690949 0.0336674 0.00161181
11 0.590004 0.370616 0.071473 0.0258167 0.00159192
11 0.324494 0.622025 0.0370288 0.056465 0.00157277
11 0.272432 0.721707 0.0473671 0.0690738 0.00155496
11 0.599446 0.44281 0.0593827 0.0251976 0.00154582
11 0.261462 0.604849 0.0733759 0.0559192 0.00150686
11 0.250417 0.694351 0.0435773 0.0782369 0.00149521
11 0.579298 0.371248 0.0655364 0.0253279 0.00143108
11 0.321071 0.61625 0.0568085 0.0449192 0.00143086
11 0.222607 0.647874 0.0746971 0.0760929 0.0013976
11 0.20585 0.648655 0.0489664 0.0723981 0.00137413
11 0.332925 0.597482 0.0450872 0.0594975 0.00135741
11 0.735048 0.395954 0.0794384 0.0937708 0.00135602
11 0.108348 0.708246 0.0443196 0.0627457 0.00135326
11 0.125085 0.699953 0.0508816 0.0469335 0.00135306
11 0.116408 0.705011 0.0476864 0.0559464 0.00131907
11 0.194361 0.664571 0.0610911 0.0955159 0.00131206
11 0.24432 0.453112 0.0868737 0.0299596 0.00130203
11 0.209045 0.586172 0.0445448 0.0647018 0.00129725
11 0.222448 0.698636 0.0713907 0.0663309 0.00125884
11 0.524715 0.408856 0.0462407 0.0470448 0.00125751
11 0.749697 0.389877 0.0578959 0.1173 0.00125355
11 0.618733 0.438437 0.0662064 0.0235801 0.0012443
11 0.291362 0.730326 0.0801908 0.0732187 0.00124139
11 0.289538 0.467141 0.0828024 0.0627427 0.00124034
11 0.273991 0.607148 0.0598503 0.048973 0.00123759
11 0.156916 0.680573 0.0634776 0.0474511 0.00121991
11 0.588341 0.440248 0.0722856 0.0262171 0.00120129
11 0.316733 0.703326 0.0631632 0.0708125 0.0011951
11 0.574139 0.366631 0.0605632 0.0275772 0.00116044
11 0.606514 0.439546 0.0592756 0.0198722 0.0011388
11 0.529018 0.40387 0.0489551 0.0360588 0.00112244
11 0.265203 0.473298 0.102869 0.0541978 0.00111837
11 0.21554 0.640657 0.0580468 0.0304354 0.00109074
11 0.157604 0.686426 0.0716875 0.0426119 0.00108736
11 0.27786 0.613264 0.063961 0.0450354 0.00105011
11 0.181206 0.663609 0.0898749 0.101343 0.00104141
11 0.524841 0.398278 0.0480956 0.0388497 0.00101896
11 0.232587 0.507558 0.0689055 0.0428087 0.00101305
