3 0.446005 0.545903 0.0581125 0.116911 0.32716
3 0.0520495 0.470111 0.05598 0.0777188 0.044811
3 0.76022 0.575478 0.0618083 0.127983 0.0315128
3 0.58501 0.771914 0.0902635 0.110254 0.0162842
3 0.0561865 0.484084 0.0568118 0.0993139 0.0159505
3 0.0642489 0.546402 0.0653273 0.0987008 0.0135123
11 0.988743 0.423773 0.0221499 0.0448465 0.00823438
11 0.736642 0.760761 0.0236805 0.0830742 0.00785099
11 0.320345 0.537472 0.0385818 0.0275573 0.00682926
11 0.733588 0.768628 0.0261017 0.0880132 0.00625979
11 0.990821 0.490885 0.01417 0.0667103 0.00562919
11 0.991354 0.421742 0.0172922 0.043184 0.00508221
11 0.324707 0.545411 0.0407314 0.0292223 0.0046903
11 0.966877 0.712875 0.0237819 0.064822 0.00417058
11 0.329953 0.537965 0.0417584 0.0311552 0.0038439
11 0.988137 0.48833 0.0196053 0.0535838 0.00371056
11 0.990805 0.41468 0.0173191 0.0397033 0.00348474
11 0.859183 0.473275 0.0165814 0.125032 0.00335805
11 0.266975 0.407057 0.043218 0.0334896 0.0033564
11 0.751761 0.678181 0.033731 0.097392 0.00330057
11 0.966321 0.707194 0.0320931 0.0629368 0.00279052
11 0.745354 0.686372 0.0306705 0.0877677 0.00268198
11 0.990523 0.506595 0.0156453 0.0985411 0.00267453
11 0.84686 0.599559 0.0378351 0.0415244 0.00240696
11 0.266108 0.416267 0.0448502 0.0498359 0.00232805
11 0.331126 0.533639 0.0405557 0.0458113 0.0023112
11 0.319277 0.926256 0.043045 0.0291333 0.00230327
11 0.321275 0.530147 0.0400238 0.0336063 0.00217765
11 0.337435 0.503272 0.0394938 0.0283044 0.00212133
11 0.318228 0.415802 0.0433819 0.0568822 0.00211709
11 0.733322 0.778267 0.0226483 0.0785706 0.00203528
11 0.969144 0.695192 0.0288992 0.0414711 0.00203493
11 0.236422 0.572006 0.0175435 0.0880825 0.00196029
11 0.840447 0.792261 0.0229222 0.0473274 0.0018391
11 0.835295 0.790707 0.028811 0.0504703 0.00180278
11 0.337687 0.5147 0.0417094 0.0366955 0.00179866
11 0.31759 0.546232 0.0328952 0.0278473 0.00175532
11 0.815836 0.765276 0.0429872 0.070799 0.0017052
11 0.987879 0.508343 0.0206531 0.0901142 0.00160071
11 0.325277 0.553441 0.0412466 0.031818 0.00157604
11 0.96915 0.688143 0.0273765 0.0353251 0.00151234
11 0.98172 0.489832 0.0317834 0.0487156 0.00143006
11 0.263808 0.423041 0.0472373 0.0436818 0.00141903
11 0.743294 0.697583 0.034283 0.0667373 0.00139693
3 0.847291 0.613654 0.0411443 0.0630872 0.0013949
11 0.738534 0.752004 0.0204579 0.0761867 0.00134728
11 0.352331 0.681847 0.0496503 0.048277 0.00131598
11 0.982 0.43203 0.035124 0.0417077 0.00129316
11 0.367326 0.485434 0.0424808 0.0295749 0.00128057
11 0.340255 0.534349 0.0420045 0.0339509 0.00125296
11 0.267279 0.415352 0.0468512 0.0353906 0.00124754
11 0.316958 0.555258 0.0356254 0.0317697 0.00123603
11 0.341712 0.496401 0.0447142 0.0274381 0.00122465
11 0.337007 0.526398 0.0437245 0.0384976 0.0012016
11 0.986983 0.418505 0.0260347 0.0420026 0.00120095
11 0.334659 0.405281 0.0510916 0.0322253 0.00117737
11 0.346771 0.473578 0.0418919 0.0313938 0.00113946
11 0.386107 0.476446 0.0340606 0.0285888 0.0011391
11 0.349336 0.675839 0.0466032 0.037724 0.00113836
11 0.267712 0.397767 0.0411849 0.027143 0.00113194
11 0.341735 0.488377 0.0426175 0.0313115 0.00112492
11 0.811813 0.575171 0.0242717 0.0898746 0.0011043
11 0.807543 0.579444 0.03135 0.0827012 0.0010955
11 0.844677 0.799669 0.0250407 0.0486096 0.00109118
11 0.990609 0.480378 0.0150779 0.0645924 0.00109018
11 0.340537 0.545235 0.0421262 0.0323316 0.0010818
11 0.816055 0.753683 0.0464598 0.0542127 0.00105439
11 0.364915 0.514478 0.0236098 0.0385354 0.0010451
3 0.0716318 0.468111 0.100238 0.0863416 0.00103165
11 0.816155 0.743005 0.0488338 0.0371224 0.0010285
11 0.966337 0.691662 0.033756 0.0581347 0.00101874
