5 0.617276 0.72139 0.456271 0.309829 0.976899
2 0.38337 0.537152 0.301541 0.28235 0.889468
3 0.56383 0.682977 0.41171 0.225262 0.747232
1 0.555583 0.702707 0.41206 0.271192 0.653569
3 0.692319 0.519486 0.377845 0.157876 0.188534
3 0.61855 0.660598 0.456661 0.207525 0.0613368
1 0.511563 0.724208 0.401743 0.257928 0.0396667
2 0.601926 0.572992 0.516508 0.392923 0.0148971
3 0.673378 0.567433 0.390012 0.26189 0.0119241
10 0.64623 0.701603 0.401648 0.262178 0.0118856
3 0.621936 0.620921 0.478593 0.257387 0.00590072
3 0.661269 0.462489 0.453097 0.215772 0.00415177
10 0.660949 0.456833 0.471997 0.209434 0.00210668
3 0.530177 0.70948 0.372802 0.267935 0.00171947
2 0.49217 0.693774 0.461204 0.329908 0.00161215
2 0.642441 0.525666 0.459184 0.322001 0.00158374
