3 0.813705 0.437885 0.221411 0.3689 0.312736
10 0.812674 0.448767 0.21712 0.383344 0.230235
7 0.831607 0.789775 0.0753784 0.0558013 0.0286561
7 0.830422 0.774861 0.0719205 0.0826069 0.0205785
7 0.673702 0.294937 0.142912 0.062488 0.0188967
10 0.469073 0.43072 0.286403 0.197112 0.0105572
7 0.676017 0.301748 0.125128 0.0479623 0.00303693
7 0.847019 0.774407 0.040679 0.0867356 0.00283518
7 0.849355 0.787444 0.0345624 0.0567517 0.00277596
10 0.456021 0.40762 0.242987 0.134399 0.00273932
7 0.855737 0.790174 0.0240979 0.0522858 0.00194853
11 0.831312 0.786905 0.0748329 0.0679731 0.00169173
11 0.811988 0.568987 0.124824 0.0520872 0.00141688
7 0.855359 0.779202 0.0256431 0.0756969 0.0010307
