3 0.838532 0.701783 0.168537 0.284342 0.875129
4 0.865826 0.626674 0.186878 0.303421 0.28134
4 0.863928 0.589094 0.15556 0.278272 0.150345
4 0.826777 0.536899 0.188898 0.334883 0.0625799
4 0.824055 0.626496 0.245993 0.292551 0.0240388
11 0.834957 0.765394 0.144254 0.139678 0.0184477
4 0.850037 0.551061 0.147229 0.257772 0.0161424
11 0.849956 0.755019 0.126751 0.163706 0.00671835
4 0.822597 0.621286 0.208356 0.219489 0.00618406
4 0.891148 0.641528 0.217704 0.357898 0.00422719
11 0.833965 0.786318 0.157146 0.115104 0.00274478
11 0.834552 0.682979 0.127854 0.209422 0.00220902
4 0.813376 0.5155 0.186394 0.26488 0.0014649
