3 0.443425 0.794378 0.449443 0.0516619 0.647224
3 0.344082 0.731164 0.379948 0.0952231 0.639251
11 0.57814 0.358637 0.165226 0.037634 0.0186536
11 0.780991 0.373424 0.101169 0.0626165 0.00919564
11 0.644948 0.403025 0.0549679 0.0449747 0.00621503
11 0.593155 0.355967 0.139855 0.0315536 0.00415734
11 0.787155 0.365159 0.107849 0.0506569 0.00378468
11 0.641512 0.364569 0.178246 0.0448562 0.00256359
11 0.394594 0.397365 0.0685286 0.041409 0.00250254
11 0.448377 0.405676 0.0602374 0.0544081 0.0024142
11 0.649732 0.398072 0.0580844 0.0478611 0.00212908
11 0.695622 0.403888 0.0809972 0.0532891 0.00189365
11 0.406467 0.386649 0.0852064 0.0640162 0.00182094
11 0.38748 0.397863 0.0674546 0.0310554 0.00175927
11 0.398821 0.390179 0.070058 0.0517216 0.00134298
11 0.438043 0.407299 0.0732048 0.0531162 0.0013193
11 0.780898 0.367137 0.08285 0.0396903 0.00131425
11 0.58658 0.494808 0.0865286 0.0372581 0.00121761
11 0.659933 0.397951 0.0656501 0.0457218 0.00110667
11 0.457291 0.399163 0.0615128 0.0590175 0.0010687
11 0.385989 0.376772 0.107206 0.0531049 0.00105935
11 0.61752 0.361752 0.187034 0.0400608 0.00102055
