11 0.826691 0.390993 0.0634457 0.171954 0.348771
11 0.82441 0.369137 0.0629196 0.12296 0.0334906
11 0.828565 0.407783 0.0503138 0.174338 0.025467
11 0.826964 0.424154 0.0427675 0.141107 0.0206647
7 0.830351 0.424213 0.0451288 0.121231 0.0085163
11 0.839203 0.412881 0.0696933 0.169474 0.00568802
11 0.849995 0.424007 0.0433591 0.143978 0.00406526
7 0.846488 0.433631 0.0625758 0.142793 0.00308635
11 0.836611 0.410446 0.0329379 0.177252 0.00252571
11 0.848049 0.400787 0.0468022 0.150804 0.00250518
7 0.851894 0.407733 0.0399774 0.138387 0.0024951
11 0.840325 0.395152 0.0434909 0.168687 0.00221521
11 0.842623 0.426129 0.0593398 0.13354 0.00212877
11 0.838412 0.376138 0.0490211 0.126396 0.00162611
11 0.85258 0.389949 0.0396042 0.124627 0.00159575
11 0.835946 0.417933 0.0495437 0.170635 0.00120898
