8 0.245424 0.326617 0.287085 0.407189 0.96466
4 0.688816 0.543012 0.187434 0.111436 0.087063
4 0.658216 0.508066 0.264185 0.167142 0.0728467
4 0.663357 0.547619 0.109276 0.0927374 0.0350907
4 0.665604 0.560922 0.100277 0.0774126 0.0309911
10 0.699574 0.55038 0.177229 0.0727753 0.0245248
4 0.688629 0.558015 0.144187 0.0819479 0.0189584
10 0.68847 0.53459 0.191968 0.0988257 0.018447
4 0.684715 0.544004 0.146619 0.0801396 0.0126841
10 0.700287 0.563296 0.182954 0.0746295 0.0113371
4 0.696823 0.562094 0.179992 0.110662 0.00820466
10 0.702434 0.575663 0.170258 0.0770089 0.00599754
4 0.669053 0.573249 0.106574 0.0660347 0.00598062
4 0.673195 0.530389 0.227304 0.10666 0.00478196
11 0.769804 0.393495 0.0511791 0.120012 0.00447716
11 0.540499 0.30068 0.047849 0.0616508 0.00425821
4 0.693461 0.576172 0.1504 0.0677741 0.00321044
10 0.699946 0.588065 0.169732 0.071551 0.00276894
4 0.686306 0.587089 0.181623 0.199258 0.00237203
4 0.652742 0.561327 0.105326 0.0927727 0.00154331
4 0.639799 0.474727 0.302228 0.258679 0.00139116
