3 0.0782831 0.578719 0.068795 0.0893996 0.131351
11 0.148938 0.773014 0.046345 0.0860824 0.0696115
11 0.19594 0.676657 0.0232808 0.0493808 0.0304834
3 0.0846105 0.569246 0.0632683 0.0895572 0.0289038
11 0.202184 0.674757 0.020914 0.0698099 0.0235513
3 0.546976 0.636879 0.0317005 0.0907764 0.0171991
3 0.0946824 0.561988 0.0403678 0.0946075 0.0160834
11 0.200117 0.675155 0.0190359 0.0557556 0.015798
11 0.691089 0.422451 0.0173731 0.0902588 0.0149142
11 0.692521 0.412454 0.0183552 0.0798268 0.0139702
11 0.203445 0.685832 0.0183878 0.0697234 0.0119943
11 0.203238 0.664362 0.0177388 0.0709017 0.0115195
11 0.200266 0.686379 0.0196992 0.064189 0.0106495
11 0.752526 0.419181 0.0236943 0.0547657 0.0102082
11 0.191724 0.680591 0.0293412 0.0475876 0.00778058
11 0.201419 0.653241 0.0187648 0.0853698 0.00730461
11 0.2068 0.672623 0.0197988 0.068534 0.00683317
11 0.204286 0.632994 0.0191557 0.0569354 0.00653394
11 0.19795 0.664554 0.0284695 0.0735662 0.00629234
11 0.197124 0.681489 0.0237584 0.0713287 0.00608532
3 0.56775 0.679877 0.034371 0.14621 0.00526836
3 0.55325 0.626981 0.03458 0.0701536 0.00486173
11 0.748082 0.415766 0.032127 0.0505938 0.00473452
11 0.760171 0.477646 0.0175255 0.0590011 0.00469689
11 0.203975 0.646742 0.0189504 0.082012 0.0043897
11 0.197586 0.656445 0.0229782 0.072104 0.00431624
11 0.741858 0.414296 0.0424053 0.050138 0.00430326
11 0.812923 0.446424 0.0189601 0.079191 0.00382652
11 0.690418 0.407929 0.0155599 0.0719144 0.00382221
11 0.204961 0.622674 0.0199381 0.0458987 0.00380947
11 0.698404 0.406411 0.0320578 0.0718184 0.00364904
11 0.759447 0.469055 0.0169709 0.054723 0.00353289
11 0.212938 0.668223 0.0229183 0.0688348 0.00344462
11 0.757541 0.366133 0.0359325 0.0239535 0.00331121
3 0.0697507 0.586113 0.0495851 0.0761611 0.00328073
11 0.139793 0.54243 0.0406337 0.0699843 0.00327435
11 0.204505 0.607575 0.0221476 0.0559584 0.00324649
11 0.732738 0.406636 0.0450203 0.0594362 0.00317404
11 0.197014 0.696503 0.0237593 0.0627687 0.0030786
11 0.152442 0.630022 0.0314715 0.0642442 0.00295959
3 0.989086 0.47753 0.0217929 0.159385 0.00290388
11 0.73777 0.409165 0.0462381 0.0510877 0.00285387
3 0.100528 0.558365 0.0309358 0.0949055 0.00283155
3 0.55085 0.643617 0.0341915 0.103894 0.00280917
11 0.207737 0.656202 0.0218338 0.0781644 0.00274371
11 0.753102 0.487186 0.0273285 0.0694643 0.00273155
11 0.562325 0.520519 0.0257813 0.0521078 0.0027291
3 0.55328 0.66754 0.0345059 0.139261 0.00269229
3 0.072146 0.565005 0.0494853 0.103261 0.00263771
11 0.206435 0.68345 0.0171481 0.0770665 0.00258034
11 0.732868 0.483167 0.0256202 0.0484245 0.00257941
11 0.153192 0.654568 0.0243366 0.0445146 0.00238925
11 0.147454 0.550533 0.0368103 0.0457807 0.00233884
11 0.154844 0.652374 0.0332623 0.0582728 0.00233409
11 0.522181 0.709145 0.017563 0.0402451 0.00221813
11 0.741537 0.35727 0.0416705 0.0219671 0.00220584
11 0.737683 0.487119 0.0287429 0.0491948 0.00220583
11 0.0669649 0.526303 0.0373338 0.0466452 0.00218446
11 0.192366 0.671306 0.0286097 0.0485521 0.00218048
11 0.691972 0.400457 0.0177203 0.0549555 0.0021686
11 0.153487 0.646761 0.0300481 0.0401277 0.00206711
11 0.142488 0.539793 0.0383625 0.0527961 0.00203919
11 0.562705 0.528966 0.0216548 0.0590859 0.00203781
11 0.812082 0.437941 0.0219596 0.0639899 0.00202311
11 0.136822 0.534369 0.0321516 0.0606499 0.00200528
11 0.747041 0.365331 0.0439341 0.0237335 0.00195737
11 0.205834 0.588886 0.0256912 0.054817 0.00193076
11 0.752263 0.414856 0.0279792 0.0667791 0.00192614
11 0.204842 0.598586 0.0234006 0.0600734 0.0018142
11 0.206383 0.577921 0.0279758 0.0381514 0.00180822
11 0.752906 0.357663 0.0373055 0.0222965 0.00176799
11 0.752651 0.437071 0.0198625 0.0899779 0.00174783
11 0.206184 0.681578 0.0259129 0.075222 0.00174175
11 0.0632803 0.656624 0.0420261 0.0392217 0.00173797
11 0.752739 0.457866 0.0224508 0.0748532 0.00172652
11 0.755717 0.452997 0.0196684 0.0797518 0.00169371
11 0.194552 0.743347 0.0332025 0.0529699 0.00162647
11 0.75888 0.455908 0.0176732 0.0683632 0.00162529
3 0.54496 0.659162 0.0304379 0.123239 0.00157857
11 0.732139 0.475067 0.0321191 0.0416742 0.00155374
11 0.742184 0.487378 0.0325546 0.0537569 0.00155294
11 0.0613669 0.541276 0.0384086 0.0527281 0.00153713
11 0.516695 0.714983 0.0248187 0.0373763 0.00148478
11 0.212539 0.678018 0.0198481 0.070132 0.00146956
11 0.150419 0.785175 0.0420305 0.0693945 0.00146241
11 0.749044 0.425539 0.0272547 0.0629622 0.00142237
11 0.0665034 0.647787 0.0390518 0.0497393 0.00141535
11 0.738673 0.478024 0.0334164 0.0391877 0.00140827
11 0.160022 0.654989 0.0317021 0.0413409 0.00137165
11 0.695833 0.420499 0.0224541 0.0844084 0.00129867
11 0.704499 0.404907 0.0400524 0.0632174 0.00128329
11 0.518388 0.709263 0.0227905 0.0415961 0.00127355
11 0.0527705 0.572052 0.0318777 0.0547489 0.00126003
11 0.195209 0.736379 0.0291216 0.0377041 0.00124893
3 0.557964 0.675488 0.0319849 0.142067 0.00124514
11 0.562464 0.542555 0.0199237 0.070125 0.00122199
11 0.156484 0.660978 0.0272039 0.0516075 0.00122025
11 0.727623 0.455588 0.0390463 0.0317233 0.00121806
11 0.200011 0.7036 0.0236923 0.0613136 0.0012109
11 0.758228 0.48741 0.0193339 0.0784934 0.00120881
11 0.202973 0.615731 0.0225691 0.0553923 0.00120568
11 0.186311 0.682982 0.0367165 0.0411246 0.00117318
11 0.160482 0.647162 0.0348703 0.0436926 0.00117179
11 0.217975 0.673098 0.0171623 0.0684857 0.00116483
11 0.755653 0.495214 0.0197112 0.0843503 0.00114472
11 0.726852 0.402765 0.0427173 0.054628 0.00112531
11 0.725483 0.35612 0.0339227 0.023082 0.00111793
11 0.151579 0.619969 0.0340728 0.0605172 0.00111294
11 0.521019 0.717004 0.0192917 0.0295822 0.00109458
11 0.529771 0.484921 0.0319386 0.0295439 0.00108888
11 0.0487882 0.679737 0.0202396 0.0489431 0.00108387
11 0.742506 0.402731 0.0440561 0.0529445 0.00107551
11 0.567052 0.521827 0.0187261 0.0512282 0.00105656
11 0.153804 0.615567 0.0405903 0.0407957 0.00105159
11 0.745574 0.397276 0.0347333 0.0629475 0.00104748
11 0.15 0.543554 0.0354741 0.0542103 0.00104684
11 0.0699964 0.568779 0.0498256 0.0894363 0.00104142
11 0.0563166 0.676583 0.0331891 0.0371996 0.00103822
11 0.0620658 0.66454 0.0406656 0.0408194 0.00102819
11 0.726991 0.465486 0.0380138 0.0344807 0.00102739
11 0.196263 0.712242 0.0254492 0.0481951 0.00102385
11 0.0615145 0.568868 0.0435517 0.0836924 0.0010211
