4 0.285144 0.517803 0.259093 0.298214 0.946171
10 0.490733 0.454592 0.132572 0.218892 0.752881
3 0.220804 0.506584 0.156418 0.277952 0.676522
3 0.235182 0.475339 0.187397 0.265764 0.565687
10 0.459401 0.457518 0.197173 0.210319 0.18891
4 0.242043 0.488099 0.188758 0.278494 0.133667
7 0.457147 0.460456 0.199408 0.208297 0.0157099
4 0.253226 0.507232 0.124774 0.244353 0.00690906
3 0.261264 0.518646 0.265848 0.273227 0.00231771
4 0.250075 0.534595 0.106619 0.217236 0.00164142
4 0.234587 0.517629 0.117819 0.256603 0.00113324
8 0.241671 0.535399 0.120345 0.223898 0.00106601
