3 0.264588 0.63137 0.112377 0.03592 0.487027
11 0.576689 0.586518 0.0362772 0.0504467 0.0955254
11 0.145279 0.456273 0.0542247 0.0717467 0.081991
11 0.908016 0.588595 0.04853 0.0662778 0.0438861
3 0.353183 0.643202 0.0717992 0.0652224 0.0386153
11 0.294602 0.393768 0.0824103 0.0222531 0.0268546
6 0.700224 0.601051 0.149616 0.100518 0.0224357
11 0.915661 0.594861 0.0653586 0.0841622 0.0152912
11 0.304017 0.394062 0.0877944 0.0186315 0.0107962
10 0.650957 0.512924 0.102813 0.0520719 0.00963746
11 0.583198 0.587268 0.032773 0.0604823 0.00960825
11 0.576526 0.589924 0.0524185 0.0620599 0.00951974
11 0.27946 0.394939 0.0810605 0.0220203 0.00913758
11 0.332374 0.393907 0.105242 0.0191371 0.00802116
11 0.567342 0.586688 0.050119 0.0550029 0.00751748
3 0.704912 0.596313 0.107964 0.100923 0.00729857
11 0.1476 0.444924 0.0594005 0.0509865 0.00708539
11 0.702496 0.601017 0.14665 0.106441 0.00632815
11 0.31899 0.393736 0.0970581 0.021675 0.00596409
10 0.668771 0.515348 0.0680079 0.0548082 0.00546652
11 0.649147 0.511947 0.107413 0.0526142 0.00472913
10 0.709384 0.589667 0.0855237 0.0860312 0.00451503
11 0.825664 0.373115 0.108476 0.0238591 0.00422804
11 0.146649 0.438537 0.0551622 0.0385102 0.00409928
11 0.887756 0.663184 0.0499866 0.0575686 0.00393044
10 0.695116 0.597104 0.122636 0.0996709 0.00371113
11 0.081595 0.459117 0.0503353 0.0795117 0.00355234
11 0.67193 0.387007 0.0945607 0.0177537 0.00330825
11 0.90459 0.580777 0.0357553 0.054142 0.00310108
11 0.8242 0.377114 0.0985931 0.0218359 0.00308037
11 0.695742 0.384219 0.0664191 0.0204768 0.00307223
10 0.679035 0.522306 0.0567379 0.0687952 0.00241802
11 0.0742955 0.429313 0.062455 0.0337173 0.0024096
11 0.585328 0.582955 0.0299551 0.0465022 0.00230944
11 0.89126 0.66089 0.035721 0.0539907 0.00224934
11 0.0676309 0.429971 0.0391707 0.0320567 0.00204592
11 0.681096 0.384533 0.0838865 0.021426 0.00187131
11 0.287077 0.398479 0.0664213 0.0280262 0.00186783
11 0.339374 0.392648 0.112269 0.0257493 0.00183172
11 0.0687294 0.425982 0.0617514 0.0332537 0.00180584
11 0.721783 0.384835 0.0895728 0.0200091 0.00178789
11 0.438252 0.521569 0.0695859 0.0266266 0.00175077
11 0.739462 0.384749 0.126437 0.0214125 0.001623
11 0.571476 0.591536 0.0715208 0.067487 0.00160781
11 0.279487 0.400019 0.0697019 0.0330213 0.00154696
11 0.0683591 0.430734 0.0523357 0.0406327 0.00148723
11 0.430121 0.517023 0.0798921 0.0327915 0.00140042
3 0.291845 0.633352 0.120582 0.0408056 0.00138822
11 0.618947 0.52309 0.0541545 0.0284967 0.00138029
11 0.577577 0.596249 0.0288563 0.0469239 0.00129329
10 0.716631 0.581599 0.0726137 0.0755623 0.00115626
11 0.665351 0.384616 0.1021 0.0202232 0.00115405
11 0.446556 0.522562 0.0745641 0.0315909 0.00106786
11 0.878936 0.670399 0.0542725 0.0705727 0.00105765
11 0.706246 0.385264 0.0686896 0.0201187 0.00104125
