11 0.648715 0.411691 0.147212 0.0400957 0.819826
11 0.741046 0.538357 0.0760011 0.055758 0.00562399
11 0.651424 0.413569 0.127287 0.0307472 0.00506933
11 0.666571 0.506313 0.110969 0.0852598 0.00324059
11 0.623112 0.455108 0.120027 0.0418142 0.00300179
11 0.605106 0.447699 0.107552 0.0385973 0.00259435
11 0.645409 0.408758 0.140629 0.0276245 0.00237959
11 0.658871 0.417303 0.12073 0.027191 0.00208059
11 0.728914 0.545632 0.0843385 0.0542028 0.00144361
11 0.593869 0.450088 0.0674186 0.0411831 0.00134106
11 0.729206 0.535681 0.103186 0.0620634 0.00131868
11 0.585659 0.446564 0.0794379 0.0370994 0.00128963
11 0.749026 0.533906 0.0776801 0.0525085 0.00123477
11 0.592321 0.441703 0.07156 0.0370342 0.00103769
