4 0.521364 0.464428 0.520201 0.111487 0.677201
7 0.477978 0.445416 0.416463 0.0665665 0.0491791
7 0.351854 0.437403 0.106736 0.059865 0.0477303
7 0.371206 0.434683 0.133555 0.0658028 0.00613825
7 0.343531 0.435654 0.147775 0.0584638 0.00427412
7 0.477855 0.460241 0.229669 0.0264441 0.00299668
7 0.37537 0.441078 0.183384 0.0599079 0.00220443
4 0.528806 0.490336 0.500593 0.185533 0.00149103
7 0.292065 0.458268 0.0639761 0.0445342 0.00144912
7 0.290708 0.469117 0.0627583 0.0624703 0.00139619
0 0.534312 0.905919 0.74452 0.188162 0.00132816
7 0.444892 0.460802 0.268732 0.0306471 0.00130491
7 0.395114 0.433064 0.17147 0.0656632 0.00107057
