8 0.712974 0.535434 0.3491 0.137086 0.951352
3 0.422632 0.714146 0.339224 0.241278 0.867548
11 0.470183 0.745686 0.1961 0.125364 0.105658
11 0.483386 0.727081 0.148072 0.138641 0.070473
11 0.48871 0.712083 0.128042 0.119355 0.0451308
11 0.468517 0.731417 0.101951 0.0912422 0.0360564
11 0.469042 0.74221 0.136344 0.0987009 0.0300039
11 0.504491 0.688557 0.107923 0.143679 0.0209385
8 0.425521 0.713626 0.333701 0.234546 0.0205118
11 0.47976 0.688846 0.149131 0.146345 0.00997657
11 0.452399 0.723115 0.108354 0.0789722 0.00779723
11 0.510362 0.716567 0.133256 0.114021 0.00700142
11 0.521678 0.696456 0.113121 0.12266 0.00684706
11 0.526062 0.722642 0.117954 0.0958319 0.00537314
11 0.468073 0.708158 0.123735 0.0996499 0.00466702
11 0.464986 0.694599 0.152231 0.112147 0.00298986
11 0.460757 0.67738 0.170343 0.10639 0.0022303
11 0.436285 0.733576 0.126794 0.0885367 0.00208729
11 0.516986 0.675777 0.131968 0.149509 0.00123388
