3 0.233728 0.554457 0.180367 0.313647 0.920631
8 0.277238 0.754767 0.248387 0.177324 0.911674
11 0.149401 0.595049 0.0814249 0.180703 0.717686
11 0.243796 0.646111 0.0760307 0.0878303 0.0585441
11 0.253803 0.62877 0.0629089 0.119775 0.0383932
11 0.225266 0.642586 0.115603 0.0982541 0.0297505
8 0.231727 0.544212 0.169517 0.331052 0.0115523
11 0.255015 0.597011 0.0667839 0.181934 0.00819257
11 0.224913 0.62784 0.125222 0.131676 0.00789595
11 0.253419 0.651077 0.0536621 0.0728408 0.00289295
11 0.172247 0.587629 0.0916801 0.197928 0.00242989
11 0.321032 0.577237 0.117181 0.138986 0.00238374
11 0.254665 0.578288 0.0759116 0.229591 0.00238132
11 0.241039 0.60395 0.0853424 0.174655 0.00233846
11 0.266834 0.610356 0.0685631 0.154089 0.00229423
8 0.248211 0.57476 0.215377 0.403198 0.00211877
11 0.244783 0.461746 0.107579 0.132624 0.00182458
10 0.171036 0.579027 0.128153 0.198913 0.00161687
11 0.310752 0.570617 0.108153 0.214525 0.00156343
10 0.703198 0.763105 0.0776461 0.123419 0.00141805
11 0.249433 0.443498 0.120087 0.109018 0.00115227
