11 0.359585 0.418264 0.145822 0.0225887 0.106476
11 0.181247 0.672607 0.151243 0.0211011 0.0883411
11 0.435649 0.640071 0.116693 0.0611432 0.0401198
11 0.358336 0.515668 0.122604 0.0430746 0.037429
11 0.338578 0.647678 0.147519 0.0327934 0.0345287
11 0.359596 0.618097 0.137456 0.0625553 0.0261789
11 0.390794 0.613249 0.131815 0.0566404 0.0228997
11 0.307706 0.496622 0.160968 0.0307441 0.0221012
11 0.328496 0.503985 0.140801 0.0412726 0.0202005
11 0.590867 0.449395 0.117343 0.0325177 0.0195967
11 0.360921 0.521966 0.107663 0.036515 0.0193387
11 0.342503 0.512125 0.122436 0.0452225 0.0185375
11 0.5157 0.480207 0.0821873 0.0666796 0.0180355
11 0.382518 0.420474 0.125173 0.0209135 0.0145457
11 0.333319 0.641128 0.151687 0.0405491 0.013266
11 0.363447 0.485489 0.140998 0.0318297 0.012384
11 0.346275 0.41529 0.161907 0.028272 0.0117081
11 0.345037 0.497407 0.154171 0.0310084 0.0111711
11 0.420461 0.609083 0.135563 0.0514283 0.0100357
11 0.348919 0.489751 0.156579 0.024763 0.00966502
11 0.48604 0.619913 0.151566 0.0599264 0.00963985
11 0.366366 0.475692 0.128814 0.0364701 0.00954266
11 0.338079 0.614313 0.136357 0.0748979 0.00760158
11 0.45367 0.631095 0.133585 0.0711087 0.00736884
11 0.451279 0.536674 0.117048 0.0337912 0.00651089
11 0.393542 0.422689 0.119814 0.0181572 0.00646538
11 0.673322 0.424418 0.146299 0.0272477 0.00609765
11 0.394939 0.639628 0.145536 0.0495875 0.0056774
11 0.471525 0.607672 0.139642 0.0443125 0.00566781
11 0.50492 0.638958 0.130254 0.0625362 0.00552842
11 0.36349 0.422407 0.123238 0.0235372 0.00548506
11 0.462087 0.544434 0.110683 0.0343189 0.00545929
10 0.293307 0.393611 0.127017 0.0246685 0.00534373
11 0.360996 0.528059 0.104421 0.0307417 0.00507696
11 0.394736 0.602872 0.140425 0.0606861 0.00487659
11 0.572194 0.647146 0.0763015 0.088446 0.0048383
11 0.314047 0.491314 0.173832 0.0267949 0.00478741
11 0.575824 0.635275 0.0907814 0.0697946 0.00469299
11 0.363462 0.535001 0.116933 0.0608735 0.00442616
11 0.44819 0.606811 0.140942 0.0494198 0.00435324
11 0.419927 0.632196 0.129476 0.0732806 0.00435116
11 0.345579 0.518226 0.0881769 0.046581 0.00423552
11 0.721559 0.420475 0.0953969 0.0192213 0.00417775
11 0.281698 0.496977 0.166167 0.0336085 0.00408264
11 0.393997 0.630458 0.134952 0.0690674 0.00374366
11 0.734329 0.414568 0.0951841 0.0203202 0.00371509
11 0.378674 0.48144 0.128352 0.0344275 0.00371202
11 0.468435 0.551225 0.124763 0.0398488 0.00370426
11 0.69722 0.42139 0.117631 0.0265521 0.00356011
11 0.587373 0.443217 0.0957551 0.0419632 0.00334088
11 0.723853 0.512387 0.0615249 0.0590951 0.00331881
11 0.340105 0.627659 0.129446 0.0626803 0.00329649
11 0.31002 0.6389 0.126353 0.0412316 0.00328539
11 0.594995 0.438668 0.0848651 0.0438566 0.00326038
11 0.378018 0.606195 0.141486 0.069412 0.00319626
11 0.225517 0.51548 0.0971716 0.0416185 0.00314755
11 0.323005 0.60791 0.124912 0.0779907 0.00314399
11 0.503617 0.628831 0.15117 0.0624317 0.00310554
11 0.267455 0.501858 0.160398 0.0411833 0.00298104
11 0.180692 0.667895 0.158741 0.0313179 0.00293208
11 0.330433 0.492797 0.136992 0.0217221 0.00290083
11 0.373781 0.49262 0.133771 0.0360185 0.00282176
11 0.562612 0.636683 0.089865 0.0764672 0.00279096
11 0.258725 0.49526 0.135139 0.0315659 0.00276398
11 0.593358 0.632129 0.108675 0.064469 0.00272312
11 0.361453 0.640863 0.147966 0.041455 0.00256359
11 0.505438 0.654127 0.122067 0.0661858 0.00242517
11 0.35847 0.508457 0.140985 0.0518875 0.00240178
11 0.541009 0.550654 0.128066 0.0366749 0.002322
11 0.453215 0.528613 0.127329 0.0365416 0.00230141
11 0.589098 0.644487 0.0951517 0.0826718 0.00225514
11 0.284873 0.490371 0.168999 0.0257878 0.00215298
11 0.537886 0.546908 0.113077 0.0280749 0.00206698
11 0.606018 0.446237 0.0990113 0.030341 0.00203989
11 0.262796 0.419401 0.0886758 0.0318767 0.00201828
11 0.321633 0.497033 0.132225 0.0248427 0.00200985
11 0.336658 0.644066 0.207836 0.0442826 0.00199026
11 0.670306 0.429492 0.138744 0.0305878 0.00188915
11 0.463507 0.53766 0.113639 0.0265698 0.00187919
11 0.540327 0.634085 0.102644 0.0727603 0.00187779
3 0.514141 0.478056 0.0817583 0.074727 0.00186862
11 0.714162 0.414499 0.0972876 0.0269737 0.00185891
11 0.238978 0.487834 0.0870012 0.0322342 0.00185043
11 0.305638 0.408577 0.129427 0.0314623 0.00182411
11 0.67513 0.416956 0.160453 0.0313547 0.00178835
11 0.331809 0.50289 0.108109 0.0365979 0.00174722
11 0.354448 0.464767 0.0968046 0.026809 0.001703
11 0.485977 0.546619 0.127393 0.0296456 0.00166803
11 0.487497 0.53777 0.127583 0.0249279 0.00165033
11 0.261021 0.487029 0.133759 0.0257573 0.00163143
11 0.317405 0.419889 0.108272 0.0405563 0.00159915
11 0.402597 0.605672 0.10078 0.0621767 0.00159227
11 0.346087 0.528596 0.0884055 0.0386375 0.00158553
11 0.383315 0.492684 0.125283 0.0279305 0.00155533
11 0.376079 0.595004 0.13175 0.0522706 0.0015199
11 0.425658 0.47488 0.126691 0.0430104 0.00148083
11 0.560112 0.649207 0.069996 0.0905774 0.00147848
10 0.231538 0.838352 0.407955 0.110779 0.0014635
11 0.505851 0.613738 0.116486 0.0545836 0.00146277
11 0.361036 0.492373 0.127162 0.0236467 0.00142951
11 0.42126 0.640697 0.0756006 0.0597757 0.00142065
11 0.462227 0.532872 0.117517 0.0258961 0.00141141
11 0.607326 0.442678 0.0839583 0.0347739 0.00139643
11 0.375102 0.519519 0.122356 0.0331278 0.00136378
11 0.236988 0.481516 0.0834487 0.042816 0.00136219
11 0.539153 0.647151 0.0978304 0.0801368 0.00135202
11 0.324127 0.632624 0.133553 0.0554454 0.00134777
11 0.518012 0.490558 0.0815741 0.0510932 0.00133849
11 0.399349 0.475541 0.129409 0.0333363 0.00133374
11 0.501215 0.494606 0.0989987 0.0435066 0.00131913
11 0.494751 0.606825 0.0900114 0.0406966 0.00128238
11 0.45647 0.468497 0.115902 0.063011 0.00127966
11 0.328828 0.488092 0.141288 0.0216344 0.00126624
11 0.520962 0.62462 0.131603 0.0666086 0.00126297
11 0.737971 0.41941 0.088058 0.018312 0.00124223
11 0.390515 0.488291 0.124078 0.0280519 0.00122887
11 0.527018 0.549963 0.0948718 0.0320805 0.00122557
11 0.246714 0.511063 0.135595 0.0414582 0.00121367
11 0.557241 0.50339 0.0848372 0.0541615 0.00121171
11 0.337023 0.478963 0.163559 0.0383903 0.00120803
11 0.523012 0.552514 0.124644 0.0350793 0.00115047
11 0.523165 0.504091 0.0870892 0.0447922 0.0011431
11 0.375233 0.513691 0.116435 0.0406234 0.0011349
11 0.355527 0.470048 0.139301 0.0347252 0.00113232
11 0.434187 0.469319 0.131587 0.0493955 0.00112858
11 0.729015 0.407693 0.105234 0.0236708 0.00111874
11 0.458691 0.605724 0.119539 0.0363484 0.0010979
11 0.581755 0.449878 0.129573 0.0425853 0.00108508
11 0.287658 0.406292 0.115419 0.0331505 0.00108498
11 0.327532 0.483075 0.131949 0.0265744 0.00107906
11 0.477629 0.554041 0.0990776 0.0279773 0.00106057
11 0.368887 0.470047 0.129893 0.0271293 0.00106035
11 0.379117 0.426723 0.0929706 0.0248162 0.00104619
11 0.340486 0.650626 0.160855 0.0441973 0.00104582
11 0.438099 0.53749 0.127258 0.0494324 0.00103589
11 0.541162 0.652906 0.0779441 0.0777256 0.00102049
11 0.316935 0.414221 0.142408 0.0290105 0.00101443
11 0.486573 0.479197 0.118899 0.0742005 0.00101173
11 0.326833 0.42595 0.100315 0.0481817 0.00100895
11 0.518212 0.553754 0.089309 0.0279304 0.00100218
