3 0.427606 0.607118 0.391322 0.126276 0.906185
11 0.600907 0.398729 0.221027 0.0339949 0.0202752
11 0.522743 0.393241 0.195673 0.0312901 0.015912
11 0.731547 0.38596 0.0577463 0.0456255 0.00829938
11 0.520147 0.401644 0.170191 0.03555 0.00810643
11 0.408191 0.368245 0.178695 0.0301763 0.00730884
11 0.611901 0.406052 0.23858 0.0306395 0.00637819
11 0.388336 0.364707 0.130665 0.0295836 0.00581275
11 0.546254 0.35223 0.188494 0.0353974 0.00508274
11 0.369782 0.367886 0.105213 0.0289084 0.00498158
11 0.486586 0.463786 0.107922 0.052353 0.0048769
11 0.738656 0.389044 0.0566557 0.05346 0.00482084
11 0.647614 0.407211 0.216506 0.0307182 0.00457198
11 0.470473 0.368919 0.276587 0.0379827 0.00409354
11 0.551299 0.391439 0.248179 0.0285293 0.00357283
11 0.709368 0.421223 0.0938367 0.0296855 0.00341084
11 0.511149 0.382287 0.248871 0.0345869 0.0033552
11 0.506023 0.394219 0.192306 0.0423722 0.00305241
11 0.460068 0.457314 0.16163 0.0561557 0.00289526
11 0.551677 0.397454 0.223324 0.0306184 0.00281919
11 0.630888 0.399854 0.237335 0.0385788 0.00264367
11 0.695691 0.407269 0.116216 0.0357625 0.00244172
11 0.749913 0.385911 0.0512624 0.0497482 0.00244088
11 0.724337 0.428179 0.081808 0.0448365 0.00237852
11 0.708626 0.437732 0.101659 0.0432804 0.00223526
11 0.690967 0.39553 0.118037 0.0497732 0.00220846
11 0.47371 0.363126 0.221461 0.0390047 0.0020715
11 0.479452 0.375103 0.284596 0.0390018 0.0020587
11 0.433556 0.369318 0.24734 0.0328599 0.00203158
11 0.727642 0.396326 0.0669574 0.0604789 0.00192954
11 0.721904 0.385263 0.0706217 0.0422092 0.00181605
11 0.724925 0.439926 0.0859407 0.0542205 0.00164165
11 0.688743 0.412605 0.124515 0.0323674 0.00160234
11 0.761452 0.385205 0.0398115 0.0528507 0.00139922
11 0.657956 0.417288 0.195502 0.0303785 0.00138252
11 0.590495 0.407537 0.191422 0.0370157 0.0013465
11 0.711493 0.391616 0.0708633 0.0522153 0.00132121
11 0.73574 0.431209 0.0884763 0.0589234 0.0013011
11 0.429129 0.365473 0.190497 0.0330695 0.00122435
11 0.702632 0.384317 0.105717 0.046357 0.00120681
11 0.684171 0.455063 0.117644 0.06981 0.00120042
11 0.375334 0.364525 0.132878 0.0239135 0.00119372
11 0.627312 0.410199 0.148373 0.0253714 0.00118526
11 0.754854 0.380595 0.0428276 0.054824 0.0011478
11 0.72386 0.408918 0.0824526 0.0543666 0.00108955
11 0.581679 0.398939 0.153099 0.0318745 0.0010842
11 0.705936 0.447315 0.107445 0.06402 0.00106754
11 0.349214 0.37067 0.0927545 0.038178 0.00101599
