3 0.576295 0.559073 0.0486581 0.130094 0.633234
11 0.917496 0.674697 0.0236422 0.0809257 0.0318109
11 0.788366 0.463938 0.0220004 0.0818535 0.0173674
11 0.151096 0.596123 0.0400725 0.0569055 0.0142549
11 0.846493 0.527467 0.0413729 0.0254542 0.00602347
11 0.775852 0.705603 0.0205269 0.0826044 0.00591281
11 0.915886 0.505027 0.04005 0.10269 0.00461683
11 0.872038 0.605357 0.0440696 0.0282416 0.00413673
11 0.911808 0.679724 0.0253197 0.0750936 0.00326334
11 0.911493 0.500764 0.0315336 0.119159 0.00312713
11 0.87649 0.614582 0.0397946 0.0335262 0.00283818
11 0.87192 0.598091 0.0428416 0.026301 0.0024468
11 0.913994 0.684608 0.0249308 0.0599131 0.0023907
11 0.855472 0.527754 0.0434866 0.0278162 0.00237805
11 0.876787 0.624492 0.0394443 0.0362089 0.00196236
11 0.896561 0.535098 0.0225051 0.0373286 0.00195331
11 0.78642 0.472901 0.0212797 0.0883739 0.00176421
11 0.00589742 0.521758 0.0117948 0.112977 0.00145621
11 0.869175 0.612427 0.0440343 0.030399 0.00128453
11 0.863582 0.605337 0.0396986 0.0246971 0.00127468
11 0.903609 0.532128 0.0310594 0.0497735 0.00121864
11 0.77789 0.696156 0.0212253 0.0932675 0.00118095
11 0.8712 0.655067 0.0490064 0.0360611 0.00115564
11 0.807259 0.597075 0.0318867 0.0643548 0.00111624
3 0.827032 0.69464 0.0848 0.0854024 0.0010996
11 0.783963 0.490117 0.0257864 0.118754 0.00106272
