10 0.491637 0.659069 0.514594 0.301913 0.961046
4 0.466027 0.473749 0.379177 0.0666887 0.462551
4 0.485041 0.472132 0.337999 0.0506946 0.288257
10 0.487768 0.473937 0.329009 0.0444455 0.0918079
4 0.465714 0.478761 0.402148 0.0961901 0.0262201
10 0.449764 0.461054 0.424598 0.240832 0.00272856
4 0.470183 0.462024 0.35642 0.125215 0.00231387
10 0.526083 0.479986 0.265103 0.0332856 0.00180847
4 0.402054 0.476018 0.339307 0.139578 0.00166692
4 0.468432 0.502105 0.430576 0.110719 0.00105605
10 0.454736 0.629719 0.438375 0.271563 0.00105571
