11 0.312131 0.658691 0.125259 0.0991595 0.760641
11 0.403096 0.363315 0.146799 0.0446892 0.195125
11 0.227621 0.384745 0.169172 0.0438128 0.0277513
11 0.398764 0.371602 0.148493 0.0408729 0.0232536
11 0.705972 0.577561 0.14377 0.0447497 0.0218471
11 0.23821 0.37686 0.176481 0.0346966 0.0207994
11 0.202478 0.400039 0.150357 0.036517 0.0133698
11 0.207044 0.403228 0.121239 0.0278729 0.0119567
11 0.304474 0.389232 0.110858 0.0357636 0.00939107
11 0.304107 0.398722 0.121643 0.0460786 0.0091085
11 0.363258 0.379672 0.158573 0.0356929 0.00822161
11 0.281449 0.411752 0.136972 0.0470016 0.0073737
11 0.34931 0.388827 0.138351 0.0345639 0.00724288
11 0.321821 0.394772 0.122642 0.0309738 0.00688038
11 0.376669 0.385123 0.153765 0.0370067 0.00677151
11 0.211544 0.391908 0.15584 0.046795 0.00670308
11 0.42997 0.403664 0.152239 0.0591377 0.006514
11 0.279197 0.388125 0.118213 0.0366775 0.00637087
11 0.323294 0.390027 0.129839 0.0261729 0.00594339
11 0.333606 0.382691 0.14711 0.0363859 0.00546061
11 0.302092 0.409783 0.141631 0.0458135 0.00537428
11 0.255348 0.411394 0.143611 0.05294 0.00519984
11 0.21249 0.395343 0.124236 0.0361238 0.00508268
11 0.31153 0.393202 0.119677 0.0243409 0.00498724
11 0.262555 0.378296 0.182519 0.039631 0.00485993
11 0.262933 0.382983 0.156164 0.0361385 0.00480819
11 0.483967 0.396679 0.226146 0.0688581 0.00468773
11 0.282177 0.40015 0.115208 0.0482393 0.00465547
11 0.301499 0.397897 0.111298 0.0286452 0.00435707
11 0.260454 0.421705 0.171532 0.051465 0.00397768
11 0.307975 0.383367 0.131336 0.0381082 0.00393538
11 0.290861 0.63981 0.0995846 0.0624369 0.00376828
11 0.189652 0.407666 0.119946 0.0310651 0.00366936
11 0.726793 0.586793 0.13452 0.0627014 0.0036125
11 0.266417 0.430401 0.199977 0.0501191 0.00355899
11 0.339555 0.402788 0.119054 0.0491117 0.0034274
11 0.291603 0.393446 0.111338 0.0222599 0.00342195
11 0.395997 0.38212 0.154529 0.0431534 0.00336613
11 0.344545 0.388263 0.143878 0.0246334 0.00318342
11 0.219508 0.399297 0.132476 0.0266214 0.00280676
11 0.418521 0.356532 0.14653 0.0405377 0.00266851
11 0.422973 0.397492 0.184456 0.0660527 0.00261501
11 0.392137 0.382113 0.141098 0.0262464 0.00260693
11 0.209197 0.409303 0.117082 0.0342131 0.00256453
11 0.17939 0.406837 0.122631 0.0251818 0.00247944
11 0.414711 0.379657 0.197982 0.0544421 0.00243574
11 0.267992 0.417902 0.126544 0.0473541 0.00230285
11 0.337442 0.411824 0.124275 0.0445601 0.00227815
11 0.660514 0.568033 0.202777 0.0497807 0.00227732
11 0.33765 0.409959 0.0922844 0.0464463 0.00227333
11 0.386937 0.363928 0.125414 0.0374753 0.00223203
11 0.233957 0.397631 0.168524 0.0422692 0.00222882
11 0.31564 0.419851 0.167718 0.0480519 0.00221031
11 0.243737 0.435444 0.191244 0.0461265 0.00210838
11 0.252408 0.371049 0.18845 0.0416104 0.00201474
11 0.423435 0.357257 0.172904 0.0500352 0.00198178
11 0.250931 0.401102 0.152287 0.0504581 0.00196734
11 0.215854 0.405564 0.156084 0.0433906 0.00196423
11 0.395201 0.377482 0.130325 0.0295958 0.00185194
11 0.323059 0.400386 0.118324 0.0377969 0.00182649
11 0.343511 0.394255 0.128354 0.0318891 0.0017329
11 0.195325 0.451866 0.104161 0.0695519 0.00171174
11 0.407456 0.389027 0.155774 0.0547997 0.00170906
11 0.437685 0.386667 0.243542 0.0625117 0.0016704
11 0.438237 0.408662 0.107624 0.0434386 0.00159147
11 0.278622 0.398703 0.125991 0.0283732 0.00158205
11 0.303791 0.377664 0.2086 0.0438284 0.00154647
11 0.306889 0.432514 0.206589 0.0517637 0.00153669
11 0.224327 0.369316 0.143642 0.036774 0.00153153
11 0.299148 0.439146 0.138189 0.0338907 0.00148411
11 0.251898 0.419145 0.127536 0.0532276 0.00144328
11 0.679013 0.574188 0.191924 0.0459205 0.00135668
11 0.311015 0.435483 0.150662 0.0373717 0.00134654
11 0.439237 0.352782 0.115695 0.0497117 0.00130079
11 0.296373 0.649693 0.102369 0.0809995 0.00126087
11 0.37378 0.368287 0.11005 0.0388497 0.00124105
11 0.373353 0.401336 0.16274 0.0596242 0.0012341
11 0.718462 0.572966 0.121686 0.0444309 0.00123257
11 0.220671 0.440134 0.133136 0.0401653 0.00119905
11 0.728765 0.578597 0.102699 0.048693 0.00119645
11 0.329519 0.660009 0.0938063 0.0922756 0.00118891
11 0.179286 0.399381 0.118732 0.0364693 0.00118672
11 0.319569 0.418101 0.13606 0.0378187 0.00115485
11 0.429003 0.403902 0.117571 0.0496794 0.00114079
11 0.35595 0.405753 0.0994426 0.0473008 0.00113433
11 0.811682 0.622285 0.0982153 0.086864 0.00113234
11 0.222467 0.389611 0.134303 0.0346047 0.0010882
11 0.26248 0.39366 0.138983 0.0279123 0.00106826
11 0.34836 0.376011 0.189953 0.0434325 0.00106053
11 0.320781 0.409555 0.119281 0.0399181 0.00104562
11 0.199341 0.412803 0.113469 0.0422454 0.00102352
11 0.40261 0.386823 0.132661 0.0331469 0.00100963
