9 0.334827 0.299478 0.467441 0.373047 0.980445
7 0.589557 0.111166 0.18514 0.0344921 0.840088
6 0.318491 0.320313 0.428269 0.330565 0.0215745
6 0.382541 0.266431 0.157857 0.197499 0.00562965
0 0.476111 0.968807 0.823278 0.0623856 0.00332332
6 0.410506 0.274493 0.151134 0.178277 0.00223642
0 0.371614 0.984682 0.608435 0.0306358 0.00174889
7 0.580816 0.112116 0.20132 0.0235917 0.00174267
6 0.316604 0.335226 0.212961 0.168578 0.00140971
0 0.508528 0.905092 0.882488 0.189815 0.00135433
6 0.334936 0.316008 0.195734 0.208567 0.00125686
