7 0.568885 0.410245 0.0285058 0.0553282 0.40291
7 0.845526 0.345923 0.0554085 0.0617473 0.110374
7 0.193738 0.629891 0.0430562 0.0518766 0.0730489
11 0.238572 0.698031 0.186318 0.0935476 0.0602959
8 0.754517 0.378565 0.240214 0.111194 0.039293
6 0.773596 0.821602 0.257251 0.181288 0.0374005
7 0.564813 0.414136 0.0322726 0.0718494 0.0343457
7 0.392038 0.766236 0.0704519 0.021442 0.0324966
11 0.229089 0.680594 0.172739 0.121951 0.025274
11 0.190361 0.639681 0.051195 0.0679726 0.012671
7 0.79011 0.388731 0.0731873 0.0763824 0.0115608
7 0.39561 0.762726 0.065024 0.0279504 0.011175
7 0.572153 0.420305 0.038379 0.079193 0.0110008
7 0.808121 0.370627 0.0905269 0.0372448 0.00871151
11 0.189647 0.664607 0.0682634 0.115904 0.00855156
7 0.792877 0.375602 0.0656178 0.0468693 0.00788635
7 0.55558 0.382022 0.0644038 0.108169 0.00683013
7 0.430337 0.732839 0.0916003 0.0488144 0.00627977
7 0.5651 0.392376 0.0446328 0.0928568 0.00537876
7 0.396384 0.749642 0.0712269 0.0508895 0.00502582
7 0.547714 0.418214 0.049046 0.0901096 0.00486866
7 0.585138 0.412013 0.0619139 0.0623521 0.00387793
7 0.557275 0.419633 0.0409108 0.0848583 0.0035564
7 0.205086 0.63104 0.0632687 0.0553808 0.00354886
7 0.54384 0.394449 0.0373898 0.0852139 0.00263207
7 0.394317 0.756791 0.0674635 0.0385237 0.00253027
7 0.539774 0.384493 0.0341423 0.0874698 0.00252611
7 0.564422 0.404003 0.0419943 0.0651944 0.00238616
7 0.667438 0.356033 0.0642073 0.0651375 0.00176922
7 0.566509 0.416354 0.0282981 0.0564144 0.00158178
7 0.191647 0.644461 0.0518436 0.0815419 0.00156781
7 0.39946 0.768796 0.0547258 0.020232 0.00141742
7 0.566335 0.422573 0.0538761 0.0930425 0.00141569
7 0.81854 0.359786 0.106007 0.0467724 0.00121551
11 0.277607 0.577121 0.148372 0.25891 0.00110383
7 0.779059 0.388115 0.109132 0.0862167 0.00100203
