3 0.151515 0.67399 0.097198 0.118808 0.898314
3 0.613229 0.312731 0.106051 0.0379297 0.0777126
3 0.582915 0.662039 0.0602527 0.0425869 0.0230297
11 0.485925 0.353067 0.0474006 0.0418901 0.0155884
11 0.559907 0.345226 0.0518637 0.0197126 0.0153987
11 0.485516 0.347019 0.0514815 0.0349092 0.0140627
11 0.557934 0.345272 0.0668362 0.0270846 0.00933649
11 0.577336 0.668317 0.0716148 0.0430559 0.00749717
11 0.554724 0.342409 0.0554929 0.0194472 0.00715811
11 0.496866 0.362339 0.0261506 0.0241359 0.00690727
11 0.62307 0.357798 0.0511687 0.0276534 0.00678644
11 0.624031 0.352795 0.0516871 0.0250716 0.00594594
11 0.58077 0.663233 0.0612961 0.042075 0.00579382
11 0.566304 0.346613 0.0467007 0.0208149 0.00573564
11 0.61931 0.358819 0.0481553 0.0357329 0.00564444
11 0.485649 0.342115 0.048192 0.0251112 0.00475172
11 0.678463 0.328527 0.0453694 0.0358594 0.00452685
11 0.491305 0.357123 0.0328496 0.0230608 0.0044363
11 0.672452 0.325307 0.0416899 0.0344843 0.0042837
11 0.493241 0.363497 0.0374161 0.0363093 0.00399832
11 0.49152 0.361586 0.0346747 0.0275366 0.00372748
11 0.612946 0.364511 0.0425428 0.0440257 0.00355507
11 0.487633 0.361494 0.0368028 0.0332073 0.00331081
11 0.485891 0.361858 0.0472303 0.0506973 0.00321743
11 0.482081 0.346258 0.0472562 0.0278518 0.00300234
11 0.497059 0.343058 0.0591774 0.0304492 0.00296405
11 0.548984 0.34447 0.0563291 0.0233811 0.00295008
11 0.623263 0.363119 0.0480352 0.041536 0.00288602
11 0.572674 0.674707 0.0775482 0.0357638 0.002856
11 0.486895 0.342938 0.0602396 0.0324385 0.00275549
11 0.486868 0.354817 0.0382854 0.0278639 0.00274033
11 0.613127 0.354317 0.0478996 0.0325988 0.00266924
11 0.677169 0.333366 0.0591867 0.0363805 0.00258452
11 0.609511 0.371467 0.042018 0.0382664 0.00242773
11 0.677762 0.320906 0.0327346 0.035787 0.00237537
11 0.478053 0.341362 0.0471405 0.0215472 0.00236899
11 0.678714 0.491551 0.0347813 0.0475558 0.0023003
11 0.499735 0.366357 0.0238361 0.0263206 0.00215623
11 0.558295 0.520094 0.0577474 0.0498716 0.00214001
11 0.496061 0.357796 0.0264928 0.0211662 0.00211485
11 0.486071 0.338285 0.050804 0.0227149 0.00207533
11 0.605198 0.377207 0.046101 0.0287347 0.00207133
11 0.555411 0.350508 0.0517246 0.0308346 0.00191592
11 0.632514 0.322778 0.0698799 0.0287748 0.00188087
11 0.619652 0.347589 0.0527978 0.0218037 0.00187841
11 0.567687 0.34668 0.0531116 0.0298566 0.00184345
11 0.554879 0.546093 0.0398896 0.0273175 0.00180359
11 0.493337 0.341393 0.0502281 0.0248631 0.00168858
11 0.63448 0.327335 0.0668283 0.0246352 0.00168396
11 0.667573 0.328667 0.0474705 0.0321703 0.00161794
11 0.479118 0.350502 0.0455607 0.0296845 0.00157603
11 0.557683 0.350324 0.0696611 0.0367498 0.00156918
11 0.485606 0.34994 0.041678 0.0272715 0.00154178
11 0.6477 0.555807 0.0469784 0.0307518 0.00153704
11 0.644069 0.579077 0.0238249 0.0485777 0.00151799
11 0.64388 0.323261 0.0494469 0.0269735 0.00151519
11 0.547304 0.518226 0.0515567 0.0457586 0.00148957
11 0.505453 0.367287 0.0294282 0.0216835 0.00144762
11 0.565075 0.35532 0.0489485 0.0320593 0.00140336
11 0.632033 0.3568 0.0599176 0.0229846 0.00137079
11 0.655132 0.328275 0.0481098 0.0251224 0.00136209
11 0.506794 0.364151 0.0291785 0.0209775 0.00135273
11 0.616901 0.317678 0.0926429 0.0295814 0.00128443
11 0.500928 0.356102 0.0373101 0.0310965 0.00127373
11 0.646724 0.560193 0.0395162 0.0352598 0.00122738
11 0.644914 0.327356 0.0541468 0.0208746 0.0012169
11 0.631768 0.621709 0.0346972 0.0321179 0.0012058
11 0.55614 0.539298 0.0404261 0.041183 0.00119252
11 0.540255 0.341042 0.0703081 0.0173552 0.00116605
11 0.539311 0.667453 0.0300384 0.0410465 0.00116305
11 0.632991 0.352994 0.060262 0.0233799 0.00112546
11 0.683136 0.324748 0.0395155 0.0321267 0.00112224
11 0.629544 0.348466 0.0568427 0.0241012 0.00111443
11 0.503868 0.364432 0.0314905 0.0313303 0.00109547
11 0.674068 0.487142 0.0483076 0.0394597 0.00107936
11 0.627255 0.361643 0.0528053 0.0272052 0.00101096
11 0.602006 0.370838 0.0517227 0.0361804 0.00100534
