3 0.32691 0.710338 0.321195 0.320104 0.895453
4 0.39169 0.583945 0.392153 0.453074 0.782295
4 0.280253 0.647017 0.29461 0.313896 0.7322
8 0.347666 0.69231 0.312608 0.296703 0.576973
10 0.40104 0.553001 0.368105 0.386926 0.0527348
3 0.295272 0.641351 0.303985 0.322004 0.0146394
4 0.333562 0.622193 0.391078 0.366153 0.00679463
4 0.33163 0.695997 0.327869 0.320766 0.00519995
4 0.301048 0.614961 0.230687 0.274046 0.00303698
11 0.269684 0.794279 0.145776 0.117609 0.00147791
4 0.207555 0.644474 0.41511 0.318655 0.00102117
