4 0.699573 0.553987 0.246405 0.446485 0.931109
10 0.490921 0.578918 0.589313 0.16392 0.902381
8 0.797467 0.441085 0.134511 0.344731 0.320668
3 0.796243 0.452339 0.138086 0.367135 0.104017
8 0.777159 0.470275 0.174645 0.380804 0.0705222
8 0.799947 0.510838 0.138056 0.474587 0.0370116
3 0.396479 0.482926 0.19 0.230573 0.0321884
10 0.409035 0.582486 0.427769 0.164675 0.00948686
3 0.745857 0.474355 0.0898609 0.225028 0.00394083
3 0.671381 0.435515 0.173875 0.224426 0.00266332
3 0.677208 0.442966 0.135183 0.269947 0.00186041
4 0.67201 0.470695 0.204693 0.244531 0.00139689
