3 0.639235 0.718816 0.240092 0.252796 0.959244
8 0.826225 0.708098 0.136335 0.332472 0.957582
4 0.674901 0.338224 0.175697 0.447491 0.937465
11 0.506724 0.819921 0.121695 0.0918474 0.881095
11 0.620821 0.731171 0.0953309 0.204604 0.00435197
11 0.905916 0.582355 0.0277707 0.0898591 0.00275702
10 0.318931 0.354036 0.166086 0.330572 0.00241035
4 0.67326 0.249108 0.17556 0.263936 0.00229303
11 0.853782 0.516005 0.0928294 0.0327491 0.00204772
11 0.616686 0.721815 0.126152 0.202817 0.00144131
11 0.602558 0.745285 0.133906 0.180853 0.00121009
11 0.696072 0.772259 0.10814 0.118773 0.00101428
