11 0.5724 0.309207 0.0737033 0.0237442 0.0207413
11 0.534424 0.40263 0.128751 0.0190489 0.0144024
11 0.384227 0.295378 0.101586 0.0258928 0.0116254
11 0.561565 0.306761 0.0948321 0.0187094 0.00856847
11 0.529805 0.409708 0.132435 0.0175428 0.00781349
11 0.548171 0.400521 0.12869 0.0180786 0.00653918
11 0.575983 0.31274 0.0721684 0.0259457 0.00642826
11 0.569594 0.399306 0.137354 0.0167635 0.00629082
11 0.484451 0.299592 0.102049 0.0163781 0.00620867
11 0.37444 0.290616 0.136219 0.0284872 0.00581711
11 0.542047 0.302349 0.122029 0.0162682 0.00518689
11 0.431756 0.298941 0.114311 0.0171101 0.00477374
11 0.545426 0.305627 0.111577 0.015449 0.00465068
11 0.51753 0.401052 0.108789 0.0205538 0.0043047
11 0.405073 0.298515 0.111442 0.0259188 0.00399078
11 0.405844 0.30385 0.0948549 0.0327707 0.00375129
11 0.434371 0.295089 0.104345 0.0186677 0.0037422
10 0.573357 0.39754 0.145474 0.0169152 0.00358499
11 0.584723 0.315107 0.0730401 0.0236777 0.00353079
11 0.40583 0.308657 0.0815787 0.0278672 0.00347592
11 0.509129 0.40555 0.107564 0.0212163 0.00330354
11 0.417202 0.303791 0.101646 0.0254679 0.00302785
11 0.446117 0.295762 0.11897 0.0222495 0.00298414
11 0.362897 0.294741 0.109576 0.0279727 0.0029341
11 0.710552 0.314957 0.106186 0.0271232 0.00286269
11 0.468057 0.299837 0.118968 0.0148786 0.00282675
11 0.700584 0.314432 0.119227 0.0216126 0.00282528
11 0.59396 0.399507 0.154477 0.0148437 0.00282134
11 0.584196 0.308225 0.0674745 0.0239182 0.00270212
11 0.535838 0.30746 0.112043 0.0132416 0.00264081
11 0.408035 0.294883 0.11273 0.017415 0.0024347
11 0.481501 0.302557 0.110982 0.0190088 0.0024152
11 0.358995 0.288712 0.125191 0.0260855 0.00235131
11 0.417652 0.298395 0.10935 0.0202994 0.00232608
11 0.540675 0.407806 0.141654 0.0183362 0.00230812
11 0.501033 0.401492 0.100616 0.0288549 0.00230474
11 0.555732 0.303016 0.116024 0.0202815 0.00228198
11 0.688746 0.318169 0.121556 0.0243035 0.00224906
11 0.376936 0.299265 0.12971 0.0296272 0.00224368
11 0.493212 0.295088 0.0982531 0.0157851 0.0022059
11 0.41682 0.309388 0.0963807 0.023312 0.00214834
11 0.627686 0.316784 0.110649 0.0290857 0.00209642
11 0.393051 0.29479 0.118703 0.0197371 0.00207637
11 0.403001 0.291624 0.153507 0.0289495 0.00206639
11 0.392005 0.302486 0.0899331 0.0294498 0.00206504
11 0.51932 0.299365 0.111418 0.0162786 0.00193642
11 0.642202 0.321041 0.119658 0.0237065 0.00185619
11 0.519772 0.308078 0.11799 0.0148135 0.00161463
11 0.427936 0.303143 0.114191 0.0194857 0.00153134
11 0.61479 0.317451 0.10749 0.0255061 0.00150595
11 0.626932 0.320525 0.109887 0.0196074 0.00150344
11 0.436725 0.291836 0.141749 0.0280779 0.00147073
11 0.47066 0.295632 0.107488 0.0180272 0.00140961
11 0.530251 0.39982 0.118774 0.015667 0.00139462
11 0.521803 0.303798 0.112812 0.016286 0.00138147
11 0.517993 0.295433 0.11029 0.016798 0.00137226
11 0.708292 0.309392 0.119708 0.0299471 0.00136177
11 0.734351 0.313943 0.0847911 0.0298997 0.00134271
11 0.689746 0.326128 0.0961933 0.0261509 0.00124473
11 0.570977 0.302902 0.0822524 0.0250558 0.00122312
11 0.650581 0.315029 0.103059 0.022902 0.00120935
10 0.497926 0.316019 0.146108 0.0110247 0.00119903
11 0.607021 0.401526 0.133815 0.0179868 0.00118378
11 0.629483 0.311561 0.107919 0.0245225 0.0011827
11 0.712738 0.305076 0.109275 0.0291787 0.00112716
11 0.520268 0.3976 0.104267 0.0231964 0.0010778
11 0.668532 0.319116 0.132193 0.0246766 0.00107368
11 0.545822 0.308521 0.109102 0.0188338 0.00105198
11 0.643749 0.309354 0.0772653 0.0233244 0.00102717
