5 0.155966 0.711742 0.0848189 0.473823 0.955671
5 0.723228 0.348136 0.160739 0.344112 0.932274
2 0.20524 0.69398 0.291018 0.36449 0.893239
2 0.689753 0.542128 0.232194 0.514999 0.855437
2 0.722087 0.425021 0.170153 0.286262 0.143471
2 0.715392 0.475506 0.175782 0.386627 0.0370612
2 0.683715 0.656178 0.223942 0.284184 0.0200081
1 0.147025 0.686858 0.0721171 0.405977 0.0134919
1 0.121091 0.541336 0.140179 0.313913 0.0111381
1 0.726207 0.380527 0.159739 0.271292 0.0107148
1 0.171532 0.663725 0.131653 0.383871 0.00942904
5 0.148692 0.671254 0.0681873 0.374522 0.00896375
2 0.698193 0.693176 0.259625 0.207629 0.00774591
10 0.737751 0.406072 0.176471 0.252443 0.00428981
1 0.192412 0.66044 0.170414 0.431899 0.00411823
1 0.729633 0.329182 0.160006 0.325625 0.0032714
1 0.718976 0.42341 0.15894 0.199727 0.00305671
1 0.17193 0.686308 0.12225 0.520929 0.00285964
2 0.667042 0.597544 0.189309 0.399808 0.00259885
1 0.740968 0.40778 0.191441 0.218765 0.00207062
5 0.71951 0.405456 0.148534 0.236316 0.00163525
2 0.211678 0.608204 0.222797 0.356475 0.0014431
3 0.747609 0.433095 0.227308 0.225886 0.00140568
