9 0.578085 0.474839 0.287917 0.245606 0.956106
6 0.483815 0.56434 0.399774 0.0550346 0.576607
6 0.508431 0.563949 0.432638 0.074768 0.234642
6 0.560148 0.569842 0.26996 0.0732314 0.0626318
6 0.466126 0.556659 0.34937 0.0514302 0.0508365
7 0.380727 0.556915 0.22069 0.0305257 0.0453488
7 0.428315 0.559556 0.277814 0.0359905 0.00902221
6 0.571279 0.545041 0.280161 0.0960342 0.00652086
7 0.695711 0.708065 0.112167 0.0245532 0.00177529
6 0.481461 0.532636 0.380506 0.109417 0.00169035
6 0.569972 0.56487 0.32664 0.0890418 0.00102372
