9 0.522215 0.69929 0.3167 0.21934 0.954895
0 0.584516 0.804297 0.68808 0.114253 0.896345
6 0.512089 0.775248 0.535646 0.170138 0.65102
0 0.496115 0.797294 0.51056 0.152706 0.262286
6 0.5735 0.750168 0.210399 0.179965 0.228834
0 0.448568 0.766886 0.561892 0.188 0.155669
6 0.4807 0.819849 0.472348 0.101266 0.148204
0 0.671685 0.803753 0.516995 0.100519 0.128946
6 0.524714 0.764224 0.347536 0.179716 0.0321999
7 0.62068 0.7399 0.0877826 0.153744 0.0253356
0 0.573038 0.853098 0.706971 0.232146 0.0253351
0 0.269223 0.808705 0.19107 0.101367 0.020893
0 0.422335 0.79184 0.50571 0.135361 0.0152833
6 0.517977 0.699841 0.312769 0.222447 0.0126908
0 0.39127 0.738189 0.474508 0.272928 0.0101115
6 0.565385 0.793732 0.566811 0.135694 0.00860352
6 0.535857 0.732165 0.285107 0.220305 0.00588327
6 0.513634 0.724731 0.195878 0.147016 0.002803
7 0.619379 0.716519 0.109187 0.11282 0.00217651
11 0.576079 0.745148 0.168727 0.128202 0.0018059
7 0.605645 0.731868 0.10615 0.168918 0.00138413
