6 0.222188 0.371323 0.189522 0.385652 0.850158
7 0.287227 0.260505 0.0857826 0.160334 0.445691
7 0.236165 0.271804 0.0924808 0.173978 0.191859
7 0.263822 0.266123 0.127491 0.176335 0.0719832
7 0.249313 0.262191 0.0629923 0.140486 0.0286672
6 0.230357 0.292927 0.103802 0.213358 0.00993514
6 0.239399 0.268916 0.0935975 0.168845 0.00847722
7 0.250745 0.270061 0.0939599 0.211276 0.00785021
0 0.223671 0.389089 0.19071 0.414566 0.004215
7 0.294282 0.244081 0.0657622 0.126865 0.00376493
7 0.221471 0.272867 0.123084 0.208117 0.00156008
