1 0.670707 0.611558 0.249809 0.320044 0.902306
10 0.303066 0.426492 0.362292 0.378825 0.869708
3 0.348504 0.468748 0.319782 0.2735 0.311046
1 0.313506 0.442144 0.370361 0.328675 0.277919
10 0.327694 0.470006 0.345688 0.288916 0.083574
10 0.376465 0.421938 0.2574 0.281318 0.0173813
3 0.386097 0.407841 0.242452 0.314197 0.0134068
4 0.401693 0.411673 0.215648 0.169202 0.011799
10 0.413297 0.39743 0.274455 0.287389 0.00511528
5 0.330105 0.421341 0.316518 0.355168 0.0029781
6 0.372608 0.403672 0.227932 0.32349 0.00185983
4 0.34099 0.469483 0.332785 0.272363 0.00114779
