11 0.784838 0.677016 0.0696529 0.0919657 0.126823
11 0.240679 0.680818 0.0718996 0.0753957 0.0440723
11 0.235788 0.68726 0.0895776 0.0824135 0.0369904
11 0.217763 0.688257 0.115062 0.0841187 0.0226541
11 0.179096 0.845368 0.079306 0.0716915 0.0220514
11 0.779179 0.668747 0.0574034 0.0734005 0.0155935
10 0.732446 0.786127 0.0664439 0.0833025 0.0143985
11 0.192442 0.697165 0.104471 0.0735302 0.0137456
11 0.703413 0.734191 0.0600762 0.0719293 0.00759773
11 0.244557 0.67491 0.0569721 0.0739824 0.00741139
11 0.176842 0.858261 0.0889144 0.0987511 0.00455746
11 0.181154 0.738135 0.0819231 0.0456379 0.00430819
11 0.140514 0.882311 0.0508002 0.0668363 0.00378013
11 0.178278 0.734875 0.0868741 0.0842454 0.00311946
11 0.186117 0.726279 0.0886311 0.0801801 0.00296863
11 0.229247 0.701446 0.104619 0.0925358 0.00270748
11 0.179184 0.708399 0.0885283 0.0823654 0.00260864
11 0.169086 0.846036 0.0857474 0.0830421 0.00207823
11 0.119184 0.711209 0.0490619 0.0895067 0.0020251
11 0.225099 0.675608 0.0943521 0.0758158 0.00202049
11 0.737698 0.69144 0.0581892 0.0735775 0.00198687
11 0.173227 0.755017 0.0746528 0.0942545 0.00172646
11 0.734625 0.786302 0.0711744 0.0834393 0.00166207
11 0.126576 0.765011 0.0434591 0.107834 0.00162682
11 0.209461 0.676736 0.0915768 0.079086 0.00143324
11 0.145099 0.769385 0.0518994 0.102571 0.00133993
11 0.784843 0.662941 0.0444945 0.0602998 0.00130557
11 0.863702 0.680348 0.0503492 0.0780808 0.00117882
11 0.710672 0.737933 0.0611401 0.0836158 0.0011771
11 0.252518 0.68489 0.0542175 0.0672043 0.00116948
11 0.165908 0.76752 0.0636323 0.108057 0.00116272
11 0.132591 0.717607 0.0524548 0.0952522 0.00109275
11 0.189383 0.730906 0.0872534 0.0427372 0.00101662
