3 0.602389 0.612942 0.188397 0.147229 0.0130641
11 0.835895 0.567875 0.0656687 0.077733 0.0117339
11 0.827277 0.560436 0.0567198 0.0630627 0.0106063
11 0.847527 0.574034 0.0624269 0.0801218 0.00958917
11 0.274904 0.456461 0.0428795 0.0527552 0.00660873
10 0.391008 0.413309 0.141214 0.0345963 0.00397421
11 0.209891 0.587362 0.0319726 0.0438183 0.00326728
11 0.815521 0.548414 0.0501536 0.0361033 0.00301479
11 0.493932 0.446293 0.110685 0.0344675 0.00297494
11 0.824673 0.527952 0.0826948 0.0637563 0.00290809
3 0.632563 0.605345 0.248109 0.15643 0.00248694
11 0.815867 0.544931 0.0651001 0.0359221 0.00186643
11 0.818592 0.549609 0.0686203 0.0536168 0.00169107
11 0.848883 0.556141 0.0389322 0.0511136 0.00143561
10 0.85199 0.588712 0.0563873 0.105415 0.00136334
3 0.669226 0.593496 0.211257 0.149431 0.00134534
11 0.270835 0.456121 0.045278 0.0662297 0.0012569
11 0.828484 0.538659 0.075809 0.05805 0.00111425
11 0.830682 0.569249 0.0462063 0.0759508 0.00106819
11 0.207354 0.58995 0.0400201 0.0535719 0.00103116
11 0.826187 0.558542 0.0378759 0.0580323 0.00101449
