8 0.633951 0.415866 0.299114 0.355636 0.963284
11 0.721114 0.489675 0.113405 0.132746 0.950324
3 0.531932 0.669857 0.262235 0.270299 0.793215
4 0.549075 0.690047 0.27251 0.230806 0.750449
4 0.582164 0.675083 0.208358 0.209513 0.174824
11 0.524156 0.714194 0.084532 0.160022 0.111108
11 0.514245 0.728747 0.0987202 0.126687 0.101456
11 0.493856 0.725546 0.143304 0.128447 0.0483578
11 0.534406 0.692796 0.100021 0.2042 0.0151738
4 0.594864 0.642858 0.188688 0.169352 0.0109605
11 0.548629 0.70434 0.118625 0.189724 0.00886124
11 0.516467 0.680029 0.135268 0.202113 0.00551587
4 0.649224 0.62628 0.26285 0.163538 0.0054967
11 0.592741 0.610762 0.168921 0.164614 0.00502986
4 0.653344 0.568924 0.253169 0.232032 0.00412153
11 0.489738 0.705341 0.155982 0.161207 0.0025114
11 0.540274 0.682852 0.136351 0.238923 0.00212853
4 0.555895 0.684501 0.154068 0.226818 0.00185263
4 0.689223 0.644085 0.383393 0.294468 0.00173817
11 0.565112 0.653767 0.132928 0.214324 0.00154413
8 0.582396 0.598787 0.182998 0.144929 0.00138608
4 0.610561 0.743079 0.194351 0.1519 0.00131308
11 0.525372 0.731743 0.061821 0.0915325 0.00114104
4 0.577289 0.676116 0.155899 0.181879 0.00110519
3 0.573622 0.638326 0.221858 0.209457 0.00102627
4 0.683497 0.58972 0.340582 0.360049 0.00101952
