2 0.353379 0.65956 0.391648 0.195431 0.309675
6 0.300898 0.109661 0.0451124 0.0656795 0.0949266
11 0.299348 0.108643 0.0445985 0.0670336 0.0541447
6 0.314299 0.113298 0.0738344 0.0608214 0.0201958
10 0.313472 0.166966 0.163911 0.0605712 0.01198
10 0.322198 0.110893 0.0910296 0.0629857 0.00801386
6 0.346738 0.117796 0.143816 0.0513656 0.00791745
2 0.655313 0.703026 0.4418 0.148958 0.00649906
4 0.304449 0.214167 0.155024 0.160718 0.00564903
10 0.347977 0.109733 0.153101 0.0638557 0.00545732
10 0.316548 0.154428 0.160866 0.0791533 0.00425196
10 0.354627 0.124768 0.16372 0.0519912 0.0039512
6 0.263517 0.221812 0.0555626 0.18229 0.00358547
4 0.260798 0.229936 0.0542988 0.191192 0.00346472
6 0.275922 0.209991 0.0713582 0.163955 0.00308642
4 0.35112 0.157667 0.176286 0.124921 0.00294445
4 0.354646 0.135854 0.171685 0.0774942 0.00202363
4 0.316943 0.193771 0.205594 0.149421 0.00178001
10 0.323553 0.136555 0.131976 0.115574 0.00175327
10 0.262436 0.221061 0.0544487 0.184624 0.0014964
6 0.316353 0.179758 0.132876 0.110495 0.00142111
6 0.308694 0.114637 0.0663168 0.0813182 0.0013145
6 0.301929 0.11031 0.0501935 0.0901 0.00113058
