6 0.32642 0.279996 0.284752 0.217833 0.710512
6 0.268368 0.320913 0.389421 0.243103 0.68632
10 0.264195 0.315913 0.40952 0.298074 0.0337846
6 0.498158 0.225986 0.125105 0.0711941 0.029918
6 0.491423 0.237226 0.139977 0.0914818 0.0146072
6 0.512779 0.250112 0.14917 0.112146 0.0114372
0 0.316824 0.989621 0.587016 0.0207575 0.00739685
0 0.428234 0.989879 0.560118 0.020241 0.0056709
0 0.561297 0.971051 0.753435 0.0578974 0.00183293
0 0.402619 0.977293 0.727197 0.0454134 0.00179076
0 0.538604 0.98989 0.538265 0.0202198 0.00160709
0 0.617549 0.902024 0.672923 0.195953 0.00124031
0 0.409041 0.925192 0.756873 0.149615 0.00104442
