11 0.354085 0.464647 0.0709076 0.0722038 0.0416606
11 0.366753 0.476125 0.0980156 0.0624967 0.0408793
11 0.628022 0.756537 0.0569771 0.129273 0.015598
11 0.405413 0.609482 0.0770474 0.124044 0.0129725
11 0.35195 0.449924 0.0652749 0.100738 0.0078858
11 0.394684 0.600716 0.0701224 0.162424 0.00764938
11 0.643843 0.572756 0.0400157 0.110604 0.00203947
11 0.566052 0.289418 0.218874 0.0683905 0.00152793
11 0.372663 0.614717 0.067306 0.130818 0.00120771
11 0.667963 0.501164 0.104475 0.0474616 0.00113043
