9 0.555104 0.606016 0.480784 0.326883 0.961294
7 0.500857 0.626526 0.316234 0.124695 0.0184536
7 0.475132 0.616908 0.289425 0.0957591 0.0104463
6 0.496579 0.602596 0.325319 0.133095 0.00680057
7 0.475289 0.596834 0.283091 0.120965 0.00342756
7 0.523309 0.584315 0.304884 0.180395 0.00330213
6 0.555202 0.592639 0.258908 0.182664 0.0023828
6 0.499308 0.645874 0.300015 0.156441 0.00187702
6 0.494199 0.541526 0.255718 0.210139 0.00186767
6 0.507975 0.579134 0.320246 0.177949 0.00143574
7 0.564132 0.599718 0.259779 0.172586 0.0010614
6 0.600821 0.58844 0.290294 0.17693 0.00104947
