3 0.227898 0.731955 0.198162 0.150509 0.88363
3 0.426421 0.585397 0.26136 0.177544 0.169647
11 0.509905 0.406245 0.139759 0.0494935 0.0142277
11 0.58287 0.63434 0.1664 0.0611654 0.010955
11 0.589636 0.628365 0.210382 0.0658915 0.0101364
11 0.459022 0.452771 0.20948 0.0362629 0.00798452
11 0.555858 0.641514 0.110216 0.0611402 0.00756843
11 0.5743 0.643786 0.136623 0.0696551 0.00694211
11 0.557388 0.636477 0.136148 0.0569464 0.00646416
11 0.612292 0.625825 0.264471 0.0811954 0.00619177
11 0.590115 0.678539 0.162501 0.0539751 0.00595783
11 0.455015 0.399238 0.176281 0.0404172 0.00577043
11 0.535776 0.641091 0.106309 0.0617251 0.00548421
11 0.558782 0.655581 0.103079 0.0759786 0.00390514
11 0.537456 0.652315 0.115216 0.0752119 0.00348882
11 0.580476 0.667422 0.132047 0.0733542 0.00317049
11 0.533255 0.633226 0.158342 0.0559582 0.00294267
11 0.421666 0.403464 0.141813 0.0255361 0.00228174
11 0.512678 0.643937 0.130042 0.0712459 0.00224897
11 0.574377 0.683583 0.14641 0.0486633 0.00159046
3 0.488286 0.597385 0.389514 0.182017 0.00157994
11 0.447171 0.403474 0.144128 0.0278014 0.00156697
11 0.5251 0.700494 0.12547 0.0378081 0.00154177
11 0.523731 0.694611 0.129993 0.031997 0.0015118
11 0.698869 0.647735 0.104159 0.0544716 0.00145923
11 0.496802 0.40038 0.133582 0.0469222 0.0014415
11 0.535149 0.689135 0.138799 0.0326986 0.00117414
11 0.480091 0.403599 0.127157 0.0484483 0.00100251
