7 0.342143 0.42299 0.0586336 0.0453734 0.891496
7 0.317231 0.67052 0.029854 0.0548534 0.890748
7 0.329743 0.670643 0.0523998 0.0518056 0.0813413
7 0.320871 0.669894 0.0237997 0.0488319 0.0248259
7 0.339765 0.671722 0.0585313 0.0421953 0.0192105
7 0.317658 0.671866 0.0415112 0.0634701 0.0130897
7 0.34052 0.677593 0.0741418 0.060165 0.0048587
7 0.307834 0.670447 0.0457783 0.0607289 0.00357195
7 0.349016 0.416835 0.0476872 0.0453453 0.00338186
7 0.345682 0.66752 0.0430897 0.0379082 0.00263136
7 0.354917 0.666921 0.0278599 0.0362377 0.00247983
7 0.322209 0.67695 0.0229358 0.0443619 0.0022722
7 0.360475 0.669461 0.0194548 0.0392301 0.0022254
7 0.317111 0.677648 0.0262104 0.0534848 0.00210054
7 0.345032 0.418878 0.0721823 0.0518729 0.00183291
7 0.347147 0.673556 0.039612 0.0440639 0.00177146
7 0.357064 0.673379 0.0237948 0.0469749 0.00175663
7 0.331506 0.413972 0.0477668 0.0427002 0.00173891
7 0.330266 0.669159 0.0404101 0.0433807 0.00171719
7 0.319367 0.664108 0.0306931 0.0456991 0.00163113
7 0.340989 0.42714 0.0528107 0.0293292 0.0015954
7 0.348132 0.424894 0.0466247 0.0378357 0.00149659
7 0.319886 0.682838 0.0259482 0.0449863 0.00129843
7 0.340801 0.665019 0.0585818 0.0377165 0.00124535
7 0.3602 0.663804 0.0221558 0.0316418 0.001242
7 0.333862 0.423592 0.0439093 0.0406324 0.00122655
7 0.363358 0.672045 0.0191635 0.0429989 0.00107753
7 0.338613 0.409467 0.0561569 0.0331247 0.00105167
7 0.3561 0.417434 0.0373869 0.0446418 0.00103077
8 0.306913 0.616295 0.135588 0.254697 0.0010292
3 0.312582 0.611086 0.133619 0.236197 0.00101018
