10 0.397743 0.681412 0.382358 0.332963 0.915228
4 0.762187 0.475488 0.0813844 0.43301 0.55375
6 0.754073 0.429196 0.0727421 0.342348 0.119851
4 0.754804 0.436542 0.0727653 0.353038 0.0474728
10 0.757204 0.453836 0.0762323 0.389863 0.0333346
10 0.347638 0.734499 0.413156 0.0963325 0.027807
3 0.33253 0.204004 0.182378 0.138846 0.0173918
4 0.403656 0.756381 0.33942 0.176106 0.0165762
4 0.512786 0.22338 0.20609 0.184134 0.0161496
4 0.757273 0.495657 0.109848 0.4739 0.0115627
10 0.355892 0.709975 0.388632 0.142682 0.00836174
4 0.348237 0.723668 0.38251 0.140976 0.00407486
4 0.433529 0.795889 0.298829 0.212498 0.00233534
3 0.67925 0.898175 0.134851 0.0946386 0.00171516
10 0.517264 0.224225 0.2057 0.193443 0.00170226
10 0.287491 0.727194 0.302267 0.101848 0.00169881
4 0.35723 0.732834 0.21524 0.118921 0.00157098
