2 0.22202 0.420459 0.127123 0.330062 0.687952
2 0.392341 0.468833 0.462681 0.223905 0.66222
2 0.254109 0.414821 0.060773 0.337225 0.471368
2 0.220658 0.477343 0.13304 0.221252 0.408065
2 0.263571 0.412998 0.0474229 0.333413 0.0659803
2 0.421074 0.437195 0.512753 0.275546 0.0249027
2 0.268276 0.480033 0.227714 0.206278 0.0168367
2 0.240591 0.415607 0.0894129 0.337326 0.013004
1 0.264286 0.422346 0.0458901 0.346902 0.00919409
2 0.326153 0.484172 0.34323 0.21247 0.00264604
2 0.359541 0.407495 0.412017 0.386471 0.00113612
5 0.178981 0.482462 0.048402 0.218023 0.00108153
