11 0.829499 0.386264 0.0688591 0.0332658 0.027292
11 0.224218 0.609529 0.0337785 0.0538909 0.0206658
11 0.0980557 0.55273 0.0430728 0.0348095 0.0183298
11 0.779031 0.386963 0.0451498 0.0290811 0.0173769
11 0.131637 0.443678 0.0295985 0.0499663 0.0137171
11 0.0975313 0.545822 0.0430503 0.0354058 0.0114477
11 0.221406 0.603184 0.0312311 0.044238 0.0100266
11 0.85813 0.653095 0.0431926 0.0537567 0.00996832
11 0.0265521 0.512292 0.0179178 0.0809027 0.009398
11 0.857385 0.64552 0.0502853 0.0488194 0.00888822
11 0.166218 0.52573 0.0340121 0.0737457 0.00852429
11 0.820678 0.7184 0.0511098 0.0601989 0.00824219
11 0.447664 0.52396 0.0153719 0.0732648 0.00786458
11 0.0916014 0.47671 0.0518957 0.0359243 0.0070886
11 0.162665 0.539354 0.0335582 0.0918489 0.00692146
11 0.106954 0.556583 0.0461624 0.0326957 0.00679983
11 0.832182 0.389364 0.0585699 0.0242925 0.00672009
11 0.857377 0.656182 0.0523922 0.0706663 0.00651251
11 0.782091 0.381837 0.0488968 0.0392148 0.00649529
11 0.856817 0.634806 0.044064 0.0297934 0.00647573
11 0.779461 0.393127 0.0463098 0.030991 0.00630374
11 0.814533 0.723282 0.0570853 0.0460933 0.00607252
11 0.787507 0.386529 0.0548193 0.0366102 0.00601898
11 0.0853206 0.495308 0.0343336 0.0412221 0.00586456
11 0.851713 0.650509 0.0369403 0.0509684 0.00585921
11 0.136842 0.446759 0.03502 0.0545345 0.00580401
11 0.0907416 0.483658 0.0461986 0.0391902 0.00579793
11 0.863224 0.710649 0.0523869 0.0399495 0.00530717
11 0.121551 0.44494 0.0411195 0.0545213 0.00504864
11 0.126112 0.452606 0.0397816 0.0460949 0.00488775
11 0.216024 0.612294 0.0413816 0.0566709 0.0048678
11 0.0894235 0.489204 0.0384547 0.0473446 0.0048668
11 0.83045 0.713012 0.0447571 0.058669 0.00482386
11 0.085224 0.486272 0.0407094 0.0371946 0.00468488
11 0.101682 0.559349 0.0443466 0.0435133 0.00460846
11 0.343748 0.582081 0.0192224 0.0775708 0.00442401
11 0.904913 0.466969 0.0398322 0.0294293 0.00442202
11 0.826564 0.391726 0.0560837 0.0280861 0.00429618
11 0.0959224 0.466702 0.0559768 0.0349584 0.00414268
11 0.849191 0.657197 0.0475143 0.0661664 0.00413056
11 0.0916049 0.413736 0.0479587 0.031809 0.00412536
11 0.0559667 0.502611 0.0276246 0.0775965 0.00397631
11 0.788129 0.380771 0.0687206 0.0408348 0.00396602
11 0.788401 0.727156 0.0589639 0.0517316 0.00395319
11 0.835918 0.390597 0.0641129 0.0391509 0.00391044
11 0.229755 0.605094 0.0403963 0.0459642 0.0038474
11 0.770497 0.386422 0.0484661 0.02943 0.00384002
11 0.025829 0.525139 0.0183116 0.0872749 0.0038302
11 0.612773 0.574525 0.0192894 0.0901124 0.00367999
11 0.810339 0.715998 0.0543481 0.0604165 0.0036378
11 0.131306 0.544558 0.0459866 0.0458987 0.00359366
11 0.127986 0.43937 0.0363049 0.060619 0.00355104
11 0.104359 0.464229 0.0588662 0.0321546 0.0035304
11 0.115832 0.456252 0.0461272 0.0393337 0.00352836
11 0.904846 0.473853 0.0369339 0.0334092 0.00351142
11 0.0559341 0.482589 0.0220845 0.0861423 0.00340501
11 0.126262 0.534721 0.0397078 0.0348486 0.00338757
11 0.276449 0.407113 0.0578681 0.036425 0.00329234
11 0.112935 0.566189 0.0463129 0.0307862 0.00324222
11 0.131548 0.516261 0.03758 0.0644798 0.0032196
11 0.776427 0.380119 0.0448119 0.0301685 0.00315775
11 0.849495 0.670653 0.03255 0.0858287 0.00303646
3 0.990676 0.531081 0.0148541 0.103134 0.00303147
11 0.114792 0.464094 0.042347 0.0374216 0.00302027
11 0.130899 0.552622 0.0476366 0.0490251 0.00296376
11 0.140027 0.439882 0.0345217 0.0645586 0.00290983
11 0.797665 0.725122 0.0634861 0.0494492 0.0028887
11 0.0612945 0.50379 0.0217241 0.0872473 0.00286923
11 0.166017 0.548077 0.0273279 0.0946946 0.00283164
11 0.0963138 0.406003 0.0439566 0.0255414 0.00279896
11 0.221258 0.591863 0.0292809 0.0484442 0.00278762
11 0.131222 0.532717 0.0432126 0.0416821 0.00274616
11 0.0870687 0.405668 0.0433372 0.0261764 0.00274201
11 0.0485202 0.403627 0.0376832 0.0309483 0.00266147
11 0.0899763 0.497003 0.0360235 0.0481309 0.00263376
11 0.949135 0.482513 0.0354698 0.0329856 0.0026204
11 0.162472 0.55543 0.0295565 0.0887675 0.00256949
11 0.104919 0.473353 0.0602711 0.0321384 0.00253992
11 0.195909 0.49369 0.037149 0.0694464 0.00252986
11 0.0839779 0.476134 0.0460703 0.0327066 0.00252952
11 0.788702 0.748425 0.0554263 0.0600326 0.0025258
11 0.0498431 0.504563 0.0256478 0.0728523 0.00252261
11 0.170602 0.520935 0.0352825 0.0660172 0.00250727
11 0.806762 0.717922 0.0541133 0.0454837 0.00249919
11 0.121677 0.566841 0.0468264 0.0376056 0.00248728
11 0.125682 0.543614 0.0459639 0.0373948 0.00247187
11 0.0828217 0.469034 0.046173 0.0378714 0.00246585
11 0.0574884 0.522118 0.0305502 0.0669651 0.00246414
11 0.109848 0.564792 0.0442281 0.0408114 0.00244567
11 0.0488059 0.397989 0.0367201 0.0276398 0.00243745
11 0.049618 0.49261 0.021962 0.0792601 0.0024053
11 0.607287 0.582529 0.0229025 0.087496 0.00235595
11 0.847183 0.66656 0.0416317 0.0960935 0.00235314
11 0.118448 0.544762 0.0472469 0.0303985 0.00231918
11 0.0815267 0.432194 0.0438665 0.0506377 0.00231272
11 0.160842 0.518853 0.0459205 0.055429 0.00228499
11 0.831705 0.379209 0.0785529 0.0301529 0.00222727
11 0.121824 0.553289 0.0377252 0.0371742 0.00221432
11 0.106992 0.546544 0.045687 0.0333594 0.00220622
11 0.860875 0.691047 0.0464646 0.0705861 0.00218715
11 0.341245 0.564614 0.0193686 0.0861419 0.00217894
3 0.260292 0.496096 0.0923339 0.128095 0.00217086
11 0.127649 0.526115 0.0336159 0.0463341 0.00214857
11 0.0701229 0.458568 0.0254183 0.0546488 0.00214448
11 0.78631 0.698825 0.0499382 0.06492 0.00213271
11 0.840502 0.386187 0.0618089 0.0298602 0.00212517
11 0.799445 0.387775 0.0441017 0.0250017 0.0021133
11 0.846612 0.710931 0.0413923 0.0467842 0.00209761
11 0.157564 0.545746 0.0397019 0.084211 0.00205572
11 0.198951 0.484733 0.0391581 0.0483392 0.00202986
11 0.118745 0.534129 0.044416 0.0330031 0.00199441
11 0.126372 0.510204 0.029915 0.0603986 0.00199371
11 0.78856 0.709203 0.0574878 0.0590997 0.00195254
11 0.0826993 0.41567 0.0453571 0.034387 0.00194153
11 0.0869827 0.425447 0.0483042 0.051004 0.001914
11 0.130888 0.563397 0.0487918 0.041006 0.00190903
11 0.110756 0.448463 0.0485522 0.0419126 0.00189385
11 0.123182 0.529027 0.0296211 0.0488023 0.0018862
11 0.828717 0.394344 0.0645482 0.0358371 0.00187611
11 0.166464 0.512634 0.0393365 0.0495173 0.00187434
11 0.844172 0.679875 0.0301159 0.101587 0.0018578
11 0.851065 0.680571 0.0382163 0.0904334 0.00183247
11 0.0589767 0.490957 0.020641 0.0764163 0.00182708
11 0.110021 0.456105 0.0476025 0.0320608 0.00182604
11 0.602815 0.581093 0.0209939 0.0761245 0.00182435
11 0.157583 0.560886 0.0351402 0.0763448 0.00182218
11 0.137985 0.43282 0.0403915 0.0672115 0.00181667
11 0.787273 0.393339 0.0505659 0.0281749 0.00179819
11 0.859212 0.669047 0.042161 0.0880435 0.00178979
11 0.794495 0.388829 0.06165 0.0305561 0.00178541
11 0.787127 0.387359 0.0485513 0.0262586 0.00177505
11 0.347469 0.59177 0.020781 0.0684966 0.00176646
11 0.155956 0.530374 0.0510163 0.0776577 0.00174991
11 0.0966913 0.424862 0.0489795 0.047056 0.00174233
11 0.116642 0.437322 0.0475711 0.0629335 0.00170697
11 0.615558 0.559963 0.0211711 0.103774 0.00170193
11 0.158943 0.523593 0.0328965 0.0654283 0.00168959
11 0.221528 0.621129 0.0359781 0.0680119 0.00168649
11 0.104465 0.533249 0.0416473 0.0477138 0.0016808
11 0.0244285 0.528922 0.0241987 0.131229 0.00167116
11 0.218289 0.599114 0.0317357 0.0461927 0.00166821
11 0.780373 0.705748 0.0438392 0.037747 0.00166515
11 0.749456 0.728275 0.020354 0.0919458 0.00162747
11 0.282411 0.399048 0.0479247 0.0460819 0.0015936
11 0.133913 0.524139 0.0430195 0.0513964 0.00159192
11 0.0661812 0.485576 0.0181753 0.0588507 0.00158442
11 0.852601 0.701384 0.0461251 0.06392 0.00155597
11 0.0764427 0.467569 0.0334363 0.0381461 0.00152577
11 0.857822 0.681457 0.0488456 0.0832164 0.00151449
11 0.991129 0.536985 0.0153151 0.130025 0.00150688
11 0.144288 0.521785 0.0390557 0.0646297 0.00150619
11 0.798635 0.711905 0.060627 0.0603962 0.00146935
11 0.100908 0.414516 0.0461727 0.0277696 0.00145087
11 0.904512 0.515333 0.0462557 0.0355777 0.00144208
11 0.908088 0.458688 0.0414028 0.0397651 0.00141267
11 0.104818 0.46865 0.0489044 0.0370495 0.00139924
11 0.0722242 0.444384 0.0375045 0.0440675 0.00139833
11 0.132836 0.460044 0.0390429 0.0547286 0.00139102
11 0.0765041 0.484508 0.0250572 0.0424986 0.00138756
11 0.0766701 0.493669 0.0250669 0.0497388 0.00138027
11 0.618141 0.571482 0.0157419 0.0889621 0.00137483
10 0.921524 0.753754 0.0801856 0.0530906 0.00137422
11 0.111365 0.536354 0.0476058 0.0328409 0.00136708
11 0.800839 0.723211 0.055731 0.0375879 0.00136603
11 0.294833 0.526773 0.0180721 0.0844205 0.00134324
11 0.903903 0.457712 0.0413094 0.0321167 0.00133961
11 0.0248501 0.546089 0.0194331 0.0968141 0.00132965
3 0.991827 0.544327 0.0130772 0.123202 0.00132901
11 0.865667 0.645682 0.0480442 0.0474155 0.00132799
11 0.092188 0.433684 0.0521481 0.0584524 0.00131256
11 0.0679784 0.46936 0.0184632 0.0500442 0.00130515
11 0.09805 0.456892 0.0486712 0.0436439 0.00129567
11 0.862133 0.69624 0.0496393 0.0514425 0.00128102
11 0.852931 0.716944 0.0509634 0.0673416 0.00127424
11 0.905836 0.503862 0.0415136 0.0353129 0.00127015
11 0.840254 0.724796 0.0439977 0.0873226 0.00126126
11 0.901582 0.533305 0.050474 0.0424165 0.00126124
11 0.101115 0.485233 0.0567798 0.0513578 0.00125405
11 0.730768 0.468425 0.0227498 0.103148 0.00122882
11 0.065675 0.503537 0.0250827 0.0855149 0.00122173
11 0.0579852 0.397169 0.0445724 0.0289385 0.00121586
11 0.0618319 0.477388 0.0182263 0.0741278 0.00120909
11 0.191144 0.490177 0.0373062 0.0552636 0.00119046
11 0.816392 0.393874 0.0550613 0.0283727 0.00117782
11 0.83971 0.69021 0.0318209 0.105134 0.0011772
11 0.911265 0.468639 0.0409638 0.0335557 0.00117501
11 0.0546617 0.411713 0.0425507 0.0417388 0.00116491
11 0.230277 0.616628 0.0405734 0.0717019 0.00116486
11 0.837457 0.471156 0.0220106 0.046617 0.00115176
11 0.857367 0.704039 0.0508264 0.0462347 0.00114703
11 0.751922 0.721561 0.0209377 0.0808681 0.00114458
11 0.15219 0.549814 0.0355707 0.0716567 0.00112329
11 0.785466 0.763673 0.0469573 0.0522128 0.00112321
11 0.0951657 0.545631 0.0342262 0.0496466 0.00112285
11 0.866072 0.657249 0.0457571 0.0664289 0.00112275
11 0.788382 0.706136 0.0500472 0.0423719 0.00110579
11 0.102365 0.537511 0.0456033 0.0347262 0.00110165
11 0.1015 0.437368 0.0477399 0.0537234 0.00108671
11 0.0363939 0.500974 0.019836 0.0839735 0.00108579
11 0.218389 0.602763 0.0415317 0.0539307 0.00108249
11 0.86783 0.706507 0.056421 0.0335393 0.00108189
11 0.115972 0.473404 0.0418537 0.0355782 0.00108025
11 0.0779284 0.427329 0.0427566 0.0452094 0.00107137
11 0.793637 0.715077 0.0513754 0.0369394 0.00106981
11 0.0972453 0.532444 0.0352095 0.0449719 0.00106971
11 0.777288 0.376605 0.0663576 0.0428849 0.00106109
11 0.943941 0.477615 0.0480639 0.0275886 0.00104489
11 0.169337 0.531923 0.027381 0.0914563 0.00103213
11 0.819018 0.728632 0.0528301 0.0520089 0.00103171
11 0.0437031 0.486614 0.0197913 0.0866216 0.00102584
11 0.727685 0.472824 0.0199407 0.0974699 0.00102536
10 0.988058 0.551264 0.0190937 0.145017 0.00102397
3 0.366173 0.374908 0.0873904 0.0652564 0.00102365
11 0.0293297 0.509188 0.0215066 0.0875971 0.00101688
11 0.772672 0.707186 0.0463801 0.0364536 0.00101686
11 0.128468 0.432154 0.0413257 0.0578374 0.00101533
11 0.645408 0.437451 0.0298046 0.0652839 0.00101246
