3 0.420123 0.626538 0.386453 0.124816 0.90724
11 0.179329 0.35424 0.0911094 0.0673885 0.136347
11 0.295978 0.337536 0.121903 0.0365639 0.0502141
11 0.306083 0.328969 0.136503 0.0442748 0.0365076
11 0.304585 0.347591 0.108163 0.0319281 0.03192
11 0.325441 0.341105 0.136652 0.027903 0.028762
11 0.553811 0.315467 0.177312 0.0285521 0.023715
11 0.210578 0.389249 0.0777382 0.0799772 0.0184995
11 0.312049 0.352109 0.100585 0.0335819 0.0171267
11 0.191096 0.357134 0.0961623 0.0594635 0.0159374
11 0.536147 0.309983 0.16669 0.0299996 0.0152777
11 0.364895 0.346091 0.116741 0.0267355 0.0150271
11 0.456041 0.303459 0.174807 0.0256566 0.0148729
11 0.237762 0.406111 0.108748 0.0851076 0.0145273
11 0.187894 0.364121 0.0852834 0.0781536 0.013302
11 0.363275 0.35238 0.101612 0.0361369 0.0132999
11 0.372611 0.357589 0.0901862 0.0399984 0.0129444
11 0.490198 0.309017 0.138834 0.0246542 0.0126475
11 0.241294 0.418191 0.0999127 0.0768769 0.0123584
11 0.413133 0.298524 0.143609 0.021251 0.0115369
11 0.353881 0.343231 0.113554 0.0283476 0.0114739
11 0.517596 0.312313 0.160323 0.0236907 0.0110882
11 0.315433 0.346277 0.125102 0.025455 0.0108231
11 0.448712 0.29887 0.151136 0.0243777 0.0105309
11 0.332422 0.34794 0.104608 0.0314932 0.010407
11 0.586024 0.323494 0.122928 0.0312177 0.010215
11 0.276643 0.3389 0.151864 0.0420431 0.010046
11 0.398652 0.295628 0.159647 0.0191271 0.00993515
11 0.262691 0.349838 0.175583 0.0406571 0.00970675
11 0.423817 0.302498 0.168486 0.0240235 0.00918873
11 0.459756 0.343013 0.120729 0.0285332 0.00893819
11 0.206026 0.37779 0.0764666 0.0622044 0.00849938
11 0.345429 0.35369 0.0897255 0.0351918 0.00844136
11 0.21303 0.404718 0.0860409 0.0910012 0.00737579
11 0.193163 0.393708 0.0904384 0.0960861 0.00729534
11 0.373284 0.364453 0.0759608 0.0475682 0.00704681
11 0.328614 0.329831 0.134407 0.0437835 0.00666927
11 0.58095 0.318706 0.133241 0.0267732 0.00657144
11 0.468771 0.337747 0.122382 0.0286692 0.00625619
11 0.355834 0.358463 0.0930807 0.0441082 0.00611243
11 0.211017 0.380165 0.0610915 0.0353489 0.00567908
11 0.402731 0.350895 0.159739 0.0389893 0.00562952
11 0.211316 0.385992 0.0762932 0.0450303 0.00549984
11 0.290711 0.353753 0.131939 0.035199 0.00491373
11 0.198977 0.365487 0.0878898 0.0599308 0.00484943
11 0.427261 0.295948 0.132033 0.0183774 0.00469653
11 0.597549 0.329324 0.114378 0.033043 0.00455769
11 0.353966 0.338707 0.124856 0.0296745 0.00449942
11 0.47211 0.312051 0.156621 0.0278991 0.00444657
11 0.424146 0.453435 0.059234 0.0606047 0.00415721
11 0.198357 0.421319 0.0850701 0.0613057 0.00401029
11 0.328426 0.354739 0.0952279 0.0354617 0.00386114
11 0.185627 0.348283 0.113785 0.063987 0.00382842
11 0.232272 0.351331 0.186789 0.0540615 0.00367944
11 0.21262 0.425108 0.0892746 0.0637902 0.00345496
11 0.422702 0.347886 0.173166 0.0353894 0.00335749
11 0.478186 0.327734 0.131447 0.0325131 0.00319856
11 0.242498 0.431054 0.0938324 0.091615 0.00317772
11 0.500284 0.314148 0.122945 0.0214605 0.00317397
11 0.415017 0.396864 0.0990932 0.0288249 0.00317104
11 0.417714 0.391441 0.117617 0.0351604 0.00296871
11 0.364756 0.376302 0.0917928 0.062916 0.00295535
11 0.30251 0.355646 0.0862868 0.0358521 0.00292466
11 0.3907 0.361759 0.123915 0.0449953 0.00292374
11 0.382083 0.34245 0.139539 0.0245471 0.00289971
11 0.228728 0.425233 0.0981919 0.0676103 0.0028614
11 0.203659 0.376849 0.0604797 0.041292 0.00286078
11 0.316761 0.336284 0.128144 0.0325435 0.00272384
11 0.404653 0.397741 0.0748812 0.0345996 0.00266802
11 0.212327 0.392227 0.0890877 0.0613901 0.00260085
11 0.353661 0.332765 0.134815 0.0371104 0.00246256
11 0.393238 0.395041 0.0825668 0.0356488 0.00240633
11 0.192258 0.34879 0.0797994 0.0536741 0.00236045
11 0.392178 0.387863 0.0943073 0.0448172 0.00234057
11 0.377505 0.383871 0.0954219 0.0549774 0.00226886
11 0.258064 0.431261 0.107771 0.100331 0.00208727
11 0.48376 0.397666 0.150029 0.0257117 0.00201833
11 0.487492 0.309998 0.114628 0.020032 0.00199189
11 0.398617 0.303971 0.187942 0.0260034 0.00195599
11 0.188948 0.407198 0.0924234 0.0955032 0.00193355
11 0.395842 0.381723 0.0774311 0.0416146 0.00192715
11 0.344148 0.325013 0.179615 0.0449368 0.00190833
11 0.318295 0.361667 0.0896217 0.0391457 0.00189855
11 0.376596 0.29619 0.158866 0.0229415 0.00189342
11 0.423872 0.294357 0.18219 0.0283613 0.00187297
11 0.260244 0.3582 0.176011 0.0402152 0.00184747
11 0.35183 0.36623 0.0898356 0.0582503 0.00182245
11 0.305547 0.34185 0.118621 0.022916 0.0017912
11 0.473674 0.342694 0.101547 0.0365721 0.00178179
11 0.423935 0.443128 0.0670166 0.0492555 0.00177724
11 0.201791 0.413163 0.0988904 0.0724351 0.00167999
11 0.185495 0.419733 0.0793604 0.0720705 0.00162396
11 0.382223 0.368027 0.0710746 0.0498821 0.00160193
11 0.471553 0.315003 0.120884 0.0227725 0.00152347
11 0.595017 0.320412 0.11647 0.0208529 0.00151726
11 0.454488 0.39775 0.14782 0.0267456 0.00150384
11 0.38987 0.348329 0.166483 0.0298649 0.00150065
11 0.561809 0.320586 0.171176 0.0331542 0.00144803
11 0.314855 0.319675 0.151962 0.0364969 0.00138615
11 0.253406 0.449885 0.105737 0.100182 0.00136367
11 0.390548 0.37374 0.104437 0.0458794 0.00133908
11 0.430462 0.447489 0.0631049 0.0610153 0.00131013
11 0.498201 0.399661 0.190904 0.0202742 0.00126282
11 0.398093 0.294898 0.202618 0.0323609 0.00119893
11 0.385282 0.298752 0.185063 0.0262879 0.00119001
11 0.212542 0.425764 0.0751928 0.0870457 0.00118634
11 0.182796 0.361992 0.0675313 0.0568818 0.00116974
11 0.353401 0.385894 0.101139 0.0592599 0.00116218
11 0.456861 0.302875 0.138088 0.0216858 0.00114815
11 0.45732 0.296644 0.124911 0.0191208 0.00109416
11 0.467358 0.300023 0.132293 0.0218697 0.00105886
11 0.41369 0.389626 0.0942934 0.0430479 0.00105507
11 0.344126 0.361245 0.0886141 0.0471985 0.00104018
11 0.318554 0.319041 0.174123 0.0472354 0.00103588
11 0.384179 0.380194 0.0748828 0.0517378 0.00102558
11 0.587664 0.306641 0.14686 0.0394049 0.00100519
11 0.381634 0.39162 0.0948398 0.0543286 0.00100504
