10 0.643682 0.507044 0.0542764 0.0521283 0.0546268
11 0.106705 0.793837 0.0724746 0.031337 0.0529254
3 0.445349 0.81629 0.0336103 0.0816647 0.0441839
11 0.737359 0.305363 0.0453777 0.0274082 0.0424576
11 0.652747 0.51328 0.0379516 0.0557281 0.0304363
3 0.619085 0.493073 0.0876662 0.0533978 0.0287941
10 0.614399 0.500065 0.0789479 0.0390873 0.0284901
11 0.644537 0.511646 0.0502612 0.0586475 0.0277049
10 0.638701 0.495634 0.0597585 0.0422422 0.0271404
11 0.10002 0.796698 0.0626911 0.0274544 0.0225657
10 0.61709 0.493394 0.0817022 0.0492623 0.0193504
10 0.60553 0.495294 0.0605716 0.0500882 0.0188158
11 0.56653 0.51251 0.0504888 0.0386755 0.015995
11 0.7415 0.309048 0.0433175 0.0246991 0.0153392
11 0.447154 0.816709 0.0324708 0.0733479 0.0136975
3 0.627351 0.498032 0.0817302 0.0575504 0.0128741
11 0.733545 0.308929 0.0505845 0.0269388 0.0117795
11 0.827094 0.317015 0.0485923 0.0297095 0.0105904
11 0.0899331 0.79608 0.0614268 0.0282463 0.0098306
11 0.820873 0.315519 0.041795 0.0373385 0.00755976
11 0.555674 0.47348 0.0410569 0.0236312 0.00728439
10 0.598548 0.500034 0.051583 0.0483553 0.007258
11 0.056948 0.762882 0.0264844 0.0863855 0.00705769
11 0.642117 0.506548 0.0522356 0.0439445 0.00696501
11 0.6413 0.495445 0.0557626 0.0323532 0.00694436
11 0.816837 0.317367 0.0385121 0.0301385 0.00663089
11 0.570474 0.507271 0.0482906 0.0424201 0.00636083
11 0.507509 0.538997 0.0399747 0.0687825 0.0062711
11 0.848069 0.339856 0.0378572 0.0419727 0.00538214
11 0.744859 0.304806 0.0418759 0.0285187 0.00535413
11 0.73812 0.300253 0.0472475 0.0305505 0.00487705
11 0.72921 0.303802 0.0521702 0.0218127 0.00463902
11 0.069299 0.761236 0.0248364 0.0855715 0.00438441
11 0.657905 0.514104 0.0317546 0.062814 0.00431763
11 0.644201 0.515845 0.0509687 0.0397812 0.00422354
11 0.11643 0.796557 0.0705662 0.0304489 0.00407873
11 0.101813 0.616071 0.0389244 0.072045 0.00403951
10 0.0732818 0.578423 0.0276185 0.123144 0.00378319
11 0.0514936 0.75643 0.0240596 0.110632 0.00365701
11 0.583074 0.507615 0.0551841 0.0392307 0.00365573
11 0.0849247 0.79109 0.0523439 0.0376141 0.00360019
10 0.624892 0.488154 0.0770614 0.0495259 0.00359308
11 0.839519 0.317803 0.0481618 0.0264713 0.00355544
11 0.0621558 0.644712 0.0284885 0.0674578 0.00330259
10 0.633677 0.488107 0.0640764 0.0420425 0.00330017
10 0.632222 0.511014 0.0751177 0.0489134 0.0031657
11 0.0732059 0.754939 0.0225193 0.0819874 0.00310913
11 0.0824399 0.798033 0.0534137 0.0264556 0.00306649
11 0.868295 0.355879 0.0304121 0.0422461 0.00300376
11 0.574264 0.515639 0.0529555 0.045282 0.00298256
11 0.600503 0.551483 0.0308377 0.0655093 0.00295277
11 0.555623 0.477203 0.0441387 0.0284417 0.00288339
11 0.0626021 0.766281 0.0315105 0.0844735 0.00276952
11 0.0476254 0.669729 0.0214172 0.0555301 0.00276553
11 0.561294 0.5171 0.0516357 0.0380875 0.00274085
11 0.508926 0.536226 0.0303163 0.0607112 0.00267621
11 0.109524 0.610424 0.0264969 0.0690876 0.00262042
11 0.875925 0.35026 0.0422653 0.0310417 0.00255104
11 0.59724 0.508858 0.051068 0.0401217 0.00252571
11 0.587912 0.503915 0.0505005 0.0375306 0.0025137
4 0.837965 0.408101 0.0418339 0.0695606 0.00247724
11 0.565976 0.501075 0.0478915 0.0487528 0.00247588
11 0.0516354 0.771448 0.0209432 0.0869892 0.00246276
11 0.046733 0.670031 0.0201961 0.0778042 0.00244578
11 0.053933 0.754524 0.0213552 0.0950973 0.00242606
11 0.504991 0.531153 0.0326135 0.0590367 0.00237345
11 0.845612 0.324894 0.0425598 0.0363897 0.00236851
11 0.047372 0.692558 0.019999 0.0825318 0.00233192
11 0.054208 0.628341 0.0350241 0.0756356 0.00227957
11 0.597895 0.57312 0.0294185 0.0458357 0.00226566
11 0.0939565 0.618164 0.040536 0.0754831 0.002256
11 0.119706 0.792688 0.0797631 0.0276591 0.0022487
11 0.848217 0.355656 0.0409152 0.0443674 0.00224087
11 0.0454326 0.679985 0.0183755 0.0663296 0.00219503
11 0.632737 0.459179 0.0572275 0.0429306 0.00218139
11 0.0533109 0.645821 0.0342174 0.061874 0.00215336
11 0.835824 0.320711 0.0468409 0.0270402 0.00210158
11 0.598005 0.529874 0.0501388 0.0550474 0.00208648
11 0.062053 0.756151 0.0277969 0.0828332 0.00205236
11 0.82963 0.312685 0.0462858 0.0289964 0.00203233
11 0.556845 0.468171 0.0361296 0.0258293 0.00202868
11 0.859508 0.354592 0.033331 0.0418696 0.00202345
11 0.0483936 0.713054 0.0180544 0.0893667 0.00201754
11 0.840407 0.324208 0.0475428 0.028574 0.00199529
11 0.818466 0.371686 0.0415202 0.0558331 0.00198668
11 0.0440903 0.554767 0.0172703 0.0641414 0.00195538
11 0.604322 0.545901 0.0358485 0.0612274 0.00191669
11 0.605492 0.534702 0.046114 0.0561162 0.00184847
11 0.844017 0.3185 0.0444193 0.0325672 0.00183935
11 0.0454151 0.706308 0.016349 0.06041 0.00182163
11 0.737587 0.313801 0.0359529 0.0295832 0.00180888
11 0.858418 0.371259 0.0425925 0.0369799 0.00180249
11 0.0506106 0.662537 0.0286742 0.0582748 0.00172864
11 0.0474813 0.684828 0.018784 0.0610204 0.00172437
11 0.599132 0.565816 0.0264724 0.0510244 0.00171875
11 0.588905 0.518673 0.0485996 0.0466767 0.00169188
11 0.0616797 0.627387 0.0272301 0.0845388 0.00168462
11 0.750222 0.310425 0.0403605 0.023902 0.00165867
11 0.618446 0.534681 0.0414379 0.0589853 0.00163962
11 0.054763 0.746906 0.0276927 0.0960732 0.00162259
11 0.646879 0.499549 0.0460497 0.0374445 0.0016158
11 0.597696 0.519797 0.0505798 0.0538476 0.00160733
11 0.854899 0.36412 0.0482178 0.037729 0.00157762
11 0.610765 0.547352 0.0299422 0.0594901 0.00156441
11 0.590252 0.52689 0.0484413 0.0525951 0.00153825
11 0.816881 0.360826 0.042799 0.0526865 0.00151636
11 0.85773 0.367627 0.033987 0.0447332 0.00150034
11 0.820509 0.320705 0.0460964 0.0313195 0.00148897
11 0.634337 0.488306 0.0648659 0.034772 0.00148362
11 0.871053 0.34424 0.0413542 0.0292416 0.00147383
11 0.0659834 0.649458 0.0258812 0.0764623 0.00144952
11 0.582959 0.499165 0.0477298 0.0393277 0.00143854
11 0.825517 0.361416 0.03915 0.0527173 0.00143723
11 0.0475693 0.706536 0.016196 0.0536581 0.00142798
11 0.635401 0.517288 0.0529007 0.0369473 0.00140351
11 0.0699727 0.596738 0.0240693 0.143926 0.00140328
11 0.576426 0.498813 0.0515443 0.0458297 0.00139072
11 0.562707 0.472829 0.0409001 0.0213629 0.00138142
11 0.077906 0.6893 0.0361915 0.0666709 0.00138097
11 0.855448 0.339024 0.0335285 0.035301 0.00137431
11 0.593122 0.535968 0.0487417 0.0569771 0.00135157
11 0.83778 0.336114 0.0398264 0.0391241 0.00134156
11 0.867569 0.366066 0.0296839 0.0448853 0.0013302
4 0.845545 0.411187 0.0356312 0.0649642 0.00132318
11 0.845694 0.415738 0.0300036 0.0505825 0.00132296
11 0.620255 0.455838 0.0335453 0.0560268 0.00131563
11 0.803866 0.313571 0.0513849 0.0453762 0.00128765
11 0.103594 0.607599 0.0302071 0.0722816 0.00125921
11 0.595249 0.54982 0.0385801 0.0732103 0.00124705
3 0.0745494 0.564912 0.0287171 0.103639 0.00124087
11 0.115196 0.611441 0.0191824 0.0651723 0.00123199
3 0.79007 0.313653 0.0355971 0.0460541 0.00123199
11 0.609649 0.456364 0.0303841 0.0556894 0.00122459
11 0.0947131 0.61508 0.0293219 0.0720133 0.00122435
11 0.835934 0.358277 0.0346117 0.0500007 0.00122024
11 0.069431 0.654143 0.024052 0.0778884 0.00120943
11 0.60091 0.50217 0.0558079 0.0354635 0.00119555
11 0.574003 0.517414 0.051905 0.0319402 0.00118143
11 0.853922 0.331659 0.0351009 0.0365845 0.00118047
11 0.0904204 0.781306 0.0540836 0.0594556 0.00117395
11 0.0686956 0.639072 0.0247895 0.0819824 0.00116908
11 0.602783 0.556202 0.02421 0.0681794 0.0011457
11 0.0466518 0.653121 0.0232161 0.0660268 0.00114142
11 0.850141 0.328468 0.0377537 0.0371669 0.00113607
11 0.818879 0.384434 0.0454171 0.0594632 0.00112905
11 0.0767484 0.745364 0.0210741 0.0946041 0.00110768
11 0.810276 0.315717 0.0442766 0.0339695 0.00109561
11 0.618111 0.548263 0.0350348 0.063777 0.00109155
11 0.111036 0.788323 0.0716587 0.0342171 0.00108263
11 0.634181 0.468212 0.0663498 0.0375819 0.00108121
4 0.840183 0.417676 0.0372257 0.0630962 0.00107935
11 0.85049 0.373164 0.0493453 0.0278492 0.00107315
11 0.849489 0.380744 0.042792 0.0326861 0.00106643
11 0.604727 0.457279 0.0353038 0.0513746 0.00105288
11 0.083879 0.694006 0.045067 0.0643016 0.00105204
11 0.631486 0.476751 0.0675767 0.0429034 0.00105024
11 0.880532 0.354783 0.0428702 0.0360273 0.00104971
11 0.0693243 0.748799 0.0219043 0.0827748 0.00104412
11 0.607114 0.556181 0.024082 0.0709874 0.00102945
