3 0.74752 0.486379 0.40489 0.291006 0.956056
4 0.548996 0.499145 0.219318 0.114939 0.860579
4 0.630938 0.505642 0.520944 0.27722 0.427799
11 0.745076 0.461666 0.213677 0.166319 0.00769681
7 0.366467 0.399083 0.0454423 0.0352521 0.0069164
4 0.590312 0.509695 0.324846 0.201487 0.0042893
4 0.750873 0.483207 0.242199 0.185808 0.00300632
4 0.553421 0.47334 0.393267 0.197518 0.00268295
11 0.767348 0.474892 0.268986 0.177054 0.00236531
0 0.715983 0.986109 0.451224 0.0277822 0.00134881
7 0.356409 0.39545 0.0658728 0.0485585 0.00120525
4 0.784067 0.495545 0.272243 0.153423 0.00102002
