3 0.976918 0.668665 0.046165 0.124454 0.64018
3 0.40183 0.718568 0.0630167 0.211003 0.203365
3 0.36103 0.67272 0.0437722 0.120915 0.0759901
11 0.184423 0.465251 0.0335777 0.0648012 0.019197
11 0.19286 0.479726 0.026091 0.0430184 0.016584
11 0.188229 0.475418 0.0297291 0.0483855 0.0161504
11 0.191234 0.471403 0.0255807 0.0522924 0.0112442
11 0.149379 0.45425 0.0374272 0.0315948 0.0107459
11 0.197122 0.478947 0.0298808 0.0474882 0.0105235
11 0.188199 0.482761 0.0309345 0.0395812 0.00872767
11 0.830103 0.417575 0.0174338 0.080272 0.008713
11 0.213182 0.388867 0.03686 0.0717249 0.00536208
11 0.201482 0.477372 0.0295093 0.0544758 0.00518302
11 0.148912 0.460713 0.0414605 0.0393819 0.00518172
11 0.149011 0.447102 0.0325073 0.0318248 0.0049723
11 0.20958 0.380833 0.0378868 0.073733 0.00451396
11 0.120837 0.446606 0.0367675 0.028737 0.00402999
11 0.688914 0.42319 0.0195541 0.0694123 0.00378919
11 0.196059 0.47182 0.0264787 0.0513942 0.00357219
11 0.687699 0.546906 0.0188806 0.0982381 0.00356943
11 0.188596 0.490111 0.0311298 0.0393811 0.0035338
11 0.18326 0.447809 0.0335517 0.0473989 0.00329894
11 0.126345 0.456191 0.0420838 0.0252933 0.00309693
11 0.687192 0.488253 0.0180847 0.0881218 0.0030777
11 0.142114 0.456453 0.046999 0.0311228 0.00305814
11 0.192864 0.488599 0.0304026 0.0446654 0.00289249
11 0.232352 0.436298 0.0317473 0.0767201 0.00255301
11 0.119067 0.455119 0.0387156 0.0269246 0.00248408
11 0.216875 0.396482 0.0420357 0.0928949 0.00247188
11 0.152086 0.438212 0.0390258 0.0320101 0.00223347
11 0.115271 0.446892 0.03242 0.0333538 0.00213415
11 0.14808 0.4632 0.0305083 0.0492708 0.0020865
11 0.223175 0.414074 0.0399334 0.10113 0.00204963
11 0.198375 0.487185 0.0303067 0.0484517 0.00195414
11 0.141683 0.463178 0.0497427 0.0345244 0.00188732
11 0.114264 0.435937 0.0263041 0.041712 0.00180238
11 0.142349 0.450609 0.0442846 0.0380749 0.00177351
11 0.14893 0.469806 0.0419094 0.047875 0.00168674
11 0.691294 0.481915 0.0180212 0.0817968 0.00166904
11 0.112184 0.425068 0.0246104 0.0593497 0.00164954
11 0.111908 0.40897 0.019845 0.054403 0.00161146
11 0.207094 0.483111 0.0325081 0.064864 0.00158444
11 0.120093 0.463475 0.0387463 0.0295937 0.00157976
11 0.191027 0.461413 0.0271706 0.0598533 0.00148401
11 0.152521 0.468392 0.037592 0.0612614 0.0014656
11 0.194183 0.478271 0.0309536 0.0574292 0.00146368
11 0.123398 0.494248 0.0446643 0.0276356 0.00132899
11 0.108771 0.404977 0.0184617 0.0614808 0.00126317
11 0.148339 0.505464 0.035206 0.0308632 0.00121909
11 0.831364 0.433074 0.0185992 0.0676603 0.00116065
11 0.685803 0.419624 0.0208642 0.0693059 0.00114193
11 0.238815 0.438445 0.0233448 0.076724 0.00110205
11 0.156239 0.451921 0.040273 0.0422568 0.00110117
11 0.185093 0.481739 0.0331675 0.0552078 0.00106738
11 0.828157 0.426685 0.0199827 0.0820086 0.00105379
11 0.105203 0.413609 0.0227971 0.0550817 0.00105137
11 0.227356 0.437691 0.02965 0.0771091 0.00103984
