3 0.827922 0.512802 0.0848128 0.0941368 0.0795446
11 0.061929 0.800357 0.0388863 0.122766 0.0251561
10 0.131499 0.526348 0.0665094 0.0582485 0.0113963
11 0.351389 0.583194 0.033191 0.0342143 0.0111497
11 0.261818 0.599954 0.0508044 0.122911 0.00843895
11 0.0641637 0.510548 0.0199679 0.0744212 0.00748283
11 0.0556818 0.546557 0.0204476 0.101723 0.00626916
11 0.329354 0.513396 0.0253661 0.0790428 0.00618885
11 0.315545 0.546846 0.0426474 0.0319177 0.00617939
11 0.321596 0.536728 0.0428759 0.0499119 0.00537137
11 0.324699 0.542924 0.0434455 0.0383562 0.00536283
11 0.0697876 0.530004 0.015094 0.078919 0.00529232
11 0.220763 0.58019 0.0438986 0.0327829 0.00516215
11 0.351922 0.589249 0.0311053 0.0329667 0.0050792
11 0.0733388 0.536577 0.0145505 0.0833682 0.00484119
11 0.0634221 0.594742 0.0187012 0.0772325 0.00465018
11 0.215797 0.585226 0.0466415 0.0292755 0.00451477
11 0.0699513 0.543553 0.0184477 0.0896979 0.00432483
11 0.0685854 0.51785 0.0146467 0.0739252 0.00418697
11 0.257998 0.614975 0.049312 0.103422 0.00418313
11 0.332197 0.514071 0.0264706 0.0667486 0.00412306
11 0.0642152 0.522232 0.017113 0.0811303 0.00386841
11 0.0591068 0.510169 0.01809 0.0653719 0.00358358
11 0.257616 0.585987 0.0453698 0.102649 0.00355897
11 0.340137 0.51605 0.0385071 0.0530397 0.00334938
11 0.341988 0.542038 0.0513566 0.0334927 0.00324707
11 0.331685 0.543259 0.0474562 0.0348614 0.00321513
11 0.309669 0.541827 0.0469895 0.0357863 0.00298596
11 0.324311 0.525086 0.0352011 0.0728691 0.00298535
11 0.0634499 0.544459 0.0243451 0.0888037 0.00293591
11 0.0603364 0.599097 0.0224524 0.0889585 0.00288827
11 0.0726392 0.520059 0.0131595 0.0689794 0.00286737
11 0.0658962 0.590156 0.0206512 0.0760297 0.00282258
11 0.338935 0.550625 0.0533238 0.043559 0.00281901
11 0.211128 0.580082 0.048849 0.0289817 0.00281852
11 0.332924 0.520557 0.0345512 0.0690094 0.00281435
11 0.33909 0.545486 0.0609426 0.0376197 0.00268374
11 0.35388 0.575431 0.0324508 0.0544557 0.00262745
11 0.057933 0.520395 0.0168257 0.0792382 0.00256387
7 0.0650013 0.589067 0.0208547 0.0728696 0.00243373
11 0.0759385 0.54021 0.0167931 0.0825093 0.00242899
11 0.0584315 0.534441 0.0190641 0.0916518 0.00234656
11 0.271497 0.63798 0.0672225 0.0600058 0.00231868
11 0.305915 0.546511 0.0476872 0.0284846 0.00227685
11 0.110624 0.854766 0.0190142 0.0862399 0.00217832
11 0.0614127 0.504414 0.0186342 0.0825517 0.00215889
11 0.345564 0.561319 0.0398299 0.0618525 0.00211429
11 0.31319 0.535806 0.0541468 0.0540698 0.00205461
11 0.252775 0.594173 0.0457157 0.0728544 0.00196086
11 0.394038 0.54035 0.0263777 0.102485 0.00194743
11 0.265347 0.628768 0.0665406 0.0678033 0.00194064
11 0.251562 0.615103 0.0432677 0.0834345 0.00194052
11 0.0672856 0.507642 0.0173741 0.0777046 0.00189689
11 0.226368 0.586392 0.0383833 0.0396181 0.00183344
11 0.0659653 0.60111 0.0191067 0.0762951 0.00181473
11 0.35379 0.543738 0.0474775 0.0377639 0.00180651
11 0.27043 0.655864 0.0678484 0.0544912 0.00175668
11 0.33265 0.535464 0.0451736 0.0445307 0.00174496
11 0.249087 0.632814 0.0422546 0.0766069 0.00174433
11 0.343654 0.534662 0.0587307 0.0406841 0.00173029
11 0.34954 0.554768 0.043663 0.0582526 0.0017234
11 0.220854 0.590086 0.0438736 0.0306738 0.00169115
11 0.304999 0.551607 0.0459139 0.0269903 0.00165972
11 0.226723 0.640708 0.0422579 0.0519615 0.00165725
11 0.39177 0.623697 0.0228089 0.104218 0.00162033
11 0.156152 0.513261 0.0513905 0.0349864 0.00161923
11 0.217027 0.575079 0.0449855 0.0378345 0.00161088
11 0.353773 0.567506 0.0361079 0.065923 0.00160135
11 0.129788 0.529334 0.0629699 0.0585977 0.00157113
11 0.339779 0.504435 0.0388597 0.0681808 0.00153882
11 0.132811 0.52132 0.0700638 0.0536633 0.00148066
7 0.130598 0.526245 0.0645974 0.0598417 0.00147938
11 0.236775 0.632291 0.040641 0.0821124 0.00147541
11 0.269792 0.62047 0.0635294 0.0713413 0.00145276
11 0.118309 0.561238 0.0513273 0.0353205 0.00143699
11 0.299805 0.538665 0.0511931 0.0415661 0.00141588
11 0.0601389 0.599128 0.0185887 0.0707509 0.00141421
11 0.314892 0.531969 0.0393401 0.0556667 0.0013942
11 0.235913 0.632021 0.0324237 0.0658839 0.00138967
11 0.283716 0.617919 0.049546 0.0679436 0.00135484
11 0.400755 0.537805 0.0193049 0.0918699 0.00134172
11 0.0605392 0.619509 0.0224248 0.117316 0.0013354
11 0.34119 0.490422 0.0481612 0.0496238 0.00132828
11 0.353041 0.537868 0.0525482 0.0338662 0.0013254
11 0.140536 0.51659 0.0670958 0.0414423 0.00129941
11 0.334564 0.499512 0.0338886 0.0690402 0.00129113
11 0.392231 0.602591 0.0239326 0.110455 0.00128804
11 0.234027 0.648174 0.0435035 0.0530965 0.00126954
11 0.318857 0.550376 0.0447691 0.0284787 0.0012559
11 0.343146 0.553622 0.0408081 0.0521683 0.00123683
11 0.319892 0.54878 0.0367558 0.0408987 0.00122799
11 0.343299 0.585926 0.0327334 0.0328943 0.00121614
11 0.32174 0.518988 0.0276697 0.0840498 0.00121286
11 0.265868 0.647821 0.0668087 0.0613889 0.00120968
11 0.224687 0.580674 0.0423625 0.0465639 0.00120451
11 0.347853 0.569121 0.034497 0.0577294 0.00120103
11 0.279619 0.627871 0.0637313 0.0602639 0.00115229
11 0.228343 0.648736 0.0471219 0.0391086 0.00113096
11 0.329088 0.548519 0.050389 0.0345346 0.00112996
11 0.240899 0.665301 0.0384792 0.0487057 0.00111923
11 0.238745 0.60902 0.0345695 0.0621353 0.00106546
11 0.238706 0.589222 0.0375581 0.0476787 0.0010491
11 0.0620841 0.606943 0.0172517 0.0713382 0.00104585
11 0.230718 0.583233 0.0382983 0.0322715 0.00103128
11 0.0555325 0.517732 0.0201334 0.0548631 0.0010124
11 0.152514 0.507534 0.0597766 0.0290581 0.00100855
