11 0.0935441 0.583975 0.0312298 0.0955886 0.695337
11 0.0967761 0.593705 0.0280824 0.0768741 0.195337
11 0.191436 0.452913 0.0298875 0.0590209 0.193299
11 0.227624 0.362915 0.0609178 0.0722433 0.138583
11 0.194522 0.452148 0.0240531 0.071457 0.134584
11 0.180423 0.498928 0.0297969 0.0635787 0.0820756
11 0.193048 0.461415 0.0285853 0.0481493 0.0759322
11 0.17933 0.483583 0.0347103 0.0449811 0.0689579
11 0.163285 0.321227 0.0610185 0.0373929 0.0619196
11 0.112863 0.468901 0.0449081 0.0424679 0.0533908
11 0.203849 0.345721 0.0699638 0.0665552 0.0527051
11 0.0942438 0.60133 0.0250083 0.0658663 0.0502888
11 0.189002 0.475192 0.0318227 0.043729 0.0496538
11 0.708421 0.332759 0.0633434 0.0273638 0.0472346
11 0.174145 0.32495 0.0490638 0.0381571 0.044363
11 0.191448 0.33522 0.0501201 0.0499984 0.0377662
11 0.18953 0.445477 0.0243485 0.0746637 0.0322898
11 0.184198 0.329181 0.0401822 0.0491683 0.0320099
11 0.112877 0.478003 0.0476417 0.0559097 0.0288722
11 0.214658 0.353448 0.073325 0.0681891 0.0260597
11 0.18401 0.460412 0.0347525 0.0510617 0.0257577
11 0.09804 0.600772 0.0235002 0.0608926 0.0251086
11 0.186675 0.450417 0.0349027 0.0609784 0.0226393
11 0.173913 0.485683 0.0412322 0.0480546 0.022469
11 0.122644 0.467213 0.0520839 0.0382376 0.0221094
11 0.0928584 0.58706 0.0242853 0.086024 0.0212593
11 0.14591 0.484155 0.0355643 0.0526471 0.0188698
11 0.0913446 0.573153 0.0307292 0.0899922 0.0184078
11 0.132424 0.510576 0.0202421 0.0606434 0.0182323
11 0.174422 0.495643 0.0387874 0.0600609 0.0182223
11 0.144166 0.494323 0.0345524 0.0584031 0.01725
11 0.149762 0.424516 0.0434723 0.0507291 0.0170957
11 0.71493 0.335771 0.0630549 0.0343264 0.0168073
11 0.178792 0.500803 0.0215062 0.0573242 0.0158618
11 0.196247 0.403443 0.0430875 0.0281576 0.0158533
11 0.138451 0.497389 0.0303888 0.0599733 0.014704
11 0.179443 0.329483 0.0419289 0.0425477 0.013844
11 0.194312 0.336814 0.0576431 0.0681678 0.0137232
11 0.240383 0.386401 0.0472386 0.0694659 0.0135306
11 0.132875 0.508107 0.0260917 0.0529726 0.0131669
11 0.178705 0.323865 0.0509004 0.0509826 0.0128562
11 0.754247 0.347563 0.0517263 0.0298264 0.0128406
11 0.157861 0.49486 0.0462645 0.0601628 0.0123994
11 0.15502 0.428747 0.0404893 0.0501837 0.0116626
11 0.132285 0.495605 0.0278249 0.0609737 0.0116506
11 0.197332 0.471434 0.0289237 0.0435591 0.0113447
11 0.236096 0.37746 0.0549539 0.0756166 0.0113096
11 0.141344 0.47842 0.0380773 0.0565466 0.0111673
11 0.159512 0.485812 0.0515567 0.0499146 0.0107263
11 0.115669 0.462592 0.0448867 0.0368619 0.0104369
11 0.182403 0.502463 0.0205431 0.0593407 0.00986304
11 0.700522 0.335197 0.0569155 0.0255995 0.00975489
11 0.125496 0.475149 0.044406 0.0469031 0.00919715
11 0.169453 0.317576 0.0611292 0.038917 0.0086861
11 0.0881822 0.352178 0.0565157 0.0441843 0.0082183
11 0.784184 0.557476 0.0313078 0.0575333 0.00797684
11 0.197903 0.342498 0.0688931 0.0518346 0.0079124
11 0.530928 0.620869 0.0476082 0.0564307 0.00772979
11 0.14669 0.473561 0.0328624 0.0613661 0.00765538
11 0.185075 0.441814 0.0284175 0.0659697 0.00753761
11 0.750397 0.343586 0.0573975 0.0267194 0.00741299
11 0.176994 0.465925 0.037268 0.0477796 0.00655456
11 0.705812 0.339792 0.0575565 0.0332023 0.00650274
11 0.190435 0.438175 0.0334003 0.0693687 0.00636396
11 0.117352 0.489273 0.0517651 0.0672566 0.00591347
11 0.149255 0.408001 0.0417926 0.0448937 0.00576763
11 0.175755 0.496138 0.0221982 0.050886 0.00533874
11 0.187245 0.4986 0.0282874 0.062846 0.00533332
11 0.137564 0.471223 0.0488195 0.0502575 0.00519767
11 0.14329 0.503728 0.0341498 0.0611181 0.00484236
11 0.720067 0.340047 0.0605062 0.0376387 0.00479039
11 0.182326 0.580846 0.0390295 0.0460561 0.00477624
11 0.728425 0.338373 0.0716114 0.0285193 0.00477234
11 0.146494 0.488184 0.0258167 0.0582539 0.00468449
11 0.742537 0.34139 0.0663457 0.0270311 0.00465965
11 0.197334 0.408129 0.0379273 0.033111 0.00446981
11 0.196477 0.443844 0.0240852 0.0844931 0.00433924
11 0.124425 0.461065 0.0568527 0.0452388 0.00430247
11 0.157586 0.411033 0.0402815 0.0371809 0.00427387
11 0.143306 0.405511 0.0426814 0.0456341 0.00427036
11 0.204117 0.402163 0.053123 0.0368272 0.00423898
11 0.160043 0.472371 0.0485653 0.0564465 0.00418449
11 0.215101 0.39159 0.0563959 0.0589312 0.00417492
11 0.778945 0.560021 0.028043 0.0581565 0.00413665
11 0.160935 0.396759 0.0434298 0.0638982 0.00409664
11 0.155972 0.324236 0.07712 0.0407838 0.00391972
11 0.192322 0.438726 0.0225031 0.0928974 0.00381289
11 0.144511 0.428528 0.0417561 0.0602884 0.00379691
11 0.758735 0.351547 0.0528484 0.0287561 0.00378483
11 0.608398 0.411443 0.0222425 0.059333 0.00376426
11 0.15021 0.478456 0.027941 0.0631948 0.0036094
11 0.135864 0.507312 0.0239918 0.0608926 0.00342077
11 0.2219 0.291881 0.0353573 0.0504263 0.00330181
11 0.160763 0.3938 0.0460772 0.0375284 0.00326522
11 0.241782 0.39487 0.0422793 0.0562665 0.00314388
11 0.696528 0.332125 0.0554868 0.0263179 0.00311085
11 0.188013 0.337796 0.0433871 0.0394806 0.00309532
11 0.168081 0.383156 0.0413185 0.0306745 0.00306237
11 0.691003 0.334671 0.0527272 0.0217437 0.00304712
11 0.68714 0.43167 0.0414321 0.0277929 0.00302127
11 0.787401 0.558521 0.0228049 0.0529341 0.00294283
11 0.187233 0.503313 0.0169242 0.0623951 0.00282244
11 0.792716 0.55056 0.0237526 0.0466384 0.00280858
11 0.189271 0.508592 0.0194299 0.0493282 0.00280138
11 0.191477 0.324518 0.0380584 0.0523099 0.00277838
11 0.148803 0.378052 0.0544134 0.0225447 0.0027635
11 0.157824 0.386213 0.0537567 0.0345661 0.00274437
11 0.222848 0.375206 0.0635576 0.0755216 0.00274397
11 0.167433 0.391906 0.0426582 0.0560981 0.00273202
11 0.175755 0.487741 0.0260845 0.043682 0.00269561
11 0.157772 0.436471 0.0349318 0.0550354 0.00253165
11 0.72507 0.379055 0.0424388 0.0420677 0.00248
11 0.196475 0.417757 0.0330709 0.0479369 0.00247358
11 0.164065 0.328483 0.0678157 0.040852 0.0024352
11 0.245062 0.389075 0.036091 0.0552532 0.00241839
11 0.193091 0.341798 0.044006 0.0452166 0.00235423
11 0.695327 0.339766 0.0579882 0.029463 0.0022412
11 0.174805 0.477847 0.0336485 0.0469897 0.00221294
11 0.0897059 0.344292 0.0521253 0.031463 0.00221008
11 0.101438 0.491887 0.0298944 0.0659163 0.00216111
11 0.734952 0.341712 0.061201 0.0363535 0.00212811
11 0.19279 0.423685 0.0309778 0.0545045 0.00210972
11 0.230718 0.373016 0.0683645 0.0886562 0.00209429
11 0.156119 0.418507 0.0387158 0.03586 0.00208927
11 0.166982 0.377497 0.0438536 0.0201691 0.00208378
10 0.14937 0.373935 0.0566992 0.023058 0.00203119
11 0.194013 0.406749 0.035672 0.0409416 0.00202419
11 0.182072 0.484759 0.0254189 0.0357642 0.00198647
11 0.641772 0.361076 0.0574441 0.0604187 0.00195814
10 0.182417 0.582687 0.0385165 0.0465142 0.00193247
11 0.247323 0.399434 0.0381028 0.0593096 0.00186353
11 0.080391 0.358205 0.0581931 0.057299 0.00185383
11 0.168643 0.444601 0.0213072 0.056102 0.00183744
11 0.197667 0.463124 0.0215828 0.0530251 0.00181567
11 0.179094 0.475202 0.0333452 0.0406566 0.00177517
11 0.129012 0.511767 0.0228302 0.0578317 0.00176775
11 0.215541 0.354421 0.0480294 0.0578994 0.0017435
11 0.223551 0.371544 0.0469947 0.0754819 0.00173423
11 0.728792 0.333204 0.0829181 0.0280047 0.00172997
11 0.179761 0.441174 0.0280597 0.0550906 0.00164649
11 0.791232 0.55495 0.031831 0.059997 0.00164523
11 0.19363 0.322777 0.0535766 0.065623 0.00164259
11 0.741726 0.645729 0.016174 0.0562511 0.00163087
11 0.144451 0.431604 0.0531744 0.0692291 0.00160629
11 0.174311 0.313152 0.0605671 0.0410269 0.00160534
11 0.0904157 0.56049 0.0237033 0.0708299 0.00160452
11 0.52452 0.622852 0.0412665 0.0479077 0.00160213
11 0.148728 0.391064 0.0479359 0.0450374 0.00159588
11 0.164141 0.313476 0.0684157 0.0389471 0.00152335
11 0.74264 0.347484 0.0510378 0.0330129 0.00152037
11 0.185073 0.320135 0.038903 0.0467207 0.0015196
11 0.148849 0.439156 0.042256 0.0789082 0.0014955
11 0.178207 0.390136 0.0349183 0.0440399 0.00147411
11 0.712658 0.380987 0.0470791 0.0409259 0.00147186
11 0.196795 0.397684 0.0505892 0.0355094 0.00146015
11 0.0633341 0.398563 0.0480055 0.0745756 0.00140193
11 0.16099 0.315546 0.0675961 0.0521319 0.00139863
11 0.189503 0.348678 0.0477279 0.0606717 0.00138336
11 0.148332 0.455736 0.0370289 0.0711326 0.00137858
11 0.15444 0.402435 0.0429257 0.0500239 0.00136491
11 0.0914004 0.571213 0.0205986 0.0873583 0.00134589
11 0.230495 0.363201 0.0521647 0.0584818 0.00132535
11 0.187396 0.399688 0.0350296 0.0301453 0.00132442
11 0.747673 0.338129 0.0567455 0.0300604 0.00130186
11 0.184608 0.394336 0.0371142 0.0384225 0.00127821
11 0.690978 0.435976 0.0416348 0.0356831 0.00127815
11 0.0993601 0.345125 0.0691921 0.0378341 0.00127014
11 0.112048 0.458561 0.0441958 0.0271349 0.00126187
11 0.141564 0.465494 0.0397072 0.0615131 0.00125777
11 0.170742 0.49489 0.0279125 0.0524005 0.00125543
11 0.182599 0.340105 0.0613418 0.0471179 0.00125182
11 0.107285 0.486207 0.035199 0.0692175 0.00124705
11 0.221668 0.359019 0.047434 0.0652106 0.0012469
11 0.106364 0.601788 0.0225853 0.0629399 0.00124402
11 0.173659 0.458764 0.0312329 0.0524803 0.00123649
11 0.675789 0.401957 0.0491769 0.0581235 0.00123083
11 0.106335 0.352678 0.0630606 0.0426265 0.00120055
11 0.0984 0.588925 0.0360009 0.0864238 0.00119116
11 0.20414 0.345488 0.0503819 0.047076 0.00118956
11 0.22569 0.354535 0.0540581 0.0519781 0.00115376
11 0.143851 0.419239 0.0418184 0.0449829 0.00114903
11 0.199838 0.453902 0.0237838 0.0714213 0.00114867
11 0.216432 0.295373 0.0499507 0.0463529 0.0011455
11 0.154867 0.484032 0.0284119 0.0617531 0.00114273
11 0.192118 0.50627 0.0143409 0.0598901 0.00114271
11 0.680354 0.392828 0.05397 0.0440484 0.00113883
11 0.164501 0.442566 0.0277139 0.0551386 0.00112851
11 0.116419 0.368391 0.0554208 0.0410887 0.00111017
11 0.150139 0.494152 0.0237153 0.0572979 0.00110367
11 0.153991 0.463467 0.0341606 0.0682084 0.00110073
11 0.0870446 0.362142 0.0539734 0.0670351 0.00109964
11 0.197126 0.327878 0.0428954 0.0554981 0.00109945
11 0.796498 0.542721 0.0259549 0.0431527 0.00109843
11 0.185707 0.508541 0.0252643 0.0512611 0.00106622
11 0.130587 0.468419 0.0446805 0.0392684 0.00103387
11 0.154343 0.452822 0.0367997 0.0730873 0.00101931
11 0.748854 0.352929 0.0505968 0.0308885 0.00100013
