9 0.38954 0.501376 0.409489 0.445502 0.966928
0 0.377801 0.435936 0.448994 0.324233 0.805608
0 0.479128 0.416527 0.328146 0.315092 0.436806
6 0.437298 0.430889 0.31042 0.29415 0.410815
11 0.394592 0.494073 0.164724 0.145959 0.00719899
0 0.342574 0.474956 0.372406 0.256124 0.00554718
6 0.428055 0.464788 0.207462 0.139182 0.00476865
9 0.433952 0.468941 0.315762 0.345257 0.00333113
11 0.372445 0.506975 0.148491 0.117557 0.00290676
11 0.355365 0.519791 0.15022 0.0902778 0.00285903
0 0.353071 0.492448 0.387977 0.384619 0.0021955
6 0.406062 0.491244 0.18322 0.156629 0.00189216
9 0.4744 0.391397 0.22809 0.257946 0.00183116
9 0.498411 0.361773 0.197309 0.200653 0.00170978
0 0.433645 0.459188 0.390702 0.398816 0.00165625
6 0.290899 0.524283 0.16903 0.111818 0.00150468
6 0.34041 0.484301 0.19241 0.174105 0.00137856
9 0.381055 0.432447 0.427097 0.340194 0.00134682
6 0.414356 0.453997 0.33199 0.232089 0.00115155
