9 0.570022 0.841898 0.329111 0.146655 0.944057
0 0.377639 0.774372 0.440594 0.0990301 0.926227
11 0.494942 0.856739 0.145897 0.0778746 0.0836399
0 0.420869 0.785433 0.527183 0.114859 0.0465169
0 0.376441 0.795931 0.444312 0.176003 0.0087176
0 0.517039 0.796016 0.380691 0.0955218 0.00672557
11 0.514688 0.847633 0.180062 0.0888637 0.0063964
6 0.523248 0.834092 0.211593 0.0975946 0.00487853
11 0.476216 0.852335 0.129814 0.0666982 0.00327002
7 0.547299 0.846848 0.200924 0.0685808 0.00243334
0 0.515936 0.827786 0.203712 0.117839 0.00160272
11 0.514365 0.861945 0.171108 0.0835626 0.00154894
11 0.410905 0.844316 0.126096 0.0805821 0.00125434
