9 0.739968 0.574903 0.257894 0.239186 0.96218
6 0.622718 0.509942 0.234283 0.246886 0.700519
7 0.71008 0.654393 0.0705971 0.10618 0.135604
7 0.682724 0.5823 0.124061 0.251506 0.117588
7 0.703773 0.616657 0.0828061 0.179199 0.0553854
7 0.56254 0.415572 0.128795 0.0670583 0.0321583
9 0.678449 0.555953 0.136823 0.300965 0.029097
6 0.667041 0.509314 0.162233 0.238085 0.0156718
6 0.675976 0.512536 0.103652 0.236538 0.0149285
7 0.685218 0.566895 0.0781647 0.203406 0.0140718
7 0.67475 0.499739 0.0963608 0.183459 0.00907993
7 0.825626 0.659071 0.0618566 0.0652319 0.00857776
7 0.715754 0.631834 0.0540948 0.151271 0.00747449
6 0.67832 0.561888 0.136036 0.286982 0.00628858
7 0.717473 0.656939 0.0510743 0.10361 0.00604023
7 0.826908 0.641222 0.0611123 0.101672 0.00542314
7 0.680921 0.57429 0.106165 0.198333 0.00524358
7 0.832835 0.629603 0.059363 0.119928 0.00513927
7 0.68438 0.539219 0.0991683 0.214625 0.00473347
6 0.669916 0.503555 0.28208 0.224357 0.003763
7 0.723358 0.679689 0.0402384 0.0577986 0.00330363
7 0.531862 0.416451 0.0635185 0.0730098 0.00321034
7 0.856593 0.621887 0.108478 0.0793033 0.00316541
7 0.717822 0.674744 0.0502815 0.069733 0.00299542
7 0.687356 0.52342 0.0667316 0.217635 0.00298344
7 0.839649 0.622308 0.0587676 0.140982 0.00273929
6 0.634654 0.506419 0.173446 0.184784 0.00227936
7 0.861039 0.607174 0.103515 0.161639 0.00211185
7 0.832004 0.656648 0.0837254 0.0679263 0.00206166
7 0.694599 0.55877 0.0547178 0.163615 0.00182509
7 0.853277 0.616254 0.109676 0.0469192 0.00179068
7 0.690839 0.561776 0.141779 0.191128 0.0016806
0 0.654877 0.532354 0.333128 0.313274 0.00163455
9 0.613519 0.519889 0.265423 0.269055 0.00152408
7 0.555257 0.42832 0.113333 0.0906279 0.00132385
6 0.851969 0.594752 0.129136 0.206928 0.00105171
7 0.856777 0.640311 0.114193 0.100391 0.00100599
