4 0.421403 0.662589 0.250671 0.0591106 0.524899
10 0.423208 0.659968 0.248795 0.0625642 0.240981
4 0.42404 0.650675 0.261951 0.115281 0.122629
4 0.426454 0.676893 0.261092 0.121325 0.0926572
10 0.452749 0.659717 0.185456 0.0549675 0.0636076
3 0.508643 0.735583 0.197516 0.159924 0.0612113
4 0.437015 0.706603 0.280588 0.175805 0.0562654
4 0.418888 0.624385 0.274501 0.169544 0.00773956
10 0.450437 0.671384 0.195592 0.0594739 0.00637907
1 0.444767 0.660741 0.20879 0.0833906 0.00429064
10 0.469631 0.650611 0.155309 0.0660911 0.00199057
7 0.43913 0.65981 0.23284 0.0539487 0.00110633
