6 0.820982 0.534514 0.12039 0.427928 0.445555
9 0.821211 0.53306 0.104857 0.447425 0.0768337
6 0.809394 0.56435 0.129868 0.351207 0.0526695
10 0.512332 0.510019 0.243843 0.481628 0.036766
4 0.509529 0.515149 0.241757 0.481697 0.0165538
1 0.823761 0.608175 0.103347 0.301203 0.0155378
6 0.808824 0.606283 0.0760934 0.264352 0.0124888
6 0.787634 0.572772 0.135613 0.284096 0.0113898
6 0.817296 0.579567 0.0655988 0.269401 0.00512093
10 0.781974 0.575328 0.123878 0.276568 0.00455192
10 0.818803 0.529288 0.106401 0.435232 0.00453357
6 0.845934 0.494731 0.0498571 0.353475 0.00232515
4 0.486682 0.62458 0.252878 0.472011 0.00196086
6 0.797292 0.598597 0.0868791 0.233216 0.00195711
6 0.828328 0.5415 0.086854 0.453507 0.00139761
