9 0.546733 0.377118 0.373668 0.145978 0.944266
6 0.682449 0.339426 0.228811 0.232225 0.0555572
7 0.55177 0.260014 0.187558 0.0307625 0.0100069
6 0.539425 0.378089 0.18105 0.113621 0.00916985
7 0.546513 0.396169 0.151871 0.0506746 0.00389728
7 0.52391 0.388912 0.214028 0.104278 0.0031303
6 0.543171 0.38599 0.156427 0.0845693 0.00306507
7 0.539567 0.397121 0.15613 0.0713764 0.00294638
7 0.578902 0.397485 0.193166 0.0421963 0.00201374
7 0.55317 0.386522 0.162163 0.0584363 0.00157883
7 0.556558 0.186432 0.148595 0.0254279 0.00133715
0 0.617888 0.333058 0.386875 0.268644 0.00121786
7 0.562546 0.377633 0.18727 0.0781984 0.00112129
