3 0.788798 0.42721 0.139856 0.089549 0.908461
11 0.359765 0.741288 0.056333 0.0245848 0.0609896
11 0.339475 0.706326 0.0718259 0.0662368 0.0501723
11 0.296091 0.537434 0.0656912 0.0301916 0.0426966
11 0.319539 0.756927 0.105625 0.0244462 0.0383716
11 0.30394 0.755983 0.123818 0.0310307 0.0313443
11 0.357531 0.744354 0.0640773 0.0206662 0.0308509
11 0.291107 0.753576 0.121997 0.0372243 0.0257086
11 0.343254 0.696652 0.0692711 0.07763 0.0201774
11 0.312075 0.632119 0.0980854 0.0313282 0.0177396
11 0.347076 0.709726 0.0536763 0.0556637 0.0165541
11 0.317038 0.752407 0.114475 0.0309917 0.0158011
11 0.311595 0.638624 0.101981 0.0454171 0.0157458
11 0.396387 0.689305 0.0610407 0.0649303 0.0155833
11 0.335786 0.697529 0.0772185 0.0929173 0.0138726
11 0.355918 0.696595 0.0635013 0.0775318 0.0109793
11 0.356239 0.70993 0.0392714 0.0539665 0.00983402
11 0.402694 0.684128 0.0554498 0.0610989 0.00892097
11 0.290627 0.748362 0.136756 0.0450045 0.00819141
11 0.398717 0.6773 0.0718489 0.0630366 0.007879
11 0.385379 0.697767 0.0748184 0.0759351 0.00657232
11 0.357243 0.711303 0.0293571 0.0472774 0.00569961
11 0.352522 0.741775 0.0689074 0.0291109 0.00514865
11 0.0998184 0.654549 0.0360641 0.0854492 0.0050418
11 0.343654 0.745889 0.0794798 0.0252479 0.00475197
11 0.386808 0.677211 0.0852783 0.0581846 0.00447714
11 0.261508 0.703993 0.08031 0.0677674 0.00439618
11 0.261926 0.691291 0.0886552 0.0772236 0.00429358
11 0.361185 0.690644 0.087182 0.0860593 0.0038119
11 0.272289 0.701326 0.0834698 0.0814617 0.0036814
10 0.309478 0.747771 0.132425 0.0407852 0.00340159
11 0.625754 0.537561 0.0284236 0.0857803 0.00324258
11 0.244778 0.706788 0.0538028 0.0652533 0.00300723
11 0.231425 0.715444 0.0501636 0.0747607 0.00293377
11 0.331497 0.748577 0.0928536 0.030627 0.00293155
11 0.351375 0.676942 0.0837878 0.0866667 0.00290746
11 0.363704 0.677263 0.0988902 0.0752599 0.00282858
11 0.365636 0.738403 0.058513 0.0283556 0.00282591
11 0.374203 0.669148 0.102458 0.0728658 0.00264679
11 0.395613 0.667845 0.0807987 0.0740597 0.00261129
11 0.28016 0.687691 0.0917859 0.0989273 0.0024213
11 0.309547 0.760999 0.0905741 0.0255765 0.00240734
11 0.28254 0.700757 0.0814672 0.0956629 0.00240563
11 0.406139 0.669475 0.0684724 0.0810423 0.00235342
11 0.375368 0.687168 0.0919782 0.0713409 0.00224435
11 0.102869 0.646502 0.027022 0.0692325 0.00224222
11 0.322664 0.698459 0.0927552 0.101705 0.00200654
11 0.350917 0.711397 0.0391164 0.0483411 0.00187217
10 0.28735 0.7457 0.154665 0.0404998 0.0018592
11 0.250403 0.69545 0.0692346 0.0810261 0.00167593
11 0.631248 0.535583 0.0384574 0.0815916 0.00163173
11 0.323196 0.761749 0.0970684 0.0220585 0.00163075
11 0.290109 0.760833 0.095603 0.0395683 0.00145055
11 0.302935 0.69981 0.10003 0.0958786 0.00140263
11 0.325354 0.765726 0.0933927 0.0230493 0.0013365
11 0.259549 0.736953 0.107741 0.040514 0.00130792
11 0.347574 0.750286 0.0734547 0.0262276 0.00124177
11 0.279991 0.670316 0.0952105 0.111227 0.00124086
11 0.375978 0.70463 0.0795898 0.0632362 0.00121292
10 0.0876119 0.698728 0.0577773 0.0554598 0.00108119
11 0.407216 0.693443 0.0399256 0.0581181 0.00108092
11 0.27355 0.713056 0.0682816 0.0902993 0.00102539
11 0.421523 0.668344 0.0461067 0.0808312 0.00101536
11 0.312343 0.646021 0.116079 0.0639404 0.00101296
