11 0.204092 0.501915 0.0951565 0.0824634 0.0973027
11 0.422217 0.512051 0.169223 0.0345383 0.0593118
11 0.213423 0.492611 0.086896 0.103552 0.0458207
11 0.564334 0.476501 0.13358 0.0342865 0.032788
11 0.0796331 0.510428 0.101283 0.0810317 0.0306762
11 0.4193 0.5188 0.176167 0.033826 0.027702
11 0.57467 0.483079 0.146516 0.0319042 0.0239851
11 0.210506 0.446986 0.159404 0.042738 0.023462
11 0.73726 0.488261 0.081975 0.0516987 0.0211924
11 0.0802872 0.590734 0.077111 0.0627426 0.0206925
11 0.0623754 0.505126 0.0694938 0.0720941 0.0197271
11 0.173579 0.436544 0.196231 0.0359872 0.0191275
11 0.133404 0.639868 0.0763817 0.0442549 0.0185739
11 0.562413 0.455138 0.130834 0.0468368 0.0134692
11 0.111361 0.48497 0.166614 0.0384637 0.0129616
11 0.236726 0.445767 0.153435 0.0388074 0.0127889
11 0.593291 0.458318 0.124415 0.0437263 0.0124197
11 0.0986698 0.494672 0.140653 0.0490217 0.0120999
11 0.130745 0.484849 0.153739 0.0470284 0.0119872
11 0.707251 0.442536 0.125305 0.0422892 0.0111444
11 0.239272 0.506601 0.108403 0.101212 0.0109151
11 0.237012 0.528159 0.0793989 0.100943 0.0105534
11 0.704319 0.45534 0.106724 0.0434542 0.0101872
11 0.7065 0.466336 0.113808 0.0477247 0.00955544
11 0.203737 0.510851 0.0959261 0.0579062 0.00943433
11 0.721956 0.43311 0.13896 0.0378844 0.00861665
11 0.114189 0.635128 0.104404 0.0461455 0.00857133
11 0.766023 0.435049 0.0436692 0.0465521 0.00855821
11 0.757014 0.435019 0.0731817 0.0446283 0.00841668
11 0.21423 0.461002 0.131943 0.0679819 0.0082526
11 0.743108 0.49722 0.0813673 0.0649964 0.00811103
11 0.682734 0.464936 0.0971334 0.0365705 0.0074882
11 0.260312 0.44452 0.214245 0.0412227 0.00724242
11 0.223106 0.515378 0.0734542 0.113346 0.00719778
11 0.624714 0.50141 0.128538 0.0313668 0.00702107
11 0.668672 0.43249 0.0858565 0.0356589 0.00701127
11 0.0987239 0.505917 0.13738 0.0685077 0.00690654
11 0.686932 0.456441 0.102487 0.0413737 0.00669187
11 0.718313 0.485871 0.113715 0.0501029 0.00640284
11 0.666493 0.464216 0.0913584 0.0360794 0.0062391
11 0.547155 0.477026 0.0932512 0.0251668 0.00595666
11 0.646274 0.504843 0.137416 0.0380483 0.00587281
11 0.241731 0.537445 0.0494381 0.0682929 0.00566998
11 0.241287 0.541416 0.0795013 0.0934837 0.00562783
11 0.553361 0.481822 0.119015 0.0328874 0.00559567
11 0.670864 0.445221 0.10099 0.0484338 0.00552382
11 0.594483 0.475427 0.137272 0.0426755 0.0055212
11 0.271251 0.513386 0.148633 0.079551 0.00531794
11 0.741281 0.433653 0.103512 0.041622 0.00531652
11 0.0724809 0.532051 0.0478317 0.0835013 0.00527039
11 0.714799 0.477617 0.108769 0.0526725 0.00520328
11 0.693907 0.430958 0.136443 0.0315686 0.00512055
11 0.399318 0.513677 0.143735 0.032719 0.00497182
11 0.649681 0.514683 0.127359 0.0554776 0.00496509
11 0.122341 0.640524 0.0587031 0.0370488 0.00471706
11 0.420569 0.534743 0.19366 0.052478 0.0046454
11 0.669649 0.503324 0.12543 0.0385049 0.00455959
11 0.711046 0.493337 0.108322 0.0474705 0.00453352
11 0.722801 0.471422 0.10895 0.0509602 0.00450944
11 0.242027 0.594004 0.077685 0.0946971 0.00444652
11 0.645467 0.532009 0.10028 0.0368446 0.00435866
11 0.625314 0.508464 0.121742 0.0330321 0.00434625
11 0.670086 0.45643 0.102999 0.0432509 0.00428597
11 0.16857 0.489376 0.1119 0.0696392 0.00422721
11 0.313498 0.51128 0.0635435 0.0440837 0.00417132
11 0.204714 0.470576 0.101581 0.0828333 0.00413714
11 0.182372 0.49463 0.122214 0.0696967 0.00401904
11 0.666319 0.425552 0.0779945 0.0333418 0.00394867
11 0.757547 0.505245 0.0807899 0.0703743 0.00390449
11 0.552092 0.464629 0.121422 0.0460135 0.0038938
11 0.134347 0.490904 0.10908 0.0476489 0.00375331
11 0.62318 0.497363 0.14832 0.0399019 0.00373293
11 0.636467 0.523593 0.110088 0.0499464 0.00371528
11 0.700716 0.499147 0.129742 0.0456027 0.00347826
11 0.0735769 0.513609 0.0604682 0.0954566 0.00347243
11 0.684676 0.475622 0.0894629 0.0507228 0.0034313
11 0.628366 0.515819 0.124674 0.044357 0.00342469
11 0.643948 0.456767 0.0967774 0.040086 0.00333335
11 0.612507 0.460027 0.115713 0.0422565 0.00329114
11 0.0188545 0.586849 0.0360493 0.0527696 0.00322328
11 0.282477 0.513165 0.127651 0.0629433 0.00318033
11 0.447195 0.507695 0.16123 0.035299 0.00315288
11 0.569077 0.477966 0.125411 0.0255527 0.00313575
11 0.720618 0.439184 0.127848 0.0407004 0.00305122
11 0.053494 0.494486 0.0484709 0.0642357 0.003051
11 0.201869 0.438824 0.190846 0.0372851 0.00296481
11 0.0807367 0.493403 0.104685 0.0561821 0.00296368
11 0.0719653 0.540112 0.0370022 0.0477491 0.00292003
11 0.175122 0.468453 0.113629 0.0693518 0.00283384
11 0.23258 0.533384 0.0540998 0.0698926 0.0027873
11 0.193079 0.49027 0.102678 0.091207 0.00277663
11 0.072569 0.553393 0.0517761 0.0829015 0.00274464
11 0.695453 0.424685 0.140128 0.0284269 0.00264954
11 0.0769072 0.603068 0.0686036 0.0704131 0.00264861
11 0.213815 0.50415 0.0687189 0.0682278 0.00262508
11 0.701087 0.499469 0.0920777 0.0335331 0.00262498
11 0.073527 0.602114 0.061375 0.0360297 0.00261609
11 0.687397 0.498765 0.085577 0.0270369 0.00249547
11 0.233251 0.455458 0.159954 0.0563761 0.00242537
11 0.672342 0.499198 0.100501 0.025791 0.00241872
11 0.0994966 0.619491 0.103185 0.0756893 0.00239323
11 0.317046 0.520106 0.0533839 0.0539365 0.00237755
11 0.656327 0.437046 0.077514 0.0425511 0.00236285
11 0.647625 0.448412 0.0884461 0.0468254 0.00231567
11 0.0902797 0.586883 0.0814247 0.0637655 0.00227546
11 0.0181042 0.59472 0.0362085 0.0522416 0.00224817
11 0.643647 0.462711 0.0833803 0.032454 0.00224345
11 0.151557 0.469125 0.163083 0.0598682 0.0022157
11 0.155578 0.486131 0.0685235 0.0543827 0.00217818
11 0.53909 0.480642 0.088151 0.0301224 0.00215434
11 0.222074 0.51093 0.0584013 0.0645569 0.00214333
11 0.586164 0.473637 0.12528 0.0289966 0.00211456
11 0.0733391 0.616509 0.0630542 0.0739985 0.00211393
11 0.597706 0.486866 0.153633 0.0457534 0.00208075
11 0.322562 0.508647 0.067472 0.0478772 0.00206637
11 0.655314 0.432785 0.0576879 0.0523239 0.00204967
11 0.531149 0.474507 0.0882934 0.025133 0.00204923
11 0.233227 0.541758 0.0658593 0.0628238 0.00204674
11 0.680224 0.496411 0.0945723 0.0365921 0.00201943
11 0.230098 0.522898 0.0506369 0.0631544 0.00201679
11 0.127808 0.490487 0.127866 0.0356602 0.00199803
11 0.404394 0.508621 0.154533 0.0366473 0.00198709
11 0.567838 0.486161 0.111939 0.0364978 0.00196859
11 0.131047 0.632614 0.0951381 0.0588219 0.00193355
11 0.0810618 0.518778 0.0766081 0.0802338 0.00191826
11 0.430225 0.542079 0.235921 0.0621919 0.00190892
11 0.654192 0.46567 0.0823614 0.0331028 0.00188151
11 0.638183 0.537812 0.110477 0.0351109 0.00186266
11 0.613026 0.450495 0.114243 0.0465314 0.00186002
11 0.677885 0.585531 0.107939 0.0364087 0.00184051
11 0.191059 0.692429 0.165247 0.0263243 0.00183947
11 0.548994 0.485951 0.0959444 0.0356959 0.00177983
11 0.604604 0.472231 0.114466 0.0310547 0.0017197
11 0.654338 0.523304 0.0980553 0.0464573 0.00171951
11 0.58345 0.478702 0.129108 0.0320004 0.00171873
11 0.205857 0.516345 0.102298 0.0991921 0.00169054
11 0.686741 0.485656 0.0925545 0.0453362 0.00166973
11 0.609214 0.493412 0.155565 0.041849 0.00166097
11 0.745655 0.669891 0.124717 0.0317084 0.00163091
11 0.422737 0.503362 0.176162 0.0394585 0.00156569
11 0.586208 0.466566 0.119768 0.0375615 0.0015489
11 0.178952 0.44467 0.176145 0.0492692 0.00154046
11 0.612223 0.475271 0.12486 0.0500536 0.00152395
11 0.076197 0.593701 0.0600333 0.0511838 0.00150093
11 0.630712 0.460785 0.0876113 0.0316782 0.00147411
11 0.135861 0.643086 0.0591067 0.0418101 0.00147402
11 0.707271 0.493331 0.0935135 0.0318786 0.00146493
11 0.243297 0.584218 0.091543 0.0802919 0.00143865
11 0.113228 0.491161 0.141458 0.0246968 0.00143521
11 0.312535 0.467548 0.152578 0.0568929 0.00143342
11 0.220644 0.522333 0.0624769 0.0541822 0.00141995
11 0.667885 0.586717 0.104569 0.044995 0.0014128
11 0.241027 0.546078 0.063208 0.0607215 0.00138508
11 0.109525 0.639235 0.0835918 0.0335539 0.00137872
11 0.0769477 0.56332 0.0685273 0.0963774 0.00136723
11 0.400806 0.44596 0.189625 0.0497824 0.00136236
11 0.74293 0.473005 0.0773673 0.0494469 0.00134328
11 0.588092 0.525421 0.114446 0.0311798 0.00132784
11 0.237352 0.522727 0.0495215 0.074582 0.00131669
11 0.525496 0.512153 0.123457 0.0299633 0.00127816
11 0.114739 0.624357 0.110673 0.0700074 0.00127631
11 0.54813 0.459185 0.104297 0.0445765 0.00127595
11 0.515862 0.569167 0.130617 0.0361109 0.00126646
11 0.153565 0.432283 0.220534 0.0366406 0.00125784
11 0.745247 0.480315 0.0582352 0.0447423 0.00123812
11 0.607947 0.497954 0.128222 0.0317424 0.00121979
11 0.343437 0.582593 0.114718 0.0909272 0.00121055
11 0.657086 0.426183 0.0726317 0.0386738 0.00120637
11 0.61591 0.527313 0.115765 0.0330786 0.00120113
11 0.666338 0.47494 0.0853772 0.04882 0.00119816
11 0.145201 0.646186 0.0648614 0.0494567 0.00119165
11 0.0665793 0.515498 0.051576 0.0784011 0.00117631
11 0.590233 0.451057 0.115549 0.0461725 0.00117416
11 0.516223 0.508428 0.123296 0.0267582 0.00117313
11 0.402846 0.436412 0.194986 0.0581611 0.00117078
11 0.453062 0.534615 0.266074 0.0607119 0.00114836
11 0.691575 0.494292 0.0691633 0.0300489 0.00114043
11 0.618029 0.517413 0.12664 0.0345582 0.00111628
11 0.30334 0.507101 0.0934239 0.0479534 0.00108266
11 0.160717 0.646928 0.044911 0.0585348 0.0010784
11 0.77548 0.509989 0.0940352 0.0753469 0.00107157
11 0.306852 0.514111 0.0799399 0.0527666 0.00104967
11 0.151309 0.49413 0.0814936 0.0590674 0.00104961
11 0.577132 0.530008 0.11468 0.0302521 0.00103504
11 0.282173 0.581815 0.176002 0.0816062 0.00103303
11 0.549808 0.450679 0.122918 0.0502946 0.00102569
11 0.227866 0.437744 0.19424 0.0433601 0.00101827
11 0.36297 0.584968 0.142141 0.0757354 0.00101609
11 0.244375 0.612886 0.0685923 0.0769328 0.00101459
11 0.68587 0.580209 0.117262 0.0349879 0.00100954
11 0.257291 0.436632 0.225556 0.0477322 0.00100698
11 0.662836 0.421016 0.0718574 0.0290588 0.0010049
11 0.732255 0.497685 0.0961427 0.0561925 0.0010031
