9 0.712118 0.504926 0.33155 0.397275 0.961172
0 0.511139 0.505762 0.176824 0.406015 0.916748
11 0.61809 0.373319 0.10279 0.142178 0.790672
11 0.606159 0.375604 0.155107 0.148126 0.019377
11 0.485713 0.643714 0.119258 0.12928 0.0119115
11 0.538105 0.621977 0.123836 0.132042 0.00535632
11 0.736555 0.510625 0.168687 0.186593 0.00315209
11 0.558678 0.629937 0.157481 0.109296 0.002753
11 0.747241 0.534959 0.161521 0.180326 0.00151133
11 0.462154 0.618456 0.071481 0.163191 0.00121261
11 0.604605 0.436907 0.118243 0.205777 0.001001
