4 0.401393 0.718475 0.39494 0.261491 0.954711
1 0.418564 0.679378 0.36114 0.175412 0.834918
2 0.563133 0.494629 0.612423 0.190054 0.79853
4 0.464764 0.721891 0.374286 0.156727 0.429063
2 0.478564 0.494233 0.447064 0.181826 0.306761
10 0.254052 0.490965 0.131084 0.213222 0.0263973
1 0.393702 0.714868 0.398275 0.264926 0.0135802
10 0.288859 0.491465 0.0640896 0.184006 0.0052476
10 0.26114 0.560133 0.141819 0.083569 0.00494863
2 0.465615 0.63882 0.441164 0.319124 0.00253061
11 0.126546 0.632363 0.0957141 0.128842 0.00224593
10 0.264112 0.576167 0.158028 0.0894334 0.00191255
10 0.271661 0.513438 0.117708 0.209244 0.00133191
4 0.432279 0.713525 0.403524 0.204271 0.00110224
