5 0.395823 0.828449 0.0753072 0.172826 0.715844
5 0.463834 0.829198 0.120543 0.153099 0.668805
5 0.557899 0.554102 0.435415 0.0508659 0.56293
5 0.481466 0.558921 0.271856 0.032195 0.477716
5 0.542219 0.559093 0.390653 0.0366332 0.464712
5 0.595246 0.552438 0.354935 0.0639733 0.354145
5 0.450818 0.555406 0.200412 0.0239243 0.0627625
5 0.3822 0.617314 0.341042 0.0736219 0.0367336
5 0.460362 0.609667 0.166189 0.0701966 0.0294993
5 0.423471 0.827542 0.112959 0.166968 0.0247857
5 0.630881 0.556384 0.250992 0.0537003 0.0160983
5 0.482256 0.608051 0.12042 0.0688653 0.0156118
5 0.564602 0.576388 0.228916 0.0569584 0.0133935
5 0.265582 0.863467 0.236487 0.0642168 0.0114638
5 0.456525 0.61838 0.197128 0.0596738 0.00993255
1 0.448288 0.583404 0.19332 0.0792527 0.00933152
5 0.568156 0.567258 0.24821 0.0511568 0.0071426
1 0.447134 0.570269 0.189484 0.0578604 0.00668664
1 0.535293 0.589479 0.200017 0.0681994 0.00495536
5 0.462077 0.564527 0.234804 0.045669 0.00457968
5 0.513224 0.558164 0.271966 0.0381101 0.00431438
5 0.547844 0.583394 0.20836 0.0609021 0.0038743
5 0.426155 0.877558 0.185516 0.0732786 0.00385833
1 0.446865 0.824466 0.181933 0.128756 0.00381152
5 0.60015 0.560525 0.261298 0.045747 0.00362759
5 0.526968 0.597188 0.172389 0.0792025 0.00361224
5 0.222346 0.857646 0.118383 0.0594314 0.00342053
5 0.440755 0.558713 0.198281 0.0341565 0.00331344
5 0.247479 0.725172 0.197972 0.0639394 0.00321621
5 0.298449 0.868226 0.280935 0.059322 0.00299633
5 0.507835 0.60331 0.136914 0.0759331 0.00273855
5 0.442618 0.832706 0.193193 0.118253 0.00208316
5 0.535434 0.568611 0.224108 0.0568783 0.00197901
5 0.362467 0.643321 0.259341 0.0506642 0.00197613
1 0.389637 0.618955 0.311224 0.0680434 0.00187744
5 0.211462 0.861181 0.116601 0.073593 0.00177538
5 0.566261 0.566934 0.42262 0.0796437 0.00175948
5 0.452041 0.597962 0.194017 0.0884251 0.00154603
5 0.384027 0.62414 0.426667 0.108872 0.001484
5 0.274499 0.858521 0.203527 0.0489473 0.00147875
1 0.434626 0.876811 0.190932 0.0715131 0.00143327
1 0.533343 0.568804 0.22086 0.0569057 0.0013787
5 0.444118 0.5714 0.192653 0.0595773 0.00137064
5 0.390897 0.856373 0.0599809 0.127254 0.00132506
5 0.416837 0.863293 0.10706 0.11007 0.00119446
1 0.475463 0.574393 0.270786 0.0624622 0.00117416
5 0.451279 0.580966 0.210313 0.0672949 0.0010315
5 0.429412 0.859328 0.147014 0.109604 0.00100788
