1 0.735805 0.498578 0.176079 0.0489166 0.675008
1 0.738458 0.444501 0.222218 0.056322 0.164539
5 0.752375 0.447585 0.247839 0.0630519 0.110118
1 0.714138 0.46132 0.177195 0.051747 0.0418198
1 0.697249 0.464351 0.163287 0.0306482 0.032937
1 0.714249 0.450239 0.167912 0.0525048 0.0324258
1 0.711867 0.441505 0.162006 0.0473892 0.02921
5 0.768825 0.455844 0.291175 0.0857208 0.0288204
1 0.680594 0.464109 0.131659 0.0265952 0.0235444
1 0.732488 0.487141 0.163856 0.0640999 0.0175772
1 0.735316 0.496882 0.157731 0.0380073 0.0135869
1 0.723604 0.47373 0.178012 0.0584869 0.012815
1 0.759633 0.505415 0.22791 0.0659048 0.007326
1 0.706739 0.434447 0.155067 0.0431838 0.00662633
1 0.693965 0.455611 0.15386 0.0375436 0.00507763
1 0.713715 0.460678 0.190629 0.0364821 0.00507609
4 0.658877 0.508918 0.0953536 0.0407333 0.00484168
4 0.642505 0.51044 0.1219 0.0370289 0.00441567
4 0.671195 0.505006 0.0766471 0.0414895 0.00399091
5 0.640195 0.511702 0.12786 0.0364709 0.00374919
1 0.74765 0.454474 0.183844 0.0586129 0.00326441
10 0.638184 0.511175 0.137328 0.041069 0.00193807
1 0.767577 0.446951 0.15439 0.058561 0.0017731
1 0.726716 0.485599 0.164343 0.0474248 0.00174009
4 0.475358 0.885512 0.0940636 0.0542056 0.0014347
1 0.650359 0.50844 0.128301 0.0427408 0.00139184
5 0.830597 0.507335 0.185319 0.0508873 0.00132979
