10 0.553585 0.455149 0.242864 0.148787 0.230135
4 0.498036 0.4814 0.3717 0.206174 0.0763213
10 0.620932 0.56013 0.241617 0.0786905 0.0501436
4 0.441841 0.500052 0.237214 0.124123 0.0260029
10 0.520955 0.469691 0.277221 0.141084 0.0102901
4 0.469625 0.498344 0.172878 0.0901283 0.00253883
11 0.46035 0.496133 0.144909 0.0813565 0.00223243
4 0.48793 0.499746 0.306192 0.139397 0.00159468
4 0.527187 0.477165 0.291984 0.163868 0.00158829
4 0.446809 0.508346 0.172416 0.0983091 0.00123827
10 0.4859 0.479138 0.229929 0.124283 0.00107539
