5 0.637472 0.493807 0.272244 0.576275 0.86949
5 0.674428 0.528169 0.213687 0.604968 0.184588
1 0.478786 0.498426 0.160087 0.355764 0.140138
5 0.709933 0.640626 0.173826 0.467935 0.112158
1 0.466901 0.5985 0.168361 0.342902 0.109025
5 0.470271 0.509073 0.160326 0.380678 0.0857876
5 0.712584 0.638899 0.148378 0.352815 0.0501295
1 0.564626 0.761253 0.21576 0.27765 0.0251614
5 0.48618 0.506795 0.223615 0.504029 0.010797
1 0.465127 0.580279 0.222986 0.389353 0.00478209
1 0.513969 0.465622 0.206503 0.297 0.00385404
1 0.654675 0.7781 0.149131 0.217714 0.00338858
1 0.618877 0.417254 0.232646 0.38315 0.00308286
1 0.659972 0.720534 0.306609 0.316245 0.00255875
5 0.692519 0.567708 0.155477 0.377455 0.00235311
5 0.736316 0.699632 0.228076 0.403293 0.00226594
1 0.518575 0.406551 0.161076 0.167854 0.00211857
5 0.62632 0.435292 0.228846 0.375622 0.00154355
1 0.654519 0.785725 0.120223 0.176159 0.00150454
1 0.64001 0.737403 0.187016 0.295442 0.00118874
