1 0.327534 0.330132 0.462569 0.13199 0.474283
5 0.314787 0.331297 0.437652 0.135119 0.118354
1 0.602114 0.765372 0.265142 0.198614 0.110643
1 0.258497 0.349858 0.282522 0.121747 0.0908646
1 0.455043 0.756084 0.317935 0.243389 0.0574086
1 0.290472 0.343204 0.366363 0.133038 0.0497573
5 0.444407 0.323302 0.258553 0.106086 0.00968781
1 0.423882 0.795165 0.358576 0.196911 0.00929741
1 0.446081 0.332026 0.270736 0.116028 0.00883988
5 0.201831 0.318533 0.242249 0.0660135 0.00869701
1 0.414816 0.323417 0.251791 0.108511 0.00531992
1 0.504351 0.754352 0.266681 0.23492 0.0052218
4 0.611621 0.767569 0.285091 0.219193 0.0041981
1 0.562111 0.750557 0.342434 0.210905 0.00300975
1 0.219916 0.358515 0.26866 0.128164 0.00292203
1 0.643529 0.743933 0.173835 0.127152 0.0029047
5 0.258905 0.317035 0.360377 0.0744882 0.00204516
5 0.520984 0.855257 0.137348 0.0541731 0.00201058
5 0.502526 0.855971 0.1322 0.06274 0.00179699
1 0.570957 0.775365 0.182905 0.139951 0.00168769
1 0.518318 0.777655 0.189903 0.139537 0.00146837
5 0.420169 0.832453 0.316298 0.128035 0.00131564
1 0.371159 0.320503 0.290058 0.103032 0.00116324
1 0.405537 0.829396 0.348251 0.13592 0.00113171
1 0.554043 0.787941 0.163515 0.129757 0.00109316
