5 0.540597 0.56124 0.103222 0.317311 0.873143
1 0.519319 0.487148 0.0485697 0.256115 0.0370058
1 0.526741 0.470202 0.0490546 0.233261 0.0212849
1 0.515464 0.539843 0.0509492 0.201139 0.0199107
5 0.551598 0.534701 0.072863 0.304607 0.019721
5 0.561198 0.536359 0.0669578 0.268917 0.0182008
1 0.54012 0.476407 0.0439194 0.24864 0.0164994
1 0.534327 0.537581 0.0602508 0.28721 0.0162712
5 0.543001 0.475445 0.0393963 0.246003 0.00792801
1 0.529365 0.506099 0.0571411 0.273545 0.00776729
1 0.543011 0.450702 0.0388133 0.213243 0.00716507
4 0.279517 0.272436 0.0485417 0.142878 0.00613752
1 0.54179 0.520254 0.0473257 0.303644 0.00348005
4 0.274903 0.27455 0.064846 0.159715 0.0033554
1 0.511813 0.510012 0.0592149 0.226028 0.00269985
1 0.535878 0.483018 0.0606918 0.276591 0.00257868
1 0.557486 0.537192 0.0704059 0.285603 0.00229022
1 0.538225 0.54721 0.0862115 0.307149 0.00223959
4 0.287625 0.381192 0.046598 0.041546 0.00158677
1 0.522177 0.563142 0.0603196 0.23305 0.00108161
