5 0.221405 0.436161 0.332156 0.320315 0.932284
6 0.211004 0.398836 0.2941 0.250841 0.786655
5 0.132716 0.46646 0.170274 0.180581 0.433653
1 0.154341 0.408406 0.217346 0.261545 0.429759
5 0.253056 0.467385 0.265052 0.253891 0.252488
10 0.374522 0.43629 0.555079 0.342874 0.184645
10 0.220907 0.428111 0.343249 0.330989 0.163356
1 0.201265 0.406371 0.300803 0.271038 0.135673
10 0.274945 0.623105 0.282987 0.529657 0.115609
10 0.565287 0.683524 0.375595 0.366699 0.0723194
5 0.14981 0.424292 0.167851 0.260668 0.0563716
10 0.257226 0.461313 0.258256 0.270287 0.031774
6 0.208763 0.345451 0.293358 0.173696 0.00706358
6 0.226409 0.354606 0.335406 0.236568 0.0043261
1 0.626706 0.449143 0.29684 0.253477 0.00354701
10 0.248219 0.553025 0.177331 0.34329 0.00339749
10 0.205303 0.488036 0.322643 0.269661 0.00337541
10 0.303359 0.407228 0.479335 0.307738 0.00308819
6 0.171963 0.358878 0.201952 0.151573 0.00199534
5 0.156675 0.47474 0.2331 0.241696 0.00199098
10 0.235256 0.507799 0.21918 0.290595 0.00190256
1 0.167297 0.372823 0.197537 0.164472 0.00146114
6 0.143989 0.359239 0.164934 0.143298 0.00133979
10 0.166258 0.462585 0.201941 0.207038 0.00129695
6 0.140635 0.32557 0.173525 0.116478 0.00128562
5 0.644422 0.440831 0.321277 0.260649 0.00123249
10 0.161468 0.387079 0.167877 0.188279 0.0012288
1 0.180505 0.351688 0.209799 0.140429 0.00110831
