4 0.192961 0.576175 0.0362987 0.0856347 0.0616729
4 0.182241 0.569942 0.0576441 0.0794268 0.0548535
4 0.190838 0.564985 0.0412606 0.0726 0.0273978
4 0.183324 0.556314 0.0530995 0.0612096 0.0271178
4 0.187782 0.581464 0.0468196 0.0952556 0.0186648
1 0.688043 0.401393 0.101528 0.0843966 0.0136992
1 0.686108 0.397337 0.0846599 0.0699957 0.0116302
4 0.174401 0.553368 0.0474683 0.0585471 0.0107171
5 0.685647 0.400807 0.0773114 0.0675479 0.0100514
5 0.172474 0.618056 0.0512837 0.0816492 0.00938199
4 0.169607 0.462666 0.0323514 0.0622672 0.00748641
4 0.180335 0.586884 0.0605864 0.100788 0.00548281
5 0.797675 0.346292 0.082322 0.0776303 0.00524802
5 0.736207 0.317071 0.0851818 0.0713013 0.00517289
4 0.154622 0.586757 0.0286515 0.0933681 0.00427068
4 0.171566 0.538386 0.0362507 0.0570283 0.00418957
4 0.188069 0.540646 0.0465301 0.0504883 0.00311863
4 0.170839 0.487727 0.033859 0.101196 0.00301232
5 0.676798 0.394962 0.0553672 0.0438642 0.00211865
4 0.152423 0.574588 0.021318 0.100168 0.00207335
4 0.120416 0.466827 0.0223925 0.0458055 0.00191189
11 0.12689 0.679285 0.0125346 0.0622836 0.00184349
4 0.150129 0.540978 0.0175137 0.0702673 0.00147342
5 0.676204 0.386519 0.0525451 0.0461344 0.0013623
4 0.151142 0.563173 0.0174671 0.101802 0.00133566
4 0.160231 0.554098 0.0315137 0.0708248 0.00124467
4 0.163519 0.572361 0.0409197 0.0886929 0.001161
5 0.680073 0.402998 0.0748006 0.0419468 0.00114476
