5 0.762037 0.674273 0.163078 0.300653 0.945115
1 0.163499 0.243165 0.21857 0.209139 0.919298
6 0.440057 0.417397 0.191367 0.191259 0.827189
6 0.711992 0.406098 0.191595 0.258152 0.2062
6 0.552412 0.493507 0.11892 0.196891 0.138816
6 0.524692 0.481144 0.156657 0.220995 0.112272
1 0.451692 0.791098 0.449005 0.181077 0.109374
6 0.501476 0.470371 0.191072 0.235538 0.0651877
6 0.440746 0.577728 0.201794 0.0414116 0.0615378
6 0.459114 0.506444 0.232031 0.177562 0.0355598
6 0.43569 0.62071 0.202347 0.12965 0.02651
6 0.51522 0.441633 0.158921 0.208012 0.0128401
6 0.53863 0.455161 0.144265 0.228287 0.0123941
10 0.471964 0.461752 0.266746 0.261616 0.00632236
6 0.470359 0.460286 0.220965 0.226859 0.0042143
6 0.492514 0.435482 0.190986 0.168325 0.0034853
2 0.437529 0.792966 0.487052 0.148868 0.00283241
6 0.525656 0.381535 0.154353 0.296068 0.00254995
6 0.444809 0.476162 0.205052 0.220138 0.00214926
6 0.744717 0.414497 0.302406 0.284846 0.00208458
10 0.510416 0.425311 0.245478 0.330581 0.00208194
6 0.47449 0.516603 0.181534 0.160209 0.0019955
10 0.0918852 0.128787 0.084194 0.111774 0.00181504
6 0.433694 0.602739 0.189712 0.0927583 0.0016639
1 0.197423 0.700797 0.191119 0.261047 0.00152192
1 0.482324 0.769304 0.394185 0.191065 0.00132984
5 0.439239 0.791392 0.477098 0.155323 0.00107999
