10 0.60255 0.629427 0.187867 0.510754 0.906586
10 0.468756 0.658538 0.448537 0.498277 0.764121
10 0.418551 0.637206 0.338785 0.477425 0.176326
10 0.616831 0.601852 0.124163 0.439014 0.0363217
10 0.564042 0.639475 0.268338 0.524132 0.0312845
2 0.966715 0.489494 0.0665691 0.303316 0.0107701
10 0.417067 0.823737 0.554449 0.159607 0.00997496
4 0.429281 0.830361 0.528394 0.138635 0.00848591
2 0.962687 0.514113 0.0746264 0.307816 0.00669378
5 0.420636 0.827785 0.545581 0.146499 0.00545619
10 0.39214 0.866329 0.253274 0.0608257 0.00515976
11 0.970455 0.601291 0.058867 0.0590394 0.00379322
2 0.968904 0.535936 0.0604348 0.195498 0.00354554
5 0.512688 0.848016 0.35857 0.0976467 0.00288994
10 0.458705 0.542638 0.410801 0.345366 0.00221764
2 0.969255 0.566999 0.0584242 0.144466 0.00187239
5 0.433404 0.848994 0.166847 0.0498623 0.00145081
4 0.442666 0.856079 0.488338 0.216961 0.00141775
5 0.518391 0.817607 0.364764 0.154288 0.00107641
10 0.565612 0.773116 0.234109 0.339332 0.00100113
