1 0.570265 0.662215 0.231702 0.238725 0.822235
1 0.6203 0.696917 0.395571 0.193176 0.458486
1 0.484363 0.688888 0.332817 0.0978355 0.444489
5 0.595197 0.697217 0.386082 0.197154 0.246041
1 0.556033 0.700086 0.310249 0.191907 0.12772
1 0.470846 0.697252 0.27111 0.0940253 0.0229152
5 0.647874 0.679844 0.214663 0.109934 0.0103263
1 0.650053 0.684319 0.222968 0.10458 0.0103029
1 0.582604 0.726689 0.253698 0.147118 0.00934112
1 0.556409 0.668178 0.258493 0.153711 0.00691572
1 0.622887 0.715067 0.270606 0.143254 0.00678816
1 0.537291 0.729331 0.317022 0.16845 0.00665323
1 0.60111 0.671948 0.237545 0.137594 0.00565518
1 0.516067 0.704771 0.323746 0.15305 0.00388021
1 0.577198 0.69256 0.252543 0.13695 0.00357234
1 0.512432 0.664881 0.334122 0.181128 0.00351327
1 0.525592 0.75073 0.389054 0.199743 0.00337855
1 0.492479 0.679021 0.28387 0.128698 0.00260067
5 0.672389 0.668794 0.23233 0.118971 0.00255542
1 0.554682 0.715953 0.241349 0.136262 0.00234915
1 0.530664 0.686872 0.210248 0.173477 0.00178767
5 0.293726 0.480476 0.217236 0.374231 0.00175133
1 0.677043 0.660279 0.238351 0.127836 0.00157194
