10 0.282317 0.64422 0.482939 0.328802 0.937668
6 0.192095 0.492566 0.109067 0.150619 0.882699
6 0.0943732 0.442684 0.0427831 0.184549 0.846141
10 0.235285 0.73797 0.331169 0.134113 0.658354
10 0.293974 0.762239 0.408877 0.100192 0.189736
10 0.285985 0.745452 0.393863 0.150445 0.0607143
10 0.319438 0.781612 0.403058 0.148689 0.0414534
10 0.264533 0.684056 0.297628 0.208036 0.0295547
6 0.961392 0.408026 0.0772162 0.210883 0.0220274
10 0.238303 0.673327 0.352184 0.253248 0.0159232
10 0.276132 0.719145 0.301697 0.148101 0.00638846
6 0.971324 0.411816 0.0560185 0.213017 0.00593512
10 0.189655 0.710262 0.25942 0.0709803 0.00371418
10 0.304958 0.724494 0.248816 0.0803862 0.00235962
10 0.287369 0.765336 0.268667 0.0677684 0.00179376
10 0.345362 0.750987 0.259128 0.0945122 0.0017136
10 0.294335 0.700327 0.438771 0.242034 0.00155711
10 0.241049 0.703045 0.272905 0.0890596 0.00152313
10 0.29232 0.619322 0.418669 0.243741 0.00140901
10 0.22901 0.687347 0.268131 0.0956734 0.00137248
10 0.273938 0.736413 0.271219 0.0837987 0.00122968
10 0.974274 0.469365 0.0411835 0.0944601 0.00122358
10 0.242112 0.668042 0.248571 0.131852 0.00121776
10 0.180793 0.69654 0.26378 0.0711541 0.00112946
