6 0.502246 0.800207 0.130517 0.178139 0.886969
6 0.699032 0.646156 0.175853 0.162357 0.827379
6 0.650071 0.751076 0.231115 0.192779 0.689455
6 0.727731 0.678347 0.214786 0.142864 0.514846
6 0.91849 0.497206 0.0551511 0.211984 0.0359346
6 0.728101 0.711845 0.197221 0.111861 0.0219194
10 0.920227 0.531705 0.0618933 0.297706 0.0134695
10 0.922357 0.613976 0.0674509 0.497286 0.00518736
10 0.696503 0.659108 0.285268 0.193381 0.00465604
6 0.698515 0.710528 0.242015 0.145076 0.00333649
6 0.686011 0.738903 0.267529 0.168175 0.00247398
6 0.917039 0.481511 0.0468534 0.173048 0.00184562
10 0.936912 0.804281 0.0404089 0.253155 0.00176698
10 0.928826 0.659536 0.11835 0.605992 0.00139485
6 0.71144 0.691023 0.147794 0.0876662 0.00102172
