1 0.314283 0.768505 0.157456 0.188441 0.184309
1 0.515518 0.785921 0.282441 0.125853 0.044056
1 0.520342 0.769756 0.245716 0.14243 0.00971704
5 0.311324 0.767496 0.170202 0.19087 0.00913589
1 0.310275 0.806744 0.153751 0.110553 0.00783527
1 0.429058 0.856401 0.174199 0.15407 0.00675931
5 0.576321 0.867245 0.265592 0.0680354 0.00630044
1 0.698082 0.773792 0.294369 0.0814772 0.00615275
5 0.429756 0.853507 0.173524 0.153865 0.00591538
5 0.309768 0.742224 0.0810844 0.131415 0.00590762
5 0.425166 0.849166 0.135582 0.111776 0.00451232
1 0.701391 0.844301 0.154029 0.126941 0.0041261
5 0.403078 0.8276 0.137877 0.0888427 0.00371389
1 0.575895 0.86327 0.224834 0.0770788 0.00318498
1 0.301895 0.794036 0.17972 0.135882 0.00298134
1 0.707309 0.858223 0.12871 0.108431 0.0029505
1 0.397594 0.818241 0.13916 0.114331 0.00278054
5 0.692544 0.859879 0.114511 0.105281 0.00271195
5 0.694961 0.78586 0.289598 0.0624456 0.00203513
1 0.686118 0.862148 0.190447 0.126089 0.00201343
5 0.706816 0.867224 0.122445 0.0932754 0.00180897
5 0.54694 0.83997 0.151982 0.0846901 0.00155969
1 0.328887 0.747979 0.120431 0.150936 0.00150511
1 0.517294 0.767407 0.198684 0.113827 0.00149997
1 0.33712 0.812648 0.158472 0.0993658 0.00133381
1 0.372636 0.814059 0.153561 0.104772 0.00131903
1 0.499521 0.767235 0.305111 0.165873 0.00126433
1 0.553433 0.773978 0.253993 0.114371 0.00123095
5 0.720226 0.882878 0.0894753 0.0622513 0.00111811
1 0.60323 0.846538 0.262813 0.114132 0.00107017
5 0.694101 0.880295 0.08028 0.0808895 0.00106208
5 0.67292 0.828141 0.200212 0.11877 0.00102535
1 0.351371 0.739441 0.135064 0.132238 0.001022
5 0.554479 0.854539 0.166016 0.0878064 0.00101837
