6 0.724257 0.648466 0.277543 0.206199 0.837291
6 0.475781 0.567581 0.191415 0.0757252 0.330455
10 0.718705 0.0974563 0.0324691 0.0535406 0.00960798
6 0.476446 0.979719 0.20481 0.0401543 0.00648426
6 0.650797 0.603505 0.256127 0.203206 0.00401294
6 0.429523 0.9784 0.182945 0.0431997 0.00396511
10 0.0570221 0.176833 0.035432 0.0725824 0.00278217
10 0.059376 0.168376 0.029527 0.0549281 0.00242567
11 0.714781 0.0927363 0.0231246 0.045352 0.00233713
6 0.386305 0.97807 0.217726 0.0438595 0.00217999
4 0.0314055 0.186498 0.0430264 0.0810863 0.0021019
6 0.434474 0.979532 0.132578 0.0409365 0.00202041
10 0.725029 0.101879 0.0455554 0.0664423 0.00130336
10 0.715324 0.0955683 0.023385 0.0563533 0.00115312
7 0.759352 0.0933105 0.0232459 0.0514985 0.00108118
