5 0.380801 0.581895 0.0983628 0.105558 0.471826
5 0.377805 0.604952 0.0849045 0.0614155 0.139222
5 0.313526 0.580006 0.0743521 0.0626141 0.123304
5 0.373401 0.588548 0.0758549 0.0916991 0.108525
5 0.173003 0.515445 0.0412404 0.145728 0.1026
1 0.12906 0.4947 0.0503124 0.140307 0.102405
1 0.396137 0.5381 0.0728361 0.0922584 0.100574
5 0.389706 0.596039 0.103592 0.0809665 0.0968357
5 0.384087 0.564367 0.0955227 0.0940503 0.0906731
5 0.177029 0.772181 0.0887518 0.0620887 0.0621068
5 0.305817 0.617045 0.0578196 0.0454362 0.0598136
5 0.309988 0.596408 0.0682234 0.0614655 0.0574493
1 0.38972 0.561139 0.0893034 0.0841527 0.0561914
5 0.315397 0.561111 0.0716659 0.0739967 0.0483575
1 0.395002 0.520425 0.0597743 0.132716 0.0436422
5 0.309625 0.468548 0.0415476 0.202265 0.0338515
5 0.399384 0.544482 0.077491 0.0719128 0.0319437
1 0.135342 0.482609 0.0468963 0.146697 0.0264673
5 0.163935 0.502013 0.0511732 0.120123 0.0234918
5 0.393796 0.539726 0.0720431 0.108875 0.0234786
1 0.389114 0.51374 0.0418781 0.147022 0.0207942
5 0.0187967 0.303924 0.0375934 0.0383803 0.0198905
1 0.163709 0.501242 0.0517129 0.120077 0.0196907
5 0.378444 0.619013 0.0849215 0.0496414 0.0184048
1 0.121967 0.512882 0.0671387 0.12492 0.0178899
5 0.310562 0.62552 0.0501369 0.0400793 0.0145119
1 0.144425 0.492724 0.0589664 0.133244 0.0142112
5 0.125471 0.504101 0.0504347 0.13595 0.0140559
5 0.0191582 0.304863 0.0383165 0.0548478 0.013346
5 0.392723 0.554946 0.0978705 0.0789694 0.013304
1 0.136033 0.399418 0.0653767 0.117232 0.0125028
5 0.311842 0.524092 0.0574353 0.127249 0.012501
5 0.408582 0.604507 0.0688043 0.0755202 0.0110583
5 0.171699 0.536539 0.0353887 0.154721 0.0107914
5 0.396179 0.557036 0.0608392 0.0444036 0.0106302
5 0.392631 0.522561 0.0557572 0.138633 0.0102737
1 0.0183601 0.29787 0.0367202 0.0361305 0.010111
1 0.125042 0.489077 0.0655225 0.159821 0.00942356
5 0.38976 0.566365 0.057006 0.049045 0.00934856
5 0.40007 0.588997 0.0847429 0.0840566 0.00848087
5 0.120101 0.490543 0.05603 0.154366 0.00844139
5 0.366666 0.572222 0.111106 0.114341 0.00755491
5 0.766039 0.457135 0.0272614 0.0605445 0.00734899
5 0.401294 0.549886 0.0622514 0.0484156 0.00724831
1 0.354086 0.483403 0.100662 0.094877 0.00643404
5 0.821106 0.304526 0.0701612 0.0539418 0.00621517
5 0.369413 0.619569 0.0740905 0.0397677 0.00595947
1 0.309351 0.466803 0.0277917 0.169958 0.00577265
5 0.41926 0.606967 0.0454178 0.0778804 0.00565886
5 0.019894 0.29635 0.0397879 0.038911 0.00564105
5 0.173962 0.782979 0.0842561 0.0615596 0.00554987
5 0.30145 0.626751 0.0510761 0.0529412 0.00550041
5 0.302612 0.573114 0.0619868 0.0891677 0.00543767
5 0.393736 0.577827 0.0610194 0.0592623 0.00512152
4 0.865265 0.452615 0.0627067 0.0682336 0.00512152
1 0.124396 0.465436 0.0593787 0.156763 0.00508151
5 0.397029 0.544733 0.0557111 0.061797 0.0050451
5 0.174992 0.759023 0.0938744 0.0723816 0.00486154
5 0.387499 0.486469 0.0331428 0.165957 0.00480512
5 0.171683 0.562993 0.0315334 0.109003 0.00474549
5 0.383802 0.569288 0.0552592 0.0587709 0.00454514
5 0.305008 0.585904 0.0456123 0.047219 0.00439253
1 0.82793 0.315775 0.0741409 0.0689302 0.00436176
1 0.127315 0.45057 0.0763557 0.187127 0.0042618
5 0.390557 0.551926 0.050045 0.052723 0.00399877
1 0.172222 0.338018 0.0183345 0.11473 0.00397207
1 0.146549 0.469217 0.0422771 0.16291 0.00391203
5 0.398869 0.61568 0.0765793 0.0699661 0.00375413
1 0.211636 0.404426 0.0371095 0.174122 0.00375329
5 0.316141 0.615627 0.0804386 0.0466201 0.00366581
4 0.768254 0.455843 0.0318415 0.0580497 0.00330986
5 0.388073 0.458487 0.0308056 0.14401 0.00323901
5 0.3979 0.56377 0.0667545 0.0434165 0.00316239
5 0.305429 0.601387 0.0455445 0.0437608 0.00306483
5 0.395285 0.526278 0.0493711 0.0949378 0.00303428
5 0.392082 0.517692 0.0383787 0.113851 0.00299055
5 0.0147516 0.313787 0.0288719 0.0466144 0.00294157
5 0.334987 0.574063 0.118031 0.0933201 0.00272992
5 0.386654 0.525702 0.0354181 0.10774 0.00271044
5 0.399064 0.52618 0.0701284 0.109655 0.00265804
5 0.38818 0.537645 0.0405782 0.0834134 0.00265714
1 0.356917 0.468061 0.110396 0.0937086 0.00265553
5 0.825583 0.333032 0.0669696 0.0923955 0.00263108
5 0.762488 0.461624 0.0369448 0.072663 0.00261223
4 0.0213975 0.297474 0.0418175 0.0475169 0.00260192
1 0.21741 0.393224 0.0402631 0.174377 0.00257985
5 0.170592 0.776722 0.0692485 0.0472588 0.00253165
5 0.305408 0.610635 0.0456881 0.0398097 0.00252874
5 0.381969 0.579853 0.0600729 0.077295 0.00250334
5 0.125793 0.521261 0.0401565 0.0986575 0.00246975
5 0.0153629 0.292352 0.0307258 0.0406459 0.00245681
5 0.41473 0.595431 0.0666972 0.0796108 0.00242235
5 0.342424 0.564036 0.121214 0.0726112 0.00241381
5 0.321353 0.534462 0.074995 0.110179 0.00237226
1 0.138672 0.470616 0.0746383 0.191547 0.00235801
5 0.304722 0.576295 0.0440951 0.0483869 0.00217194
1 0.16672 0.339909 0.0286595 0.124693 0.00217042
1 0.172661 0.342445 0.024778 0.119529 0.00214416
5 0.164761 0.768668 0.121032 0.0737932 0.00213627
5 0.310861 0.593086 0.0527887 0.0493258 0.00211806
5 0.31671 0.583432 0.0633382 0.0440985 0.00211723
5 0.374773 0.553193 0.101865 0.134394 0.00211576
1 0.120064 0.468663 0.0789738 0.191962 0.00206631
5 0.159682 0.777932 0.117274 0.0533337 0.00205938
4 0.868526 0.46444 0.0703142 0.0700668 0.0020543
5 0.756182 0.46724 0.0429531 0.076169 0.00198365
5 0.7646 0.452238 0.0299508 0.0421174 0.00197229
5 0.381813 0.549097 0.0845458 0.112853 0.00196702
5 0.831356 0.650456 0.0520862 0.0707873 0.00194153
1 0.339221 0.542603 0.108044 0.0985329 0.00193643
5 0.369099 0.61344 0.0577782 0.0442415 0.00191819
5 0.388331 0.515422 0.0404952 0.148769 0.00188505
4 0.764054 0.465688 0.0287886 0.0730906 0.00187607
5 0.771064 0.452931 0.0441357 0.0515634 0.00185412
5 0.38426 0.592358 0.066765 0.0717855 0.00182765
1 0.1554 0.469005 0.041353 0.169834 0.00177687
4 0.0254078 0.295201 0.0508157 0.0636401 0.00174156
5 0.402551 0.53523 0.0599262 0.0679578 0.00170752
5 0.16958 0.80801 0.0784169 0.0656111 0.00164005
4 0.0210331 0.289058 0.0420663 0.0542538 0.00159698
5 0.306571 0.621276 0.0469828 0.0402209 0.0015566
5 0.172848 0.511826 0.0313351 0.125266 0.00154763
5 0.367448 0.589859 0.0651942 0.065159 0.0015468
5 0.411262 0.616239 0.0534609 0.0782423 0.00152362
5 0.0198905 0.312567 0.0389104 0.0570036 0.00146308
5 0.836679 0.338036 0.090607 0.078668 0.00142438
5 0.408059 0.543069 0.0733644 0.0533047 0.00138171
5 0.362657 0.6155 0.0656528 0.0553864 0.00133332
5 0.1833 0.776632 0.0764539 0.0465365 0.001328
5 0.389829 0.601592 0.0673255 0.0592691 0.00132732
5 0.300283 0.593786 0.0438988 0.0445109 0.00128445
1 0.129624 0.410703 0.0713521 0.147321 0.00126421
4 0.664734 0.57443 0.0569806 0.0385681 0.00124312
5 0.315371 0.604157 0.0552699 0.0509192 0.00123863
5 0.379856 0.642312 0.0890795 0.0717096 0.00123317
5 0.170861 0.783236 0.0622153 0.0414919 0.00121607
5 0.334265 0.608941 0.085475 0.0580086 0.00121069
5 0.387486 0.506955 0.0284475 0.136699 0.00119417
5 0.316891 0.56826 0.0557748 0.0432848 0.00116552
4 0.853415 0.467962 0.0932109 0.0725754 0.00116287
5 0.367731 0.603281 0.0570323 0.0580111 0.00116103
1 0.141401 0.374967 0.0595805 0.118597 0.00115747
1 0.182725 0.517766 0.0597477 0.15921 0.00112182
5 0.148474 0.506251 0.0633809 0.13218 0.00111926
4 0.863756 0.441781 0.0662422 0.072583 0.00110869
1 0.400884 0.567398 0.0852893 0.0870014 0.00109993
1 0.160511 0.351642 0.0403997 0.127047 0.00109471
5 0.91015 0.515078 0.0660482 0.0762933 0.00107436
1 0.357345 0.514781 0.114383 0.134058 0.00103957
1 0.819993 0.333426 0.066322 0.0988407 0.00103661
5 0.174301 0.565861 0.0250002 0.0831738 0.00102085
1 0.150231 0.414135 0.0435277 0.115747 0.00101127
