5 0.780121 0.499215 0.149588 0.458555 0.830527
1 0.703813 0.298113 0.335615 0.221947 0.751978
5 0.711159 0.347446 0.346934 0.344402 0.56037
5 0.765776 0.432321 0.225019 0.527515 0.342941
10 0.426876 0.48188 0.382942 0.0939966 0.281584
10 0.836039 0.497702 0.123424 0.43973 0.105087
10 0.808741 0.444519 0.177576 0.544461 0.0854698
10 0.708406 0.476875 0.340733 0.0928526 0.0715234
6 0.828956 0.292108 0.158643 0.237077 0.0465586
6 0.775443 0.446667 0.211582 0.423427 0.0358112
1 0.707718 0.326539 0.355182 0.306677 0.031121
6 0.787953 0.379939 0.206439 0.249359 0.0308437
6 0.850566 0.285746 0.11952 0.217766 0.0307224
5 0.803363 0.451713 0.166534 0.562579 0.0276407
6 0.778867 0.339867 0.220839 0.311872 0.0256563
10 0.694115 0.392258 0.299684 0.264936 0.0154102
10 0.418146 0.470565 0.420797 0.123244 0.0152683
6 0.822543 0.332166 0.170095 0.320958 0.0150285
10 0.709549 0.459436 0.32876 0.133962 0.012166
6 0.743286 0.372268 0.287913 0.312187 0.0116465
5 0.675667 0.396625 0.26089 0.25181 0.0110416
10 0.782914 0.393631 0.231792 0.450527 0.0101617
5 0.735387 0.286278 0.282327 0.230753 0.00779055
10 0.712305 0.366346 0.36586 0.330834 0.00732199
6 0.791234 0.374328 0.183174 0.189879 0.0062782
10 0.664833 0.479294 0.260612 0.105064 0.00565016
5 0.620673 0.233417 0.237523 0.0410461 0.0048092
10 0.697943 0.459709 0.358505 0.405698 0.00448472
5 0.74492 0.380206 0.297201 0.41871 0.00426458
10 0.703357 0.458653 0.387191 0.278706 0.0032731
6 0.773576 0.510605 0.171136 0.433176 0.00285452
6 0.66766 0.39464 0.244523 0.248342 0.00279997
4 0.847972 0.589301 0.110007 0.276194 0.00250209
10 0.800776 0.476074 0.218158 0.417651 0.00235844
10 0.605236 0.329307 0.658464 0.288065 0.00196103
6 0.796311 0.435508 0.149336 0.231164 0.00194686
5 0.640846 0.0124995 0.536452 0.0249991 0.00193712
10 0.716437 0.431247 0.308249 0.530896 0.00192414
10 0.677664 0.222475 0.239245 0.0639334 0.00187625
6 0.776184 0.401451 0.160863 0.197396 0.00186506
10 0.688571 0.4997 0.327212 0.141698 0.00179169
6 0.798462 0.301635 0.18926 0.251431 0.00158245
6 0.635338 0.477699 0.199862 0.0952119 0.00154102
10 0.837841 0.477475 0.266096 0.51472 0.00152704
10 0.660178 0.318105 0.482522 0.26461 0.00152459
6 0.82321 0.285823 0.115399 0.256153 0.00121317
6 0.855306 0.320125 0.139947 0.282847 0.00108867
