1 0.427054 0.800368 0.0804911 0.16466 0.870024
4 0.237816 0.544089 0.0645661 0.0760997 0.0861435
4 0.233344 0.560773 0.0595266 0.090895 0.0231756
4 0.224436 0.587958 0.0422015 0.0866259 0.00912815
4 0.867245 0.519157 0.034415 0.159606 0.00682836
4 0.23933 0.557396 0.0670987 0.0744482 0.00496346
4 0.869653 0.510972 0.060549 0.173604 0.00336196
1 0.23526 0.548889 0.0629205 0.0864692 0.0031875
4 0.217365 0.594093 0.0544679 0.0759049 0.00241598
5 0.426069 0.733038 0.0533574 0.0791669 0.00192726
5 0.236535 0.544247 0.0679512 0.0490233 0.00164018
4 0.181256 0.604963 0.0545842 0.0494504 0.00129457
