1 0.21772 0.553522 0.0871698 0.145929 0.701125
4 0.833228 0.472425 0.0385017 0.091981 0.217419
1 0.234709 0.557156 0.0985981 0.146658 0.130213
1 0.26237 0.557831 0.0778608 0.136301 0.0918949
5 0.189224 0.69278 0.0722923 0.223596 0.0677929
1 0.275057 0.56142 0.0846605 0.11878 0.0583336
1 0.201584 0.554555 0.056344 0.148017 0.0558036
1 0.284574 0.553108 0.0983198 0.0990935 0.0553242
4 0.838203 0.497822 0.0456247 0.156472 0.0354125
4 0.841485 0.475868 0.0382433 0.0801737 0.0322621
1 0.246659 0.568208 0.076956 0.13216 0.0285077
4 0.831099 0.48199 0.0472755 0.0997294 0.0271859
1 0.190189 0.688855 0.0787253 0.223959 0.0237564
5 0.18793 0.696246 0.0467802 0.23597 0.0139906
5 0.306095 0.57314 0.0778333 0.0690734 0.0115654
1 0.287702 0.575511 0.0953159 0.119657 0.00940762
1 0.246491 0.56884 0.149646 0.151429 0.00697613
1 0.259692 0.577015 0.0704955 0.127566 0.00677463
4 0.831799 0.489981 0.054314 0.125343 0.0067715
1 0.29771 0.562467 0.088765 0.0783299 0.00619897
5 0.295851 0.566502 0.104519 0.0837422 0.00487879
5 0.294554 0.553934 0.0896305 0.0942004 0.0046102
1 0.221222 0.644273 0.116953 0.129472 0.00428776
4 0.827817 0.469855 0.0345227 0.0842869 0.00336312
5 0.183389 0.677568 0.0512548 0.180857 0.00254501
1 0.181638 0.573411 0.143441 0.140178 0.00252453
5 0.278319 0.567388 0.0413853 0.0756036 0.00217348
1 0.272763 0.584184 0.0974844 0.147653 0.00212945
1 0.206781 0.631424 0.0792286 0.126011 0.00212375
5 0.187409 0.663792 0.067065 0.162784 0.00172531
1 0.158112 0.638237 0.0991776 0.112429 0.00162089
4 0.849711 0.4814 0.0442834 0.0878313 0.00161756
5 0.174167 0.630605 0.0843912 0.104014 0.0015554
5 0.198648 0.580253 0.054916 0.111371 0.00152271
4 0.841603 0.473148 0.0558469 0.0939044 0.00148974
5 0.285322 0.577674 0.0455872 0.0932494 0.00145167
1 0.242269 0.625545 0.101749 0.144845 0.00144548
5 0.199342 0.600941 0.0581046 0.111123 0.00135405
5 0.277324 0.551582 0.0479788 0.084451 0.00125786
4 0.842868 0.540206 0.054072 0.0984391 0.00121907
1 0.18356 0.560717 0.0843391 0.1525 0.00120933
5 0.200993 0.631748 0.0701246 0.137982 0.00120601
5 0.273526 0.559973 0.0442999 0.0797708 0.00109088
5 0.202337 0.650752 0.0850447 0.150855 0.00107537
1 0.24611 0.595256 0.0885816 0.146708 0.00101366
