1 0.842214 0.65172 0.145403 0.100851 0.485299
1 0.617694 0.464747 0.0835565 0.159531 0.363519
1 0.654342 0.420627 0.135975 0.105562 0.0758646
1 0.630347 0.455032 0.10924 0.157829 0.0540219
1 0.648356 0.43742 0.13967 0.130355 0.0244826
1 0.202967 0.526769 0.0736964 0.147377 0.00965858
1 0.842318 0.627008 0.150477 0.151076 0.00823044
5 0.34879 0.488856 0.072782 0.0752794 0.00471612
1 0.617407 0.476793 0.0671899 0.134643 0.00396956
4 0.615306 0.683339 0.117135 0.0488426 0.00275123
5 0.835433 0.444394 0.0693012 0.134987 0.00227265
5 0.846958 0.39378 0.084582 0.133303 0.00200715
1 0.760398 0.743296 0.0978087 0.121819 0.00190943
1 0.661912 0.408126 0.114199 0.100835 0.00140129
5 0.836763 0.65752 0.134817 0.103033 0.00135082
1 0.850171 0.726314 0.134444 0.123984 0.00127161
5 0.880499 0.558185 0.0715266 0.237919 0.0012529
5 0.199381 0.559117 0.0764527 0.134631 0.00122777
5 0.848179 0.504801 0.0561253 0.0871178 0.00107469
1 0.188555 0.540081 0.0994802 0.157873 0.00107166
5 0.206872 0.530705 0.0871807 0.146349 0.0010444
