5 0.234388 0.26867 0.276546 0.468943 0.315747
6 0.2577 0.266043 0.197028 0.276768 0.210221
10 0.876514 0.622842 0.125548 0.300627 0.13664
5 0.877218 0.620283 0.126074 0.299121 0.0422515
6 0.707609 0.301729 0.276591 0.211073 0.0309247
5 0.196891 0.304299 0.359182 0.532135 0.00637298
10 0.588242 0.551817 0.511502 0.292995 0.00566611
5 0.258221 0.233351 0.238284 0.386532 0.00450756
5 0.256355 0.325707 0.23589 0.584436 0.00434211
10 0.857109 0.609074 0.176427 0.321486 0.00267431
10 0.372405 0.555703 0.603685 0.473409 0.00263193
6 0.275786 0.200876 0.202822 0.323883 0.00211808
10 0.230533 0.348778 0.283369 0.668563 0.00169455
