1 0.331897 0.767914 0.15926 0.120439 0.759712
1 0.406168 0.77305 0.207934 0.191479 0.649243
1 0.329835 0.755355 0.143987 0.159332 0.425591
1 0.360665 0.751139 0.182445 0.16043 0.412489
1 0.568501 0.758047 0.171856 0.167431 0.261419
1 0.354286 0.775156 0.184928 0.120962 0.114604
1 0.388964 0.788706 0.195111 0.135638 0.0409822
1 0.386969 0.76403 0.218223 0.153801 0.0343499
1 0.380803 0.808832 0.199157 0.115556 0.0263447
1 0.316703 0.776256 0.237022 0.135792 0.0206
1 0.444922 0.792111 0.256772 0.180871 0.0205422
1 0.305612 0.771472 0.140583 0.119557 0.0123349
1 0.411118 0.802107 0.190781 0.14066 0.00998363
1 0.349532 0.749105 0.125862 0.170285 0.00819804
1 0.408834 0.775244 0.165891 0.157317 0.00644299
4 0.394457 0.77092 0.301282 0.187447 0.0061194
1 0.503309 0.815598 0.13508 0.13263 0.00538064
1 0.443513 0.766735 0.131399 0.17714 0.00510967
1 0.355856 0.776867 0.240666 0.159239 0.00462559
1 0.350477 0.7969 0.16871 0.122092 0.00453658
2 0.376795 0.760164 0.343731 0.19274 0.00444687
1 0.456961 0.811907 0.161089 0.140382 0.00430373
1 0.280119 0.77196 0.24782 0.128992 0.00385583
1 0.39217 0.823982 0.210089 0.115383 0.00352671
1 0.528997 0.816802 0.115461 0.127716 0.00320488
1 0.508098 0.75989 0.152272 0.18633 0.00274613
2 0.411199 0.743836 0.362955 0.241881 0.00272314
5 0.327402 0.759054 0.121845 0.0829267 0.00254107
1 0.510674 0.773131 0.101581 0.182214 0.00244455
5 0.387911 0.77876 0.358126 0.207686 0.00174552
1 0.510099 0.810567 0.0978953 0.128386 0.00168386
1 0.461568 0.797998 0.115081 0.16027 0.0015471
5 0.353663 0.773243 0.133905 0.0940458 0.0012576
5 0.331974 0.774663 0.104167 0.108174 0.00118488
1 0.540962 0.785359 0.120867 0.129524 0.0011419
5 0.318803 0.765913 0.103747 0.110128 0.00112556
1 0.34822 0.735484 0.096816 0.13323 0.00110097
