1 0.360808 0.817826 0.225566 0.14707 0.794102
1 0.681284 0.674181 0.118175 0.133806 0.695629
1 0.845251 0.7155 0.145094 0.1783 0.299646
1 0.365544 0.787383 0.224868 0.0776393 0.198591
1 0.369493 0.770876 0.220621 0.106441 0.0113499
1 0.844364 0.729913 0.0845255 0.124638 0.00796132
1 0.380655 0.787048 0.19606 0.062446 0.00658266
1 0.403791 0.785449 0.155486 0.0566098 0.00242888
5 0.841656 0.722212 0.151833 0.197793 0.00214953
1 0.374789 0.773904 0.185349 0.0869945 0.00173509
1 0.351076 0.790256 0.166525 0.070694 0.00160048
1 0.829856 0.732638 0.120082 0.119341 0.00144412
