10 0.314162 0.398187 0.512144 0.245667 0.846397
10 0.159927 0.409671 0.105965 0.391885 0.309001
10 0.141757 0.449721 0.150945 0.399436 0.0194261
1 0.0921169 0.374355 0.182178 0.236209 0.00533408
10 0.114384 0.44487 0.228769 0.424198 0.00516948
10 0.147189 0.364465 0.133088 0.302169 0.00505764
10 0.108953 0.404036 0.217907 0.389022 0.00453925
10 0.134329 0.436716 0.188198 0.137219 0.00291449
10 0.166046 0.458463 0.0963892 0.363992 0.00257584
10 0.102523 0.376442 0.193448 0.232051 0.00251551
10 0.168275 0.374378 0.142407 0.377445 0.00177777
10 0.1218 0.370489 0.243601 0.364332 0.00151858
10 0.191671 0.443504 0.196321 0.419551 0.00107775
