6 0.81236 0.331233 0.167403 0.398026 0.899535
10 0.912068 0.487556 0.0673401 0.730187 0.89192
6 0.803096 0.412493 0.297057 0.249725 0.735004
10 0.921587 0.525145 0.0899013 0.667865 0.0591794
10 0.907562 0.399162 0.060833 0.565988 0.0514353
10 0.898447 0.490454 0.105024 0.736038 0.021334
10 0.971792 0.56852 0.056416 0.508732 0.00467704
10 0.801865 0.499436 0.318573 0.715639 0.00241663
10 0.937027 0.525592 0.125947 0.619579 0.00176672
10 0.934919 0.492083 0.130163 0.736435 0.00143415
10 0.964252 0.619711 0.071497 0.466381 0.00135921
