6 0.642782 0.667025 0.222162 0.212722 0.844463
6 0.490759 0.487408 0.181889 0.170537 0.334001
6 0.469783 0.506264 0.189087 0.206776 0.0214772
6 0.345244 0.275526 0.151384 0.0597353 0.00445481
5 0.613855 0.658262 0.177103 0.16193 0.00394459
6 0.473099 0.460231 0.165275 0.112357 0.00222778
5 0.35217 0.280673 0.151097 0.0618227 0.00205002
6 0.449162 0.520527 0.241746 0.230557 0.00156346
6 0.357869 0.281804 0.151932 0.0613929 0.00120432
10 0.402906 0.29096 0.3585 0.334979 0.00114355
5 0.315059 0.251697 0.0928601 0.113539 0.00109965
