1 0.434961 0.694983 0.100847 0.159109 0.328254
1 0.193097 0.790787 0.15478 0.161973 0.121594
1 0.179256 0.763316 0.0912435 0.102196 0.112328
1 0.177587 0.776309 0.130746 0.177505 0.0614974
1 0.18609 0.749953 0.0973826 0.123971 0.037825
1 0.416816 0.653854 0.131899 0.176146 0.0368415
1 0.165302 0.740179 0.125825 0.145841 0.031586
1 0.448562 0.707764 0.0776603 0.115726 0.0210465
1 0.148811 0.777328 0.127464 0.186823 0.0147186
1 0.143234 0.804156 0.122892 0.186919 0.0122826
1 0.175715 0.7851 0.100015 0.137583 0.0119645
1 0.838092 0.710364 0.122412 0.134565 0.00768615
1 0.436045 0.71692 0.0855006 0.111018 0.00626744
1 0.202804 0.715989 0.147776 0.12292 0.0046886
1 0.186178 0.741897 0.125647 0.139197 0.00405252
1 0.217447 0.700359 0.147219 0.125325 0.00307218
1 0.426398 0.706497 0.0911456 0.122427 0.00291197
1 0.436511 0.690899 0.0820175 0.123428 0.00257622
1 0.381752 0.654452 0.131515 0.16847 0.00256645
1 0.128714 0.778654 0.0766959 0.150347 0.00242117
1 0.428577 0.673651 0.0739914 0.113203 0.00223314
1 0.157913 0.794552 0.11 0.135732 0.00205904
1 0.165593 0.756563 0.103723 0.140048 0.0019408
1 0.216719 0.667114 0.123428 0.0838585 0.00143224
1 0.14112 0.764641 0.0867039 0.153105 0.00142932
5 0.424863 0.668981 0.0712302 0.107323 0.00139329
1 0.223948 0.677718 0.155838 0.113896 0.00134239
1 0.1901 0.856127 0.142703 0.0471153 0.00128506
1 0.144971 0.832265 0.134276 0.139373 0.00128308
4 0.852111 0.615116 0.129068 0.113953 0.00122085
5 0.178736 0.856895 0.115669 0.0487938 0.00121955
1 0.16767 0.718136 0.170801 0.170888 0.00116759
