1 0.745816 0.428328 0.142738 0.264623 0.454207
5 0.818445 0.451385 0.122125 0.215064 0.426774
5 0.783819 0.422062 0.18929 0.261804 0.211882
5 0.745455 0.452392 0.130154 0.216671 0.139762
5 0.793556 0.450929 0.160548 0.215437 0.110621
1 0.78058 0.409792 0.178112 0.257333 0.0859406
5 0.83717 0.5149 0.0775779 0.0813258 0.0806997
5 0.832582 0.503298 0.0866699 0.0983292 0.0275168
5 0.742344 0.445472 0.0922703 0.171748 0.0182088
5 0.835965 0.480399 0.0835574 0.112171 0.0178944
1 0.778592 0.428621 0.122722 0.164057 0.0151365
1 0.752167 0.374091 0.127348 0.188934 0.0150027
5 0.755454 0.464193 0.0882371 0.172761 0.00680557
5 0.818836 0.48453 0.123748 0.146585 0.00584634
1 0.795832 0.376944 0.120382 0.187402 0.00534893
1 0.802876 0.430219 0.083918 0.165687 0.00469933
5 0.762144 0.437333 0.107766 0.204955 0.00279596
5 0.756848 0.428011 0.147761 0.25399 0.00278219
5 0.8456 0.521501 0.0644856 0.0758217 0.002257
5 0.81895 0.444466 0.0963424 0.179228 0.00219238
5 0.770956 0.429369 0.128429 0.165229 0.00139835
5 0.791044 0.360172 0.105156 0.155455 0.00124729
1 0.78304 0.361372 0.117066 0.174811 0.00106397
