6 0.540101 0.709169 0.180369 0.287506 0.857147
6 0.156909 0.221943 0.20919 0.377047 0.0655849
1 0.597373 0.812986 0.216872 0.129512 0.0224375
5 0.599053 0.817459 0.218415 0.136571 0.00898367
6 0.59989 0.8214 0.220425 0.140034 0.0071127
6 0.211515 0.63399 0.17507 0.175803 0.0036251
4 0.436808 0.822558 0.0944246 0.0884949 0.00361328
6 0.617633 0.73063 0.100533 0.177784 0.00252358
5 0.566606 0.781198 0.191074 0.167585 0.00251748
10 0.389512 0.790013 0.180416 0.124953 0.00191747
6 0.600131 0.750746 0.101716 0.162298 0.00181053
1 0.302852 0.707859 0.303831 0.140843 0.00174981
6 0.564324 0.761335 0.190852 0.213067 0.00167109
4 0.386931 0.789844 0.169844 0.11373 0.00121416
6 0.593825 0.783529 0.126009 0.1122 0.00106032
6 0.60549 0.794444 0.163693 0.114538 0.00100594
