10 0.513346 0.51606 0.710888 0.300294 0.876718
10 0.680639 0.68689 0.522492 0.249323 0.860395
6 0.154484 0.752554 0.308967 0.306884 0.78639
5 0.305091 0.864756 0.391642 0.171748 0.764198
10 0.741248 0.70234 0.39863 0.250771 0.664601
5 0.335287 0.893549 0.381199 0.160206 0.272362
4 0.75408 0.732638 0.398721 0.203227 0.226498
5 0.42102 0.911252 0.583597 0.100877 0.207193
5 0.403582 0.916424 0.441754 0.0948453 0.178244
1 0.306778 0.855797 0.428498 0.140461 0.0968662
10 0.452006 0.910976 0.510912 0.0959631 0.0507743
5 0.367741 0.884043 0.521158 0.15296 0.0324572
5 0.366959 0.991576 0.519177 0.0168487 0.0249795
5 0.426171 0.989455 0.507326 0.0210897 0.0170855
4 0.766304 0.762997 0.354088 0.130982 0.0154753
1 0.321081 0.881145 0.425284 0.181664 0.00959018
10 0.311318 0.849172 0.419356 0.125869 0.0082411
10 0.502884 0.902393 0.443736 0.098262 0.00724968
10 0.65641 0.880136 0.513891 0.124762 0.00713472
5 0.476587 0.849412 0.374874 0.0729339 0.00652636
10 0.629775 0.857362 0.520051 0.166527 0.00639365
10 0.546637 0.983393 0.518571 0.0332142 0.00546318
10 0.651751 0.735725 0.532276 0.377983 0.00483743
5 0.484471 0.987083 0.532671 0.0258338 0.00483322
5 0.54854 0.847348 0.311137 0.0721449 0.00457782
6 0.609169 0.877232 0.420455 0.128351 0.00354066
10 0.558285 0.975107 0.531304 0.0497862 0.00314671
6 0.75913 0.714283 0.373336 0.247418 0.00302778
10 0.295073 0.885725 0.26821 0.0976176 0.00264324
10 0.593775 0.607067 0.670527 0.338321 0.00228613
5 0.437985 0.922754 0.564374 0.154491 0.00221057
5 0.368314 0.927774 0.482134 0.105541 0.00218619
10 0.659132 0.644487 0.402571 0.367298 0.00180891
10 0.764157 0.752653 0.364578 0.160298 0.00168005
4 0.784236 0.757823 0.402888 0.244552 0.0015583
10 0.47099 0.934232 0.50602 0.131536 0.00143363
5 0.33424 0.972805 0.428531 0.0543892 0.0014155
5 0.433213 0.869746 0.5834 0.17394 0.00106783
10 0.280716 0.990162 0.447076 0.0196759 0.00101385
