1 0.260324 0.533888 0.234697 0.225754 0.870516
6 0.63804 0.376709 0.302108 0.218674 0.851327
5 0.79934 0.168971 0.343988 0.106896 0.803141
1 0.437556 0.451301 0.388482 0.172536 0.649077
5 0.626573 0.168644 0.341566 0.0842917 0.486286
5 0.778681 0.220844 0.314104 0.161796 0.297692
1 0.492919 0.457935 0.26986 0.117508 0.024128
5 0.760847 0.2308 0.268589 0.12272 0.0220771
1 0.35691 0.68019 0.273668 0.106191 0.0171205
10 0.447668 0.528995 0.316824 0.0915403 0.0165504
1 0.451545 0.520976 0.312072 0.11324 0.0151911
5 0.440661 0.530118 0.298028 0.0981966 0.00981031
1 0.374742 0.466043 0.340646 0.194062 0.00850728
1 0.481563 0.483821 0.287795 0.151381 0.0083166
10 0.348746 0.672109 0.294202 0.12716 0.00638131
9 0.436349 0.458517 0.384451 0.212078 0.00461192
9 0.25939 0.525367 0.240059 0.247012 0.00421193
10 0.440363 0.531211 0.229925 0.053593 0.00339489
6 0.365352 0.685263 0.25669 0.0966572 0.00164929
1 0.451696 0.501457 0.343931 0.144968 0.00158616
10 0.447514 0.498904 0.345135 0.148828 0.00150662
2 0.328537 0.623668 0.380206 0.237138 0.00115473
2 0.341338 0.667246 0.324142 0.14052 0.00114622
1 0.384092 0.44282 0.315687 0.14646 0.00114072
10 0.481478 0.461893 0.206309 0.0857579 0.00111445
