1 0.489915 0.556165 0.338813 0.173723 0.708587
5 0.521584 0.590327 0.402058 0.235627 0.0736354
1 0.565938 0.564753 0.216122 0.125434 0.0649029
1 0.542682 0.554638 0.218519 0.0997833 0.0581301
5 0.637575 0.686979 0.221511 0.152172 0.0290609
1 0.519028 0.567463 0.234321 0.1293 0.0142238
1 0.461754 0.579436 0.32763 0.18407 0.00928437
5 0.577479 0.61281 0.460199 0.285916 0.00483601
5 0.529822 0.579643 0.343898 0.170701 0.00474124
1 0.403079 0.557474 0.240753 0.111282 0.00284968
1 0.439435 0.5348 0.273404 0.125004 0.00280432
5 0.609691 0.673547 0.264834 0.150557 0.00259448
1 0.438727 0.593479 0.262299 0.159831 0.002198
1 0.529852 0.570475 0.312636 0.152352 0.00217147
1 0.504119 0.598752 0.258428 0.159494 0.00214681
1 0.542308 0.588262 0.269048 0.123489 0.00213528
10 0.411331 0.577802 0.265616 0.134581 0.00201324
1 0.4814 0.575274 0.282889 0.138223 0.00171833
5 0.610704 0.670018 0.191553 0.0940083 0.00159602
10 0.43067 0.6355 0.42668 0.29889 0.00151963
5 0.453876 0.623233 0.413258 0.301068 0.0014785
1 0.375654 0.551666 0.203348 0.0871809 0.00102645
