1 0.370919 0.381498 0.31283 0.207301 0.316228
1 0.35425 0.527254 0.319319 0.299503 0.260282
5 0.663529 0.370545 0.172676 0.315364 0.149488
1 0.469885 0.288903 0.480842 0.326048 0.139414
5 0.498325 0.382049 0.521577 0.304639 0.128747
5 0.506816 0.363492 0.534268 0.183273 0.0901967
5 0.368526 0.552284 0.313769 0.260268 0.0855572
1 0.463513 0.257534 0.439131 0.216347 0.0808482
1 0.429857 0.380377 0.400206 0.196653 0.048082
1 0.526192 0.383777 0.519116 0.217039 0.0307655
1 0.488116 0.352749 0.509115 0.207249 0.0185408
1 0.610233 0.33777 0.239998 0.272698 0.0169812
1 0.41973 0.408768 0.32545 0.261074 0.0109369
5 0.637892 0.377483 0.248646 0.329567 0.00825052
1 0.579767 0.315375 0.273142 0.237382 0.0077051
1 0.350066 0.55742 0.274924 0.236985 0.00699341
1 0.502891 0.30858 0.471024 0.24643 0.00594318
1 0.409331 0.219611 0.296396 0.150612 0.00593877
1 0.347092 0.36797 0.260987 0.151477 0.00494934
1 0.612423 0.45163 0.434593 0.203464 0.00487515
1 0.638893 0.35681 0.209738 0.301547 0.00463378
1 0.599081 0.294325 0.234185 0.176722 0.0032719
1 0.451752 0.359408 0.381692 0.148398 0.00280524
1 0.413254 0.205805 0.285952 0.108773 0.00239313
1 0.612345 0.317435 0.12744 0.23202 0.00226992
1 0.569795 0.451469 0.406477 0.171228 0.00225144
1 0.567417 0.407584 0.456468 0.224221 0.00219815
1 0.424467 0.310742 0.418414 0.275718 0.00205748
1 0.322665 0.400226 0.238869 0.242518 0.00199973
1 0.316307 0.561684 0.19093 0.193346 0.00180065
1 0.321629 0.428698 0.203052 0.260097 0.00165491
1 0.59727 0.346988 0.171551 0.237977 0.00159213
1 0.395897 0.604465 0.418013 0.208208 0.0015097
1 0.437403 0.194178 0.251547 0.106833 0.00145904
1 0.647119 0.445274 0.306908 0.201209 0.00135611
5 0.459639 0.553158 0.532217 0.289859 0.0013324
5 0.614932 0.336728 0.110788 0.25242 0.0012752
1 0.406511 0.472033 0.281552 0.238494 0.00121483
1 0.414244 0.182482 0.286522 0.112783 0.00115726
