11 0.331024 0.665776 0.0976515 0.0798707 0.350432
11 0.312745 0.666219 0.126631 0.0843469 0.125549
11 0.404322 0.364614 0.150779 0.0359546 0.0188796
11 0.390464 0.372668 0.132854 0.0360255 0.0104641
11 0.422117 0.360753 0.150631 0.041505 0.00697468
11 0.43387 0.366926 0.17943 0.041155 0.00580982
11 0.366783 0.382005 0.15057 0.0240405 0.00358098
11 0.287158 0.670579 0.136993 0.0848196 0.00201841
11 0.375115 0.383501 0.131432 0.0400346 0.00190578
11 0.251373 0.613647 0.112841 0.0779677 0.00166341
10 0.208062 0.612561 0.0654786 0.0726094 0.00162624
11 0.464623 0.37543 0.153162 0.0551503 0.00143986
11 0.221546 0.612306 0.0789013 0.0761716 0.00128745
11 0.43355 0.383605 0.111641 0.0519147 0.00118707
11 0.242904 0.43511 0.138776 0.0398769 0.00114922
11 0.336427 0.388069 0.134448 0.0307334 0.00108575
11 0.487695 0.384092 0.128969 0.0596284 0.00106427
11 0.300016 0.390085 0.122875 0.0249063 0.00102614
11 0.395808 0.380028 0.131412 0.0466179 0.00101119
