3 0.150715 0.672318 0.098696 0.120461 0.266535
11 0.651061 0.445895 0.0683469 0.0363176 0.0036359
11 0.659214 0.449147 0.0612102 0.0370424 0.00323612
11 0.529284 0.358328 0.0822293 0.0423487 0.00310766
11 0.518016 0.360501 0.062887 0.0462662 0.00308411
11 0.547556 0.659795 0.0386088 0.0568128 0.00264034
11 0.659909 0.581275 0.0598348 0.0479668 0.00260007
11 0.650906 0.452899 0.0737362 0.0397406 0.00242426
11 0.65077 0.575244 0.0429325 0.0414406 0.00198435
11 0.510456 0.3638 0.0537141 0.0463248 0.00175831
11 0.676694 0.434281 0.0713392 0.0462606 0.00159836
11 0.651218 0.569946 0.048395 0.0362583 0.00153608
11 0.633343 0.440996 0.0664244 0.0398303 0.00140054
11 0.674649 0.445486 0.0544873 0.0402959 0.00137748
11 0.702913 0.362981 0.0347066 0.0859259 0.00134002
11 0.558729 0.457084 0.0738101 0.0401573 0.00133791
11 0.574523 0.480626 0.0635343 0.027102 0.001301
11 0.544552 0.665779 0.0338323 0.0473427 0.00128044
11 0.659399 0.433656 0.0770834 0.0436104 0.00119934
11 0.651065 0.652324 0.0359484 0.0475186 0.00117154
11 0.554462 0.659021 0.0403821 0.0505504 0.00113449
11 0.553478 0.669304 0.04983 0.0396963 0.00109524
11 0.579909 0.447834 0.0764 0.0371681 0.00105059
11 0.615233 0.438039 0.076651 0.0459141 0.00104341
