0 0.471365 0.469685 0.308368 0.263728 0.914891
9 0.356162 0.607912 0.398753 0.176529 0.817767
9 0.599488 0.648038 0.290789 0.244149 0.0290334
9 0.541952 0.637049 0.369738 0.234216 0.00517267
9 0.328731 0.265934 0.233012 0.2709 0.00479768
9 0.6453 0.653679 0.231878 0.259698 0.00358544
9 0.301957 0.321075 0.235805 0.276276 0.0025476
9 0.612917 0.698095 0.252842 0.254866 0.00246167
9 0.348751 0.506984 0.389079 0.326707 0.00227665
9 0.468462 0.614808 0.378189 0.210781 0.00201334
9 0.340421 0.32908 0.252278 0.299444 0.00191786
9 0.67957 0.641469 0.203719 0.24813 0.00189981
9 0.296463 0.401695 0.266561 0.189223 0.00158599
9 0.305259 0.429732 0.311387 0.215196 0.00140643
9 0.395076 0.31433 0.282878 0.345327 0.0013821
9 0.449439 0.267233 0.240022 0.210122 0.00122973
