3 0.352223 0.731523 0.374687 0.0978718 0.814789
3 0.445808 0.792902 0.455278 0.0596634 0.0112921
11 0.467725 0.389554 0.0831383 0.0614879 0.0048238
11 0.462034 0.39781 0.0884132 0.0733857 0.00434954
11 0.457111 0.382817 0.0769865 0.0567031 0.00306447
11 0.414449 0.371907 0.0753907 0.047098 0.00229715
11 0.450281 0.402888 0.0821136 0.0685791 0.00211944
11 0.455293 0.372958 0.0804414 0.0526722 0.00200623
11 0.422177 0.379297 0.0686958 0.0525599 0.00180592
11 0.392089 0.369099 0.0900161 0.0426514 0.00168596
11 0.480352 0.387906 0.115256 0.0759456 0.00154131
11 0.437906 0.400322 0.0833903 0.0658058 0.0013692
11 0.415387 0.392421 0.0968133 0.0644407 0.00125467
11 0.401842 0.374802 0.0833847 0.0515653 0.00117656
11 0.485509 0.373783 0.0842232 0.0602128 0.0010034
