3 0.36174 0.674898 0.0448583 0.12781 0.402592
3 0.405321 0.717534 0.0571877 0.203587 0.107758
3 0.977258 0.666101 0.0454832 0.12643 0.00537865
11 0.211764 0.379968 0.0323086 0.0754597 0.00363365
3 0.685752 0.496366 0.0194954 0.0794869 0.00220059
10 0.832367 0.423454 0.0162727 0.0817277 0.00212287
11 0.831119 0.421413 0.0179163 0.0818284 0.00191276
11 0.133476 0.465815 0.0534517 0.0271839 0.00179789
3 0.394187 0.711297 0.0758768 0.193013 0.00174144
11 0.20369 0.374134 0.0371357 0.0686275 0.00145759
11 0.132633 0.451516 0.0534273 0.0332972 0.00119081
