9 0.524454 0.700347 0.322585 0.222311 0.881634
0 0.605454 0.804016 0.646805 0.104648 0.688449
0 0.516519 0.779821 0.660147 0.193044 0.299007
0 0.477433 0.810332 0.643614 0.128696 0.0394199
9 0.826403 0.632739 0.286546 0.193876 0.00636411
9 0.813392 0.664379 0.288605 0.223327 0.00369548
9 0.889814 0.699751 0.215905 0.268009 0.00344415
0 0.563865 0.80085 0.765799 0.246582 0.00335489
9 0.840101 0.688191 0.278393 0.256182 0.00310909
9 0.947868 0.693353 0.104265 0.255103 0.00283666
7 0.532515 0.716798 0.335395 0.100939 0.00264599
9 0.858315 0.733382 0.260451 0.327604 0.00190895
9 0.903371 0.660568 0.187844 0.198301 0.0017486
9 0.795026 0.735482 0.292548 0.280563 0.00128918
9 0.939592 0.728483 0.120816 0.325987 0.00117556
7 0.521633 0.707293 0.312268 0.0704641 0.00109915
9 0.974417 0.677813 0.0511656 0.28382 0.00103259
