9 0.241117 0.395581 0.267854 0.527353 0.844477
7 0.162473 0.488454 0.0464218 0.259641 0.120963
7 0.169336 0.465578 0.0622395 0.314138 0.043743
7 0.17392 0.483017 0.0744074 0.224995 0.0212109
7 0.156549 0.448242 0.0594279 0.268692 0.0145785
7 0.256362 0.223007 0.0827157 0.045833 0.00868947
7 0.232007 0.599262 0.111162 0.13135 0.00667338
7 0.24665 0.577081 0.09165 0.0848241 0.00561864
6 0.182716 0.340031 0.135529 0.247665 0.00559389
7 0.232344 0.577102 0.092592 0.0992251 0.00494423
0 0.153858 0.388256 0.0913584 0.347427 0.00388763
7 0.273855 0.228006 0.0846146 0.0733538 0.0034665
7 0.266689 0.209579 0.105438 0.0873885 0.00341373
6 0.175948 0.445571 0.0883158 0.341147 0.0027256
0 0.183083 0.441164 0.0749397 0.354109 0.00215353
6 0.173875 0.321045 0.115808 0.16756 0.00214301
6 0.182809 0.389252 0.101711 0.360257 0.00190005
7 0.275442 0.211272 0.109565 0.12301 0.00186874
7 0.292403 0.303144 0.163935 0.0622668 0.00173648
7 0.150857 0.409161 0.0836239 0.318415 0.00158905
0 0.219285 0.366681 0.0932289 0.364456 0.00139871
0 0.16564 0.445652 0.103004 0.307613 0.00138248
7 0.225075 0.584343 0.0908717 0.136459 0.00123742
6 0.170675 0.363043 0.103381 0.336751 0.00123591
6 0.198829 0.451476 0.0868206 0.355045 0.00115096
11 0.213965 0.196484 0.110152 0.0706262 0.00111997
7 0.286948 0.440061 0.108359 0.0241507 0.00107603
7 0.268494 0.440003 0.152196 0.025336 0.00105468
7 0.168036 0.512908 0.0479294 0.266062 0.00100901
