3 0.283082 0.490506 0.0840734 0.121282 0.807652
11 0.769986 0.544653 0.0771891 0.0418969 0.0159162
10 0.72863 0.736445 0.0462801 0.107991 0.01293
11 0.841027 0.616047 0.0710554 0.0696089 0.00680699
11 0.73675 0.34875 0.0591303 0.0632165 0.00337891
11 0.652863 0.446502 0.0884489 0.0541471 0.00325925
11 0.763895 0.490424 0.0526367 0.0756638 0.00216536
11 0.767069 0.522942 0.0637768 0.0801126 0.00215197
11 0.656071 0.433258 0.0825071 0.0282925 0.00175636
11 0.760389 0.408643 0.068866 0.0275362 0.00171395
11 0.765962 0.415381 0.0865837 0.0356638 0.00146775
11 0.667936 0.430685 0.0578364 0.0266123 0.00128846
11 0.742592 0.42039 0.0720199 0.0321406 0.00125067
11 0.750233 0.347834 0.0723793 0.0554197 0.00124457
11 0.643338 0.45192 0.0687687 0.0425007 0.00119276
11 0.781549 0.419863 0.0920158 0.0380042 0.00110071
11 0.671992 0.31918 0.0708688 0.0257378 0.001047
11 0.673515 0.326597 0.0706764 0.0371297 0.00103448
11 0.662475 0.433675 0.0690832 0.0368256 0.00102794
11 0.658868 0.439509 0.0800546 0.0464547 0.00101616
