11 0.704131 0.30992 0.123414 0.0218119 0.0321564
11 0.692372 0.312945 0.138318 0.0226955 0.0148433
10 0.505609 0.314518 0.183948 0.023857 0.00997718
11 0.676805 0.316922 0.142628 0.0229055 0.00904874
11 0.717242 0.31426 0.119859 0.0188453 0.00846206
11 0.588569 0.408351 0.175445 0.031694 0.00820053
11 0.612781 0.404313 0.176328 0.0234471 0.00752016
11 0.587099 0.403842 0.171768 0.0215201 0.00722543
11 0.528559 0.309544 0.161614 0.0199672 0.00656002
11 0.70605 0.303687 0.121399 0.0327303 0.00593584
11 0.512719 0.316911 0.181145 0.0228973 0.00468192
11 0.568596 0.410916 0.193957 0.0273698 0.00382305
11 0.467048 0.29427 0.153996 0.0188413 0.0038076
11 0.587049 0.400283 0.176017 0.017612 0.00359865
11 0.645976 0.321354 0.157765 0.023441 0.00352938
11 0.3703 0.290552 0.152158 0.0231245 0.00327414
11 0.490738 0.311254 0.185146 0.0260068 0.00306058
11 0.596761 0.360921 0.171546 0.0287616 0.00297061
11 0.672766 0.30321 0.121319 0.0360866 0.0028071
11 0.635878 0.308049 0.156212 0.0288607 0.00274374
11 0.465382 0.306316 0.189119 0.0311288 0.00270429
11 0.468594 0.313138 0.181717 0.0269347 0.00252789
11 0.559143 0.408603 0.19665 0.0205726 0.00237226
11 0.611429 0.298977 0.164374 0.0334432 0.00220141
11 0.494675 0.297889 0.176322 0.0193525 0.00210363
11 0.463151 0.286097 0.145002 0.0192504 0.00200225
11 0.521392 0.298788 0.174894 0.0196034 0.00198768
11 0.630348 0.328267 0.143644 0.0238718 0.00195534
11 0.566602 0.306754 0.150892 0.0250524 0.00195064
11 0.648695 0.325393 0.141225 0.0292735 0.00190125
11 0.362753 0.287237 0.137396 0.0223551 0.00180441
11 0.584127 0.296916 0.154821 0.0287346 0.00177825
11 0.559791 0.297952 0.162604 0.0220374 0.00177499
11 0.489929 0.286503 0.171364 0.0236192 0.0016553
11 0.580301 0.320233 0.142936 0.023152 0.00157774
11 0.769635 0.31852 0.126749 0.018187 0.00146583
11 0.416108 0.300303 0.172525 0.0363994 0.00135951
11 0.738566 0.311857 0.139505 0.0203344 0.00126807
11 0.608265 0.328975 0.139633 0.0211159 0.00122223
11 0.52055 0.287108 0.186769 0.026903 0.00117157
11 0.609683 0.2927 0.169284 0.0329803 0.00107817
11 0.688417 0.298313 0.135515 0.0431139 0.00101667
11 0.622357 0.40093 0.176394 0.0214675 0.00100779
11 0.533629 0.326082 0.161503 0.0223612 0.00100757
11 0.507066 0.321592 0.18181 0.0270939 0.00100355
