3 0.452932 0.546826 0.04807 0.122752 0.117918
3 0.76045 0.577487 0.0613447 0.123938 0.0549641
3 0.801389 0.587191 0.0406196 0.105416 0.0087174
3 0.0558674 0.484991 0.0560741 0.100788 0.00647297
3 0.780536 0.578989 0.0841032 0.138171 0.00545754
11 0.437745 0.539412 0.0499567 0.101352 0.00294703
11 0.338019 0.495577 0.0364295 0.0311021 0.00251464
11 0.240304 0.577727 0.0236371 0.0902414 0.00197291
3 0.445549 0.543611 0.0505684 0.11466 0.00185328
11 0.338027 0.505328 0.0390334 0.0317689 0.00179157
11 0.331091 0.400687 0.0242766 0.043627 0.00167788
11 0.338031 0.399184 0.0271397 0.0434444 0.0014838
11 0.26402 0.408546 0.0388843 0.0443241 0.00144859
11 0.327902 0.49296 0.035043 0.0294594 0.00137196
11 0.343744 0.503204 0.0504137 0.0359089 0.0013412
11 0.346775 0.494788 0.050475 0.032337 0.00131686
11 0.320358 0.39798 0.0296274 0.0387615 0.00128151
11 0.268241 0.405669 0.0376812 0.0382167 0.00123156
11 0.330692 0.414937 0.0227979 0.0444652 0.00114406
11 0.356671 0.492881 0.0548456 0.0341425 0.0011109
11 0.352944 0.500973 0.0560217 0.0445511 0.00103431
