7 0.560964 0.716067 0.0433426 0.0522607 0.312131
7 0.553494 0.717652 0.0669039 0.0489227 0.196197
7 0.587603 0.498692 0.0482273 0.0433731 0.135715
7 0.813513 0.68009 0.0694162 0.0615465 0.12208
7 0.546455 0.719786 0.0530249 0.0429635 0.112062
7 0.810977 0.376701 0.0580357 0.0791441 0.0540369
7 0.81717 0.370443 0.0540522 0.0649619 0.022231
7 0.803482 0.375591 0.0381508 0.0780267 0.00782829
11 0.811709 0.679907 0.0718147 0.0618448 0.00661041
11 0.861684 0.474348 0.137393 0.169411 0.00595198
7 0.534755 0.721287 0.0418379 0.0437851 0.00470744
7 0.44962 0.687061 0.0631184 0.0562334 0.00461342
7 0.352109 0.554744 0.0307493 0.0602903 0.00421453
11 0.860801 0.484075 0.119863 0.11948 0.00419682
7 0.542581 0.699082 0.0448759 0.0768948 0.00403122
11 0.351611 0.555567 0.0274577 0.05842 0.00301015
7 0.706431 0.719678 0.031289 0.0602485 0.00237448
11 0.818383 0.542291 0.111123 0.152203 0.00232067
7 0.702619 0.72482 0.0369992 0.0647686 0.00210413
7 0.588096 0.492193 0.0500877 0.0635203 0.00198237
7 0.7255 0.712422 0.0636877 0.054744 0.00196232
7 0.408679 0.583919 0.0408015 0.0472783 0.00169309
7 0.693145 0.731349 0.0554186 0.0563256 0.00161595
7 0.728757 0.705058 0.0574484 0.0554729 0.00136692
7 0.412865 0.547395 0.0591848 0.0655353 0.00111465
7 0.833116 0.509107 0.0690434 0.0627711 0.00105986
7 0.410345 0.562139 0.050496 0.0871454 0.0010477
7 0.53585 0.673487 0.037484 0.083862 0.00102523
