9 0.574327 0.471881 0.295412 0.245384 0.904856
7 0.371966 0.551778 0.160599 0.0385573 0.275236
6 0.527534 0.566183 0.346649 0.0712303 0.248827
6 0.558815 0.572198 0.289047 0.0659555 0.111914
6 0.50804 0.557097 0.400929 0.0893216 0.0696302
6 0.5623 0.555471 0.281946 0.0889001 0.00980862
6 0.520056 0.516778 0.394219 0.157955 0.00711508
7 0.41061 0.551268 0.250677 0.0386183 0.00647712
7 0.369902 0.544745 0.161887 0.0595884 0.0059009
7 0.356903 0.554641 0.13298 0.0275535 0.00376783
7 0.571682 0.564276 0.246094 0.0527408 0.00241128
6 0.500582 0.572016 0.427083 0.0947178 0.00167507
7 0.338052 0.554143 0.0948598 0.0253636 0.00165084
6 0.512823 0.52648 0.440622 0.113555 0.00110488
0 0.565249 0.527445 0.281981 0.141696 0.00101864
