9 0.331417 0.301875 0.471513 0.37165 0.8772
7 0.588761 0.111861 0.193839 0.0330606 0.689483
6 0.308061 0.348069 0.197515 0.161646 0.0330065
6 0.314718 0.360766 0.159825 0.150259 0.0202083
6 0.285045 0.361571 0.238356 0.162141 0.0145763
6 0.320849 0.322931 0.187165 0.18746 0.0110212
6 0.341293 0.28569 0.221368 0.222843 0.00413804
6 0.401169 0.259402 0.222333 0.20582 0.00392674
6 0.423349 0.282089 0.222703 0.118086 0.00368425
6 0.319715 0.328439 0.30051 0.181729 0.00342735
7 0.221815 0.321875 0.175014 0.0437055 0.00228868
6 0.364529 0.266397 0.211327 0.287458 0.00208822
6 0.410634 0.268736 0.177815 0.164677 0.00161155
6 0.345621 0.300492 0.300528 0.19248 0.00125091
7 0.216959 0.327247 0.208433 0.0628874 0.00116387
6 0.356341 0.268015 0.127702 0.247359 0.00107325
