3 0.811196 0.673863 0.188326 0.18731 0.826274
11 0.712908 0.597258 0.088086 0.0555927 0.00745227
11 0.548781 0.529741 0.125772 0.0301576 0.00344782
11 0.571813 0.535704 0.114841 0.0303897 0.00250975
11 0.558457 0.533246 0.126617 0.0313473 0.00247527
11 0.455445 0.594298 0.043964 0.0861704 0.0024286
11 0.703503 0.589737 0.101116 0.0470865 0.00234679
11 0.553088 0.52252 0.114923 0.0319631 0.00227078
11 0.523329 0.532197 0.137101 0.0240749 0.00209915
11 0.48811 0.551935 0.0942665 0.0517322 0.00171319
11 0.714255 0.607355 0.0794368 0.0600571 0.00163384
11 0.592804 0.541746 0.106503 0.0277514 0.0016236
11 0.608838 0.535299 0.0803 0.0299185 0.00139658
11 0.506065 0.537921 0.120587 0.0300082 0.00138507
11 0.585963 0.521186 0.0658589 0.0288497 0.0013457
11 0.460513 0.608064 0.0496727 0.0703268 0.00127194
11 0.460638 0.584093 0.0479576 0.0767128 0.00121294
