9 0.292474 0.584919 0.341839 0.271405 0.880929
0 0.469456 0.538235 0.420251 0.391067 0.843664
11 0.348867 0.651515 0.127759 0.145105 0.0472574
11 0.357961 0.667903 0.141141 0.128901 0.00592396
11 0.372845 0.652681 0.175597 0.163857 0.00579955
11 0.353673 0.62758 0.150207 0.187934 0.00342536
11 0.326302 0.626345 0.160961 0.180112 0.00337486
11 0.379581 0.623754 0.189979 0.20941 0.00136089
11 0.594173 0.391527 0.158278 0.0925123 0.00132648
11 0.600816 0.376042 0.155919 0.0635695 0.00112309
11 0.58502 0.404887 0.164809 0.115618 0.00109086
