2 0.425424 0.457556 0.550995 0.27674 0.525385
2 0.217408 0.482445 0.126933 0.220484 0.0870861
2 0.374966 0.481926 0.445666 0.220768 0.0454828
2 0.410244 0.405536 0.513747 0.35498 0.0063357
2 0.193783 0.4828 0.0779314 0.218626 0.00631065
10 0.176661 0.483209 0.0437621 0.2247 0.00253786
2 0.103539 0.483887 0.190551 0.219677 0.00190424
2 0.358775 0.344152 0.414141 0.192145 0.00166978
1 0.253931 0.432233 0.0454142 0.371835 0.00164435
7 0.644603 0.292263 0.0985424 0.0789064 0.00119208
4 0.257354 0.428625 0.0415073 0.365791 0.00101968
5 0.176779 0.482613 0.0429806 0.221424 0.00101909
