3 0.128705 0.367854 0.0533203 0.316825 0.632967
10 0.130002 0.368484 0.0540217 0.326213 0.0827865
11 0.323297 0.29025 0.0992706 0.0439664 0.0373071
11 0.602792 0.456611 0.126617 0.078645 0.017456
11 0.319827 0.282728 0.0908307 0.061786 0.00465457
11 0.580828 0.450338 0.153276 0.0903751 0.00389622
11 0.322215 0.268084 0.0960703 0.0879572 0.00273248
11 0.641269 0.706327 0.0779369 0.13303 0.00232795
11 0.323788 0.298856 0.0966314 0.0459679 0.00131142
11 0.319456 0.255752 0.0853983 0.116343 0.00123487
11 0.377135 0.493196 0.109618 0.0328145 0.00117718
11 0.649791 0.698086 0.0583099 0.12274 0.00108685
