2 0.653231 0.457131 0.454821 0.515773 0.704069
5 0.489829 0.512702 0.188086 0.375396 0.540054
5 0.457387 0.500171 0.255657 0.399537 0.173138
2 0.678921 0.491913 0.34282 0.476528 0.130807
2 0.605603 0.545281 0.528313 0.369103 0.0581181
1 0.514516 0.494299 0.276445 0.298631 0.045585
1 0.461162 0.477458 0.254589 0.264718 0.0179564
5 0.467104 0.493057 0.255291 0.291386 0.0109967
1 0.549712 0.474763 0.311248 0.307016 0.0090298
5 0.460019 0.525594 0.203837 0.342354 0.00615666
5 0.687966 0.531092 0.318548 0.393892 0.00434702
7 0.656207 0.498982 0.21567 0.287541 0.00315484
2 0.468009 0.468521 0.304671 0.502579 0.00220091
5 0.505622 0.552444 0.15622 0.287369 0.00212224
1 0.596668 0.438481 0.332492 0.27577 0.00203796
5 0.46989 0.470114 0.309448 0.482849 0.00199094
7 0.613149 0.458302 0.302791 0.258572 0.00165866
5 0.621265 0.434977 0.278699 0.262697 0.00163958
5 0.453354 0.455359 0.255384 0.212772 0.00152889
1 0.55122 0.514067 0.365929 0.327017 0.00139758
2 0.596592 0.492064 0.58034 0.501962 0.00124634
