10 0.414271 0.695741 0.144608 0.0903223 0.0414511
11 0.413663 0.696212 0.137975 0.08503 0.0099342
3 0.413312 0.697212 0.139193 0.0843525 0.00741038
3 0.282422 0.483788 0.127299 0.094035 0.00687903
3 0.651682 0.781149 0.0680306 0.114396 0.00251709
3 0.840666 0.835376 0.0993965 0.0233139 0.00209919
11 0.317409 0.336752 0.133266 0.0235344 0.00157675
11 0.844137 0.642744 0.0986754 0.0523033 0.00157627
11 0.853953 0.633399 0.0828085 0.0445984 0.00145641
11 0.477992 0.684302 0.0479782 0.0705761 0.0014229
11 0.73528 0.608774 0.0938516 0.0385969 0.0012532
10 0.236183 0.373203 0.181983 0.0159921 0.00124462
11 0.867893 0.647347 0.0891064 0.0539875 0.00122294
11 0.815817 0.644026 0.103813 0.0623468 0.00115501
11 0.811849 0.628924 0.0739002 0.0552765 0.0010769
11 0.853305 0.6252 0.0740343 0.0459085 0.0010504
11 0.807886 0.619349 0.067143 0.0582592 0.00103782
