11 0.536058 0.302591 0.154081 0.0791214 0.0583669
11 0.3472 0.435023 0.0858457 0.119379 0.0035778
11 0.661493 0.497432 0.105212 0.0438798 0.00252439
11 0.399778 0.598489 0.100194 0.142247 0.00252256
11 0.674556 0.244389 0.111271 0.0970143 0.00240092
11 0.400329 0.618419 0.104964 0.106565 0.00234518
11 0.44334 0.380792 0.170499 0.116811 0.00192353
11 0.659775 0.236297 0.0794004 0.111589 0.00155315
11 0.344987 0.37301 0.0983887 0.0963713 0.0011778
11 0.609433 0.393634 0.10302 0.0570447 0.00104786
