3 0.261757 0.629807 0.105825 0.037663 0.384844
3 0.71409 0.600653 0.113533 0.0971535 0.104829
11 0.579999 0.591086 0.0481588 0.0586176 0.00387507
3 0.261494 0.620889 0.0969019 0.0545953 0.00272916
11 0.573821 0.595787 0.0420578 0.0644517 0.00269097
11 0.137361 0.431531 0.0638356 0.0216389 0.00250906
10 0.261637 0.754827 0.10632 0.0421134 0.00215078
3 0.319501 0.62909 0.122368 0.0525829 0.00194647
11 0.322634 0.533633 0.0934986 0.029584 0.00173423
11 0.594734 0.588068 0.046925 0.0545592 0.00151294
11 0.32795 0.575813 0.0732882 0.0335709 0.00131719
11 0.445395 0.612147 0.035272 0.0501328 0.00131539
11 0.581009 0.583816 0.0579361 0.0465965 0.00129485
11 0.333408 0.503452 0.0885548 0.0293513 0.00129126
11 0.324236 0.588101 0.0766105 0.0316206 0.00125789
11 0.143361 0.433139 0.0515624 0.0269084 0.00121123
11 0.131032 0.42877 0.0716321 0.0252219 0.00118813
11 0.333156 0.528325 0.0992691 0.0190602 0.00117415
11 0.435777 0.6108 0.0339397 0.0451067 0.00111148
10 0.724394 0.60586 0.085812 0.0856741 0.00106868
11 0.561946 0.590908 0.045746 0.0570238 0.00106545
11 0.326328 0.548894 0.0881413 0.0518686 0.00104587
