10 0.262768 0.299123 0.34069 0.195243 0.889411
10 0.591888 0.526051 0.816224 0.386428 0.871984
4 0.539727 0.549136 0.40391 0.422602 0.45348
4 0.485808 0.518426 0.626107 0.344903 0.0835225
4 0.556305 0.516799 0.26907 0.443995 0.0204065
8 0.542209 0.531043 0.299155 0.474773 0.0151364
3 0.690434 0.451678 0.375029 0.270553 0.00913788
3 0.725811 0.477308 0.400847 0.235013 0.00663435
8 0.675023 0.462696 0.38356 0.253154 0.00603083
8 0.465181 0.445956 0.463145 0.308316 0.00597081
8 0.518935 0.464727 0.345046 0.338241 0.005142
8 0.647313 0.497486 0.383533 0.277987 0.0015812
4 0.59609 0.500387 0.198663 0.408204 0.00147252
8 0.588528 0.526566 0.212352 0.463821 0.00132758
8 0.47817 0.397758 0.57152 0.220313 0.00115223
