8 0.594522 0.531422 0.388332 0.337212 0.869969
11 0.811322 0.503225 0.169264 0.131708 0.617375
3 0.750903 0.480657 0.306284 0.271448 0.168567
3 0.675425 0.499555 0.229767 0.261667 0.0144716
11 0.639347 0.479648 0.129363 0.0918045 0.0136446
11 0.634947 0.467501 0.118749 0.128989 0.00919115
3 0.683157 0.508658 0.200913 0.208349 0.0041537
11 0.610844 0.481176 0.16817 0.0963578 0.003912
3 0.702621 0.496086 0.319237 0.281131 0.00201912
11 0.618755 0.491051 0.24278 0.109801 0.00170282
11 0.666414 0.479934 0.18161 0.100869 0.0016697
11 0.617647 0.459736 0.154483 0.154292 0.00116988
