3 0.577932 0.564425 0.0483801 0.118949 0.0463917
11 0.918104 0.49 0.0283764 0.0907281 0.0104952
11 0.916736 0.467984 0.0265121 0.0510172 0.00534414
11 0.941377 0.632237 0.0302601 0.0661757 0.00509132
11 0.92325 0.510817 0.0356173 0.111898 0.00408592
11 0.921047 0.516497 0.0321472 0.0605973 0.0039783
11 0.932836 0.544635 0.0457916 0.0549038 0.00342204
11 0.937814 0.539028 0.0455427 0.0721499 0.00316525
11 0.935405 0.622671 0.0317236 0.0682917 0.0028461
11 0.939692 0.530358 0.038074 0.0796866 0.00253874
11 0.934639 0.527361 0.0391854 0.0692835 0.00251743
3 0.618743 0.730989 0.0446532 0.164092 0.00239937
11 0.935601 0.639762 0.0312658 0.0635718 0.00231767
11 0.918662 0.540679 0.0376648 0.0341329 0.00202312
11 0.916117 0.525914 0.0336128 0.0442402 0.00175974
11 0.00764284 0.406131 0.014871 0.0846362 0.00166766
11 0.00802709 0.439535 0.0160542 0.0608673 0.00161124
11 0.917138 0.675279 0.0206894 0.0639279 0.00159182
11 0.918862 0.476737 0.0310021 0.0652308 0.00153624
11 0.917778 0.664155 0.0197121 0.0689305 0.00145249
11 0.55089 0.451589 0.0364021 0.0726361 0.00133123
11 0.920583 0.65388 0.0244524 0.0783926 0.00124605
11 0.00808706 0.419237 0.0155947 0.0841812 0.00122039
11 0.926548 0.649489 0.0270252 0.0662321 0.00119631
11 0.903783 0.603213 0.0290992 0.0562362 0.00112654
11 0.554193 0.467741 0.0271893 0.0645485 0.00108743
11 0.553546 0.479485 0.0280825 0.0662886 0.00105361
