10 0.218898 0.487321 0.0242249 0.08194 0.0470937
11 0.230305 0.594667 0.0513894 0.0528249 0.0133534
11 0.221272 0.592138 0.0571698 0.0517498 0.00867723
3 0.826755 0.509946 0.0852819 0.0952121 0.00824382
11 0.0308646 0.510522 0.0212301 0.0588451 0.00802782
11 0.240916 0.597819 0.045253 0.0562233 0.00777188
11 0.231924 0.583022 0.0457766 0.0571112 0.00760819
11 0.216491 0.499912 0.0325062 0.0512977 0.00748735
11 0.344277 0.583807 0.0545722 0.0788982 0.00743965
11 0.21878 0.49216 0.0285893 0.0652095 0.00640357
11 0.237988 0.5907 0.044161 0.0526978 0.00635436
11 0.241211 0.580772 0.0418457 0.0570229 0.00580916
11 0.132224 0.537424 0.0723864 0.0514786 0.00545257
11 0.21317 0.59464 0.0564257 0.0520037 0.00543105
11 0.336032 0.576946 0.0581178 0.0698796 0.00427434
11 0.210242 0.585526 0.0623292 0.0609989 0.00413989
11 0.218872 0.513626 0.0414619 0.0484654 0.00376902
11 0.183542 0.590623 0.0625469 0.041353 0.0036273
11 0.246279 0.590381 0.0528458 0.0542342 0.00362019
11 0.219906 0.555414 0.0546163 0.0832457 0.00353386
11 0.0384097 0.51116 0.0283518 0.0597506 0.00332963
11 0.237549 0.611239 0.0487736 0.0769102 0.00324687
11 0.24845 0.575778 0.046919 0.0583375 0.00314354
11 0.339624 0.593327 0.0587463 0.0615304 0.00308363
11 0.24773 0.621535 0.0444908 0.0841776 0.00294006
11 0.121262 0.548789 0.0663747 0.0541905 0.00290992
11 0.279257 0.516474 0.0466765 0.04129 0.0028677
11 0.140185 0.538389 0.0600622 0.0456662 0.00284034
11 0.0404913 0.503108 0.0294838 0.0758071 0.00279108
11 0.24994 0.606441 0.0551841 0.0643872 0.00274224
11 0.200651 0.509757 0.0577558 0.0352632 0.00261998
11 0.168574 0.592524 0.0627215 0.0369543 0.00260327
11 0.129712 0.556803 0.0697635 0.0665054 0.00254174
11 0.044427 0.514129 0.0304726 0.0590708 0.00253914
11 0.205919 0.557824 0.0637942 0.084521 0.00248946
11 0.207174 0.518529 0.0547736 0.0452216 0.00246984
11 0.23218 0.56004 0.050255 0.0719522 0.00244004
11 0.271599 0.526768 0.0527803 0.0314951 0.00221213
11 0.275442 0.641259 0.058547 0.0843265 0.00219688
11 0.197234 0.590552 0.0622596 0.0473277 0.00209605
11 0.262696 0.62866 0.0621291 0.0828603 0.0020346
11 0.107666 0.470753 0.0491973 0.0289719 0.00199819
11 0.246518 0.560177 0.0460745 0.0658696 0.00195938
11 0.323836 0.548777 0.0433159 0.0359781 0.0019429
11 0.294222 0.645751 0.0308451 0.077659 0.00190173
11 0.184262 0.580216 0.062451 0.0540931 0.00189565
11 0.227313 0.522165 0.0478715 0.0351884 0.00186734
11 0.252905 0.660208 0.041299 0.0588416 0.00185886
11 0.250922 0.673022 0.0453908 0.0478453 0.00180854
11 0.124713 0.531432 0.0602788 0.0571877 0.00179445
11 0.261326 0.614309 0.0613667 0.0723349 0.00174709
11 0.273954 0.653305 0.0638017 0.0751271 0.0017161
11 0.156518 0.594963 0.0507068 0.0352087 0.00169369
11 0.261011 0.654271 0.0576326 0.0708035 0.00169249
11 0.291447 0.635078 0.0330548 0.0764005 0.00168974
11 0.0561545 0.501465 0.0188525 0.0759742 0.00165366
11 0.181334 0.597689 0.0679821 0.0474184 0.00162668
11 0.192756 0.559373 0.0624377 0.077726 0.00160258
11 0.101784 0.468205 0.0467429 0.035197 0.00160145
11 0.22755 0.74848 0.0589525 0.0586722 0.00157431
11 0.278622 0.524531 0.0525002 0.033775 0.00156563
11 0.139682 0.559259 0.0676425 0.064253 0.00153207
11 0.239979 0.638629 0.042113 0.0779083 0.001516
11 0.112719 0.810228 0.0404517 0.12652 0.00149572
11 0.152521 0.570844 0.05951 0.0548567 0.00147648
11 0.295573 0.65682 0.0333077 0.0714434 0.00147204
11 0.2221 0.606271 0.0577486 0.0761327 0.00147114
11 0.25743 0.597274 0.0579124 0.0627383 0.00146486
11 0.248664 0.642723 0.0377936 0.0787311 0.00146475
11 0.25762 0.531484 0.0533227 0.0283995 0.00137061
11 0.284403 0.527769 0.0592607 0.0334316 0.00134543
11 0.158264 0.547403 0.0657989 0.0469281 0.00133657
11 0.256275 0.572456 0.053757 0.0653603 0.00129751
11 0.0971052 0.457775 0.0404892 0.0307292 0.00127617
11 0.244053 0.530364 0.0490754 0.0321738 0.00125219
11 0.167484 0.600403 0.0625349 0.0427767 0.00125075
11 0.27723 0.619483 0.0485591 0.0718456 0.00124308
11 0.168957 0.578481 0.066216 0.0512648 0.00123967
11 0.0547768 0.511743 0.0205823 0.0639027 0.00121904
11 0.110034 0.563078 0.0626557 0.0573773 0.00120366
11 0.339502 0.560318 0.0601754 0.0573161 0.00116168
11 0.18886 0.512838 0.0519074 0.0361978 0.00115676
11 0.179113 0.557164 0.0630045 0.0678965 0.00115604
11 0.138021 0.530663 0.0596906 0.0503539 0.00113045
11 0.253852 0.556207 0.0476517 0.0565874 0.00111525
11 0.074179 0.566839 0.0301407 0.0690156 0.00110524
11 0.09989 0.559046 0.0629913 0.0566762 0.00107018
11 0.230199 0.510114 0.0428873 0.0373496 0.00106924
11 0.0598448 0.575873 0.0233219 0.091219 0.00106693
11 0.0280101 0.506339 0.0247887 0.0703062 0.00105926
11 0.104574 0.458695 0.0444675 0.0268551 0.00102936
11 0.150992 0.604242 0.0397991 0.0383733 0.00100595
