0 0.489753 0.386841 0.672223 0.201325 0.692164
0 0.544104 0.355258 0.141376 0.325635 0.662203
0 0.539611 0.414978 0.151061 0.319633 0.62569
0 0.578626 0.394992 0.576253 0.159 0.363609
0 0.50175 0.420791 0.234781 0.306075 0.265195
0 0.526745 0.395366 0.449824 0.226001 0.185122
0 0.624341 0.340354 0.307829 0.293473 0.182862
0 0.408777 0.42442 0.485153 0.301067 0.0383486
0 0.616794 0.411109 0.50454 0.31637 0.0099862
0 0.559501 0.365122 0.267685 0.336388 0.00393755
0 0.645336 0.346558 0.403476 0.328843 0.00184874
