3 0.363791 0.680154 0.156981 0.139234 0.754241
11 0.684019 0.703212 0.0759511 0.0340606 0.00388405
11 0.828723 0.713966 0.0857342 0.0448701 0.00194595
11 0.841362 0.714267 0.07357 0.0419509 0.00175555
11 0.849822 0.71778 0.0658332 0.0404515 0.001694
11 0.675962 0.697441 0.0795133 0.035125 0.00155342
11 0.78854 0.630984 0.119512 0.0458143 0.00154145
11 0.813908 0.710113 0.086883 0.0470964 0.00140582
11 0.839215 0.720392 0.0810793 0.0516276 0.00129849
11 0.858385 0.713959 0.0633304 0.0425589 0.00112717
