11 0.276346 0.481254 0.12818 0.0305691 0.388644
11 0.289712 0.484598 0.144782 0.0334633 0.0697529
11 0.262746 0.478845 0.103189 0.0297616 0.0640092
11 0.411787 0.520854 0.0577387 0.0536951 0.00376798
11 0.307758 0.486985 0.1315 0.0342035 0.00347792
11 0.413123 0.510196 0.0535739 0.0613632 0.0026176
11 0.352695 0.494546 0.0682039 0.0380544 0.00209879
11 0.388411 0.526358 0.0719733 0.0530086 0.00206096
11 0.395199 0.519076 0.0671754 0.0521198 0.00205755
11 0.399239 0.501243 0.0599014 0.0486997 0.00154948
11 0.424304 0.514645 0.063626 0.0650409 0.00153793
11 0.399078 0.511681 0.0628537 0.0534053 0.00147113
11 0.402095 0.527293 0.0728688 0.0581511 0.00131641
11 0.345828 0.488584 0.0844007 0.033059 0.00123929
11 0.290099 0.545483 0.0588829 0.0605867 0.00114646
11 0.381924 0.534435 0.0705559 0.0594847 0.00104946
