3 0.422246 0.627447 0.385891 0.128947 0.828459
11 0.3639 0.29144 0.162759 0.0281107 0.0227156
11 0.404047 0.293457 0.193987 0.0231971 0.0076679
11 0.380011 0.29544 0.145897 0.03225 0.00373812
11 0.465679 0.294582 0.206464 0.0211966 0.0033097
11 0.33341 0.289351 0.184317 0.0262653 0.00262906
11 0.48745 0.300974 0.170863 0.0240796 0.00202007
11 0.489575 0.296666 0.185272 0.018759 0.00147031
11 0.590634 0.318165 0.119614 0.0191779 0.0012396
11 0.509409 0.304301 0.157142 0.0212779 0.00123301
11 0.505571 0.310227 0.148184 0.0277599 0.00120334
11 0.198382 0.354611 0.103037 0.0614315 0.00119086
11 0.550284 0.315215 0.151964 0.0209242 0.00116512
11 0.17938 0.355037 0.0778072 0.065198 0.00111731
