3 0.497455 0.3655 0.328211 0.136461 0.721066
8 0.482594 0.385189 0.865951 0.180429 0.0674938
3 0.543367 0.348755 0.41325 0.106512 0.0581551
11 0.55141 0.39486 0.215375 0.0689818 0.0101743
10 0.606974 0.390274 0.594135 0.161511 0.00513186
11 0.562625 0.339886 0.207619 0.0858846 0.00417027
4 0.605024 0.383965 0.578587 0.171324 0.00385771
3 0.486329 0.388323 0.313851 0.0889753 0.00375388
2 0.594772 0.385204 0.629155 0.190726 0.00176095
3 0.564769 0.339366 0.230829 0.0877973 0.00156278
11 0.518321 0.39166 0.277806 0.0812817 0.00134992
