11 0.694773 0.543721 0.0993784 0.148607 0.0393196
11 0.694485 0.564362 0.0897962 0.149692 0.0187253
11 0.71604 0.543138 0.0901624 0.148779 0.012684
11 0.680658 0.610482 0.0992293 0.136194 0.00830817
11 0.684241 0.584709 0.0953183 0.152288 0.00829829
11 0.655552 0.614426 0.132744 0.1536 0.00650955
11 0.73073 0.532773 0.0910412 0.140157 0.00385167
11 0.553013 0.712166 0.169801 0.0733845 0.00350061
11 0.677657 0.532825 0.129784 0.134579 0.0033531
11 0.658684 0.5211 0.17536 0.114702 0.00259959
11 0.574268 0.711247 0.124758 0.0787995 0.00183554
