3 0.788314 0.315345 0.0385422 0.05376 0.11108
10 0.624845 0.485428 0.0891056 0.0601674 0.00990901
3 0.300485 0.67713 0.0566666 0.177542 0.00610564
11 0.829302 0.311733 0.0454552 0.0279976 0.00553804
10 0.635941 0.482107 0.0708425 0.0525943 0.00508742
11 0.56532 0.509393 0.0546835 0.037558 0.00501411
11 0.833332 0.319898 0.0497894 0.0327503 0.00439836
3 0.448252 0.818923 0.0340441 0.0769506 0.00298641
11 0.557202 0.509045 0.0534584 0.0442428 0.00284918
11 0.610105 0.451433 0.0409283 0.0610387 0.00274012
11 0.563564 0.502469 0.0524298 0.0446831 0.00260794
11 0.605969 0.459258 0.0447697 0.0702869 0.00229592
11 0.571347 0.50222 0.0501015 0.0416244 0.00225854
11 0.840635 0.324695 0.0532894 0.034745 0.00217889
11 0.597004 0.468161 0.0538235 0.0792671 0.00214642
11 0.100185 0.582993 0.0491747 0.0528723 0.00214002
3 0.621542 0.482051 0.0914768 0.108154 0.00210955
3 0.62192 0.48657 0.0934658 0.0723174 0.0019482
11 0.868563 0.357296 0.0267131 0.0358641 0.00189219
11 0.0751978 0.707549 0.0435239 0.0556689 0.0018325
11 0.0662486 0.702984 0.0424872 0.0521439 0.00182583
11 0.821487 0.312433 0.0526589 0.034029 0.00182463
11 0.825718 0.371445 0.0325512 0.0488179 0.00180937
11 0.112291 0.584971 0.0369316 0.04509 0.00164061
11 0.0769031 0.715441 0.036603 0.0498066 0.00160152
11 0.600706 0.503549 0.0511198 0.042496 0.00160121
11 0.580876 0.507135 0.0537383 0.0370104 0.00156641
11 0.101931 0.569511 0.0424603 0.0548927 0.00155959
11 0.837181 0.373664 0.0377217 0.0472659 0.00144699
10 0.0744387 0.571001 0.0321267 0.1071 0.00143391
11 0.60474 0.484711 0.0514459 0.0651743 0.00139507
11 0.069912 0.71352 0.0374459 0.0437234 0.00139452
11 0.856214 0.356876 0.0300362 0.0342524 0.00136362
11 0.838006 0.315215 0.0538258 0.0357307 0.0013493
11 0.0557812 0.697184 0.0362635 0.0553507 0.00133547
11 0.866828 0.345387 0.0259695 0.0400075 0.00131564
11 0.826592 0.386808 0.0362304 0.0696484 0.00128799
11 0.8753 0.357195 0.0326801 0.044554 0.00128669
11 0.824802 0.358826 0.0325585 0.0387391 0.00122821
11 0.589043 0.499905 0.0494154 0.0425373 0.00120427
11 0.855515 0.341412 0.0292266 0.0354922 0.00118737
11 0.603997 0.495749 0.0565548 0.0526255 0.00115265
11 0.114885 0.594822 0.0332552 0.0600274 0.00114968
11 0.0957596 0.592539 0.0589153 0.0665894 0.00112317
11 0.0581877 0.710636 0.0327838 0.0478816 0.00107909
11 0.836333 0.356864 0.0378294 0.0392494 0.00105678
11 0.0445963 0.554769 0.0224891 0.071153 0.001039
11 0.591951 0.4891 0.0498449 0.062217 0.00103673
