8 0.570691 0.522093 0.529113 0.221505 0.857575
3 0.570819 0.41967 0.411845 0.130084 0.826018
11 0.74829 0.500504 0.170698 0.0791212 0.559517
11 0.541249 0.490609 0.211264 0.0450758 0.0107111
11 0.550477 0.499531 0.182549 0.0600042 0.00245338
11 0.716299 0.473318 0.118522 0.0664171 0.0019458
3 0.526421 0.411832 0.318589 0.108543 0.00171197
11 0.562927 0.490516 0.223474 0.0543331 0.0015387
11 0.536307 0.507989 0.186589 0.0746059 0.00150315
3 0.603758 0.428647 0.339879 0.102538 0.00149163
11 0.520877 0.499483 0.23002 0.065596 0.00100828
