11 0.185277 0.67063 0.149361 0.0321066 0.340613
11 0.536353 0.551953 0.119927 0.0267139 0.0558177
10 0.477652 0.419835 0.0910198 0.0154779 0.0180847
11 0.366707 0.415329 0.131337 0.0207701 0.016589
11 0.525959 0.55498 0.1324 0.0273926 0.0128526
11 0.356789 0.423401 0.10503 0.0314963 0.0102436
11 0.374008 0.409581 0.124272 0.0176607 0.00504016
11 0.313813 0.642305 0.129398 0.031773 0.00503602
11 0.503397 0.503329 0.0972874 0.0422589 0.00503435
10 0.188906 0.459468 0.0954567 0.0884489 0.00442012
11 0.571804 0.550201 0.131036 0.0273853 0.00417375
11 0.337696 0.409288 0.145785 0.0207877 0.00411019
11 0.355857 0.524077 0.1225 0.0236347 0.00374618
11 0.325327 0.41296 0.134168 0.0217487 0.00347217
11 0.509605 0.489547 0.0852062 0.0459853 0.0033509
11 0.297146 0.640329 0.14108 0.0339858 0.00333115
11 0.511853 0.557988 0.165313 0.0322621 0.00310825
11 0.32273 0.646939 0.141172 0.0335916 0.00305653
11 0.390693 0.416027 0.11096 0.016564 0.00301777
11 0.37439 0.420639 0.120287 0.02882 0.00291352
11 0.349248 0.612496 0.109153 0.0688055 0.00275289
11 0.368341 0.468946 0.0979913 0.0177889 0.00262213
11 0.518485 0.501505 0.0927657 0.0482464 0.00261901
11 0.266365 0.405347 0.109683 0.0325007 0.00257724
11 0.455536 0.634992 0.12088 0.0427797 0.00250874
11 0.433395 0.636863 0.137635 0.0422455 0.00246027
11 0.498089 0.518371 0.0992201 0.0340131 0.00235827
11 0.37499 0.476084 0.105212 0.0245817 0.00233426
11 0.369509 0.525629 0.0918171 0.0231239 0.00224598
11 0.390063 0.479972 0.107526 0.0236355 0.00219102
11 0.349019 0.527984 0.136163 0.0227011 0.00211607
11 0.627953 0.553993 0.14596 0.0273702 0.00188921
11 0.47315 0.633465 0.133291 0.0482053 0.00183479
11 0.616444 0.475597 0.0648338 0.0485204 0.00183253
11 0.335188 0.421615 0.128485 0.0347437 0.00183023
11 0.610145 0.48847 0.0684277 0.0394591 0.00182908
11 0.513756 0.519313 0.100706 0.036166 0.00180792
11 0.375654 0.61311 0.120438 0.0535235 0.00176295
11 0.536546 0.505441 0.0872745 0.0541065 0.00174407
11 0.586339 0.496746 0.0740104 0.0568005 0.00173962
11 0.576611 0.50589 0.0605589 0.0534296 0.00167601
11 0.256313 0.408816 0.102376 0.029215 0.00165403
11 0.589734 0.486144 0.0831632 0.0478233 0.00163517
11 0.47624 0.494502 0.102185 0.0367424 0.00163019
11 0.30519 0.406911 0.141149 0.0260267 0.00162979
11 0.324163 0.63693 0.138279 0.0395319 0.0015978
11 0.600876 0.500697 0.0634258 0.0551711 0.0015903
11 0.609652 0.498198 0.064129 0.0551221 0.00153669
11 0.478358 0.563834 0.165708 0.0254771 0.00152045
11 0.349229 0.626413 0.110346 0.0540587 0.0015064
11 0.503998 0.550289 0.16719 0.0314173 0.00148713
11 0.480983 0.504464 0.103981 0.0393293 0.00148414
11 0.437499 0.542779 0.113989 0.0304592 0.00142935
11 0.526816 0.491001 0.0892661 0.0595072 0.0014141
11 0.414447 0.483621 0.105543 0.0261766 0.00140436
11 0.429032 0.534761 0.108238 0.0266808 0.00140006
11 0.258572 0.637938 0.137818 0.0370029 0.00138883
11 0.38381 0.637231 0.139535 0.0374951 0.00137236
11 0.287367 0.403814 0.130694 0.0316562 0.00132595
11 0.719158 0.41979 0.0804509 0.0244641 0.00131599
11 0.647627 0.426165 0.0817297 0.0327225 0.00127594
11 0.516695 0.483575 0.0841411 0.0535087 0.00124404
11 0.620843 0.435838 0.0625767 0.0376452 0.00123273
11 0.56325 0.624015 0.094496 0.0588935 0.00121948
11 0.332807 0.49477 0.127988 0.0234945 0.00120875
11 0.427582 0.491415 0.0888119 0.032935 0.0012087
11 0.213214 0.406836 0.145681 0.0336166 0.00120351
11 0.353896 0.490613 0.121169 0.0262177 0.00119738
11 0.530724 0.542597 0.104842 0.0292707 0.0011964
11 0.389068 0.622142 0.136422 0.0468111 0.00117959
11 0.479455 0.558577 0.173965 0.028488 0.00117806
11 0.394068 0.528067 0.11545 0.0251248 0.00117761
11 0.402773 0.489296 0.104411 0.0335831 0.00117748
11 0.375229 0.48788 0.112826 0.0314443 0.00116378
11 0.626319 0.430894 0.0599814 0.0350904 0.00116212
11 0.414931 0.532305 0.115629 0.0287054 0.00114506
11 0.497134 0.632912 0.125661 0.0505846 0.00113163
11 0.615043 0.442553 0.0709688 0.0502028 0.00112866
11 0.44309 0.493718 0.0846904 0.031691 0.00110743
11 0.569852 0.520543 0.0620832 0.042659 0.00109166
11 0.680981 0.42269 0.0782071 0.0320751 0.00106233
11 0.368431 0.599311 0.103151 0.0497184 0.0010345
11 0.626056 0.46635 0.0666861 0.0500507 0.00101733
11 0.238874 0.410563 0.0985164 0.0265671 0.00101697
11 0.504763 0.640002 0.118583 0.0476864 0.00101437
