3 0.298903 0.491091 0.124303 0.174266 0.825097
11 0.788151 0.556532 0.0528747 0.0704201 0.00297945
11 0.736497 0.549277 0.0559797 0.0763212 0.0029582
11 0.775115 0.542863 0.0487786 0.075428 0.00275634
11 0.724185 0.535501 0.0507011 0.0551801 0.0025226
11 0.808923 0.571332 0.0449388 0.0608871 0.00248891
11 0.775298 0.527205 0.0524026 0.0703419 0.00244462
11 0.745601 0.651429 0.0808392 0.0349523 0.00242996
11 0.776357 0.554743 0.0427758 0.0773932 0.00242687
11 0.777742 0.51032 0.0502329 0.0709294 0.0022381
11 0.801732 0.622996 0.0592709 0.0733411 0.0022285
11 0.728075 0.555118 0.05506 0.0858279 0.00222483
11 0.80858 0.63614 0.044285 0.0538492 0.00216094
3 0.223524 0.855981 0.177 0.131147 0.00198436
11 0.734612 0.539351 0.050603 0.0615537 0.00191274
11 0.798448 0.566442 0.0509142 0.0657347 0.00173571
11 0.808809 0.558673 0.0410352 0.0619501 0.00170362
11 0.745549 0.563636 0.064943 0.0787655 0.00160144
11 0.782202 0.498304 0.0507061 0.0722797 0.00149552
11 0.759006 0.553218 0.0516624 0.0772251 0.00147349
11 0.723571 0.54596 0.0453599 0.0719933 0.00132855
11 0.738943 0.53298 0.0468005 0.0572253 0.0012199
