3 0.134492 0.55527 0.147033 0.122458 0.862514
11 0.513444 0.546412 0.0396445 0.109817 0.0256922
11 0.510912 0.538523 0.0323092 0.0903261 0.0117279
11 0.527394 0.563363 0.035042 0.0765369 0.00579999
11 0.522471 0.54875 0.0369644 0.109369 0.00448218
11 0.692274 0.63655 0.0577697 0.0498235 0.00395943
11 0.896527 0.652684 0.0382652 0.0693795 0.00194192
11 0.918198 0.652769 0.0392276 0.0810556 0.0019277
11 0.905967 0.655551 0.0305058 0.0754213 0.00181007
11 0.927062 0.629355 0.0278214 0.0644949 0.00168645
3 0.802297 0.653852 0.13794 0.0966 0.00160237
11 0.928312 0.61983 0.0260616 0.0680834 0.00158656
11 0.925166 0.643134 0.0298746 0.084163 0.00153293
11 0.883896 0.650441 0.0518551 0.0617725 0.00126379
11 0.811267 0.476152 0.0631382 0.053701 0.00124381
11 0.799502 0.479687 0.0452337 0.0597055 0.00120818
11 0.516194 0.532227 0.0419977 0.0859351 0.00110109
11 0.51121 0.527275 0.0260376 0.0777669 0.00108612
