7 0.484931 0.408121 0.102973 0.0349539 0.580624
7 0.655737 0.575159 0.150277 0.0376192 0.0481844
7 0.60762 0.582206 0.103292 0.0512885 0.0450085
7 0.663042 0.568632 0.134023 0.0487838 0.0375628
7 0.607483 0.597482 0.0918738 0.0354263 0.0374822
7 0.622461 0.580488 0.128788 0.0450438 0.0322988
7 0.611171 0.601918 0.084981 0.02877 0.0288365
7 0.47466 0.411345 0.0869235 0.0367653 0.0269035
8 0.518257 0.568202 0.511699 0.617305 0.0116197
7 0.603868 0.513551 0.102754 0.0543517 0.0098228
7 0.681289 0.563742 0.0972054 0.0569761 0.00668828
7 0.485134 0.385564 0.0999376 0.069078 0.00312352
7 0.556691 0.419228 0.135189 0.0623099 0.00254525
7 0.658924 0.565096 0.149132 0.0635935 0.00209254
11 0.603732 0.512808 0.0998871 0.0477005 0.00112745
7 0.488767 0.376796 0.0917368 0.051378 0.0010686
11 0.677222 0.561698 0.103387 0.0610581 0.00100266
