11 0.466115 0.418654 0.0859886 0.231963 0.238708
11 0.47086 0.442758 0.0944282 0.175466 0.0474283
11 0.462336 0.394377 0.058021 0.236697 0.02093
11 0.724401 0.796773 0.162688 0.0726105 0.00927116
11 0.701968 0.793753 0.121593 0.0642607 0.00896228
7 0.678254 0.318825 0.100922 0.0409879 0.00603245
11 0.476211 0.218068 0.033224 0.125187 0.00561563
11 0.465741 0.37349 0.0602552 0.174745 0.00326067
11 0.461393 0.209616 0.0656969 0.098081 0.00156062
11 0.750688 0.785517 0.157175 0.0746618 0.00112651
11 0.617919 0.270612 0.139406 0.0475014 0.00102044
7 0.70948 0.319744 0.160819 0.0403836 0.00100573
