11 0.464274 0.452382 0.151207 0.0403656 0.00537421
11 0.487387 0.451103 0.190712 0.0469056 0.0043649
11 0.446333 0.445658 0.170688 0.0408987 0.00362153
11 0.475002 0.444286 0.17524 0.0405905 0.00279163
11 0.525753 0.451477 0.192909 0.0503944 0.0024449
11 0.555627 0.463202 0.118389 0.0320597 0.00233378
11 0.553867 0.452219 0.152644 0.0457882 0.00212619
11 0.493241 0.458731 0.188912 0.0409984 0.00204182
11 0.577349 0.467177 0.131274 0.0275623 0.00203223
11 0.409177 0.445809 0.164053 0.0408026 0.00201429
11 0.463039 0.460177 0.143804 0.0373241 0.00188128
11 0.540938 0.460561 0.131694 0.039821 0.00173948
3 0.426937 0.485383 0.275017 0.095502 0.0013651
11 0.518639 0.440091 0.201792 0.0304099 0.00125243
11 0.593381 0.474684 0.0899287 0.0251115 0.00121446
11 0.564081 0.446033 0.153637 0.0430442 0.00114228
11 0.558225 0.480494 0.0710851 0.0422687 0.00107344
