11 0.645783 0.410903 0.15385 0.0446323 0.611513
11 0.638497 0.406015 0.141974 0.0344127 0.0606705
11 0.58051 0.604784 0.114334 0.0883149 0.00326595
11 0.51069 0.430259 0.0971629 0.0391888 0.00285689
11 0.79691 0.469208 0.105334 0.0500784 0.00278292
11 0.749016 0.534423 0.0528944 0.0345558 0.0022721
11 0.755546 0.532007 0.0585925 0.035203 0.00204721
11 0.320967 0.305907 0.118604 0.0483155 0.00167202
11 0.589968 0.609116 0.082475 0.0850645 0.00164279
11 0.704832 0.542336 0.0795829 0.0458725 0.00153635
11 0.722782 0.544027 0.0684683 0.044625 0.0015336
11 0.563592 0.601085 0.153283 0.0719789 0.00149803
11 0.744511 0.543282 0.0624094 0.0505049 0.00138784
11 0.756307 0.542312 0.0730877 0.062612 0.00107389
11 0.610382 0.613062 0.0809339 0.0723973 0.00106341
11 0.672507 0.492564 0.0828047 0.0581939 0.00103944
