11 0.574618 0.492897 0.0341919 0.0758809 0.0110032
11 0.288538 0.456815 0.038022 0.0896302 0.00733667
3 0.250446 0.449762 0.0822977 0.121061 0.00679296
11 0.103742 0.543876 0.0441608 0.0421134 0.00584953
11 0.104281 0.555152 0.0432516 0.0371091 0.00577935
11 0.296259 0.461994 0.0339984 0.0869881 0.00535276
3 0.137162 0.520988 0.0475145 0.0916006 0.0042702
11 0.635452 0.428341 0.0411415 0.052899 0.0037805
11 0.125933 0.538076 0.0349162 0.0526314 0.00360099
3 0.256668 0.464923 0.0664259 0.131689 0.00345736
11 0.581088 0.490903 0.0418526 0.0734471 0.00337141
11 0.448236 0.667646 0.0189811 0.0771239 0.00327569
11 0.81901 0.392155 0.0472237 0.028526 0.00305468
11 0.117358 0.553957 0.046797 0.0431258 0.00291451
11 0.781684 0.70111 0.0452521 0.0538529 0.00277908
11 0.589079 0.494947 0.0354351 0.075537 0.00266691
11 0.129463 0.520061 0.0359215 0.0791137 0.0026342
11 0.773948 0.7001 0.0411901 0.0530201 0.00246607
11 0.790509 0.387827 0.0424916 0.0283232 0.00244462
11 0.0968727 0.512183 0.0373254 0.0629511 0.00243322
11 0.795562 0.391754 0.0466016 0.0281425 0.00242297
11 0.753686 0.708075 0.0259886 0.0643111 0.00235735
11 0.853802 0.658572 0.0256809 0.080477 0.00234349
11 0.298859 0.474742 0.0302513 0.103885 0.00231644
11 0.791429 0.380154 0.0479796 0.0266579 0.00229815
11 0.053971 0.403288 0.0352278 0.034917 0.00212802
11 0.772912 0.6852 0.0358834 0.0653496 0.00208393
11 0.816123 0.671752 0.0505471 0.0708428 0.00206392
11 0.193864 0.489607 0.0336067 0.0423575 0.00206334
11 0.119973 0.402389 0.035961 0.0315563 0.00201841
11 0.294598 0.472111 0.0244458 0.0891328 0.00200346
11 0.0975897 0.426361 0.0386928 0.0428859 0.00199063
11 0.0848962 0.406021 0.0376143 0.0370214 0.0019688
11 0.0871267 0.425434 0.0375207 0.0440779 0.00194935
11 0.772099 0.663159 0.0341553 0.081833 0.00191736
11 0.109734 0.519732 0.0416434 0.0684364 0.00187897
11 0.107291 0.405357 0.0403749 0.0340032 0.00187684
11 0.0976739 0.407147 0.0394506 0.0372197 0.00187475
11 0.807615 0.679926 0.0537672 0.067254 0.00185658
11 0.752147 0.729846 0.0251039 0.0772699 0.00184008
11 0.151602 0.481893 0.0402406 0.059716 0.0018256
11 0.748552 0.711352 0.022823 0.0762773 0.00181657
11 0.0650387 0.403236 0.0418013 0.0339096 0.00181607
11 0.102264 0.439488 0.0398068 0.0490035 0.00180516
11 0.139792 0.484259 0.0375316 0.0709543 0.00180005
11 0.800347 0.705652 0.0504348 0.0591117 0.00177912
11 0.147643 0.505625 0.0444038 0.0717634 0.00176375
11 0.132305 0.474635 0.0323664 0.0602437 0.00164859
11 0.142646 0.517669 0.0487171 0.0874417 0.00164667
11 0.628915 0.424897 0.044976 0.0447556 0.00162382
11 0.759449 0.693356 0.0291424 0.0641202 0.00161669
11 0.77257 0.644966 0.0369081 0.0928395 0.00160831
11 0.129554 0.442334 0.0247475 0.0512271 0.00157526
11 0.0913783 0.487598 0.0378874 0.0769604 0.00156359
11 0.798986 0.381047 0.0521967 0.0269561 0.00155933
11 0.0864399 0.50502 0.0354972 0.0623305 0.00155293
11 0.111133 0.440705 0.0404054 0.0500796 0.00153753
11 0.873546 0.376891 0.039299 0.0274884 0.00153112
3 0.259412 0.477121 0.0627475 0.099364 0.00152566
11 0.752952 0.750578 0.02493 0.0541968 0.00152005
11 0.135271 0.516797 0.0394197 0.0958755 0.00150713
11 0.0534217 0.430117 0.0318034 0.0519281 0.0015037
11 0.765726 0.671993 0.0353356 0.0845036 0.00150149
11 0.781875 0.378424 0.0481171 0.0271961 0.00149372
11 0.880018 0.378232 0.0417721 0.0276688 0.00146483
11 0.0488402 0.428332 0.0317671 0.044781 0.00145267
11 0.605313 0.572779 0.0196093 0.0755211 0.00145013
11 0.0935836 0.461387 0.0399708 0.0540656 0.00142343
11 0.84552 0.657363 0.0229351 0.0767617 0.00142236
11 0.130771 0.542599 0.0458966 0.0684153 0.00139781
11 0.452588 0.65782 0.0204487 0.086519 0.00138049
11 0.802242 0.393026 0.0496992 0.0275971 0.00137635
11 0.860408 0.65334 0.0382488 0.0720636 0.0013672
11 0.822013 0.65546 0.0455136 0.0777064 0.00136195
11 0.628734 0.443928 0.0433908 0.0373045 0.00136009
11 0.130604 0.400478 0.0346254 0.0320466 0.00134437
11 0.78301 0.722372 0.0432169 0.0598187 0.00134178
11 0.162358 0.479322 0.0398543 0.0507609 0.0013255
11 0.193747 0.47785 0.0257894 0.0485708 0.00132443
11 0.136169 0.447945 0.0314624 0.0558332 0.00130368
11 0.0830166 0.482744 0.0314771 0.0746819 0.0012923
11 0.822812 0.380163 0.0438368 0.0276064 0.00128995
11 0.827169 0.389539 0.049823 0.03083 0.00124499
11 0.445944 0.682754 0.0187649 0.0861869 0.00123747
11 0.824486 0.671707 0.0444668 0.0721265 0.00123219
11 0.770252 0.626088 0.0396467 0.0763248 0.00122156
11 0.0655949 0.426967 0.0381313 0.046755 0.00122108
11 0.894284 0.468479 0.0528961 0.0319965 0.0012205
11 0.632383 0.439241 0.0448616 0.0358464 0.00121309
11 0.0935645 0.538118 0.0452282 0.0430989 0.00121239
11 0.0485846 0.405137 0.032734 0.0425497 0.00120519
11 0.0555876 0.484222 0.0228065 0.111879 0.00118119
11 0.609556 0.560009 0.0230775 0.0882398 0.00116399
11 0.814133 0.706457 0.0535133 0.0585483 0.00115866
11 0.771555 0.37633 0.0456307 0.0284598 0.00114496
11 0.0509377 0.476344 0.0277291 0.117095 0.00114256
11 0.833707 0.37831 0.0478356 0.0271979 0.00113107
11 0.111971 0.427583 0.0409261 0.0446545 0.00109705
11 0.183692 0.490649 0.04523 0.0390859 0.0010946
11 0.788636 0.685789 0.0511534 0.0661593 0.00108984
11 0.159742 0.493635 0.0401689 0.0456563 0.0010644
11 0.830649 0.730404 0.0443455 0.0499251 0.00104143
11 0.128855 0.426737 0.0285966 0.0474366 0.00103674
11 0.814665 0.381163 0.0456615 0.0276322 0.00103492
11 0.858932 0.70669 0.037009 0.0422755 0.00103188
11 0.637137 0.416849 0.0343361 0.0641636 0.00101548
11 0.767649 0.755682 0.0331476 0.0549815 0.00101486
11 0.101023 0.456791 0.0463614 0.0509026 0.00101042
