3 0.513024 0.733765 0.192998 0.156018 0.200219
10 0.42284 0.658607 0.245552 0.0694996 0.168985
3 0.478915 0.729347 0.254231 0.159685 0.0810984
7 0.418872 0.659769 0.252265 0.0539557 0.0334756
4 0.422655 0.651991 0.247216 0.0862014 0.0193577
10 0.422884 0.642376 0.248675 0.105522 0.00723901
7 0.445002 0.637509 0.199934 0.0835264 0.00324213
4 0.428927 0.68625 0.260968 0.140036 0.00208608
4 0.422585 0.630647 0.248321 0.130829 0.00167229
4 0.425301 0.684602 0.246468 0.061183 0.00165589
4 0.442511 0.707156 0.284893 0.159862 0.00151395
4 0.428547 0.709986 0.253797 0.0757025 0.0014825
