3 0.745294 0.488495 0.404015 0.305982 0.857571
4 0.57142 0.505 0.273288 0.137014 0.606455
4 0.586881 0.476506 0.403678 0.230847 0.0258938
4 0.597117 0.517783 0.223782 0.147946 0.017572
4 0.553176 0.473982 0.24376 0.179906 0.00796362
4 0.589772 0.483819 0.252385 0.211072 0.00766385
4 0.75293 0.493613 0.212306 0.167395 0.00632307
11 0.733972 0.482422 0.169367 0.162222 0.00539476
4 0.607725 0.490471 0.234024 0.169579 0.00395591
4 0.613783 0.505783 0.415476 0.244699 0.00336167
11 0.722265 0.484583 0.183963 0.120047 0.00281114
11 0.731724 0.503997 0.207129 0.155937 0.00276944
4 0.615585 0.504028 0.17809 0.142876 0.00240297
4 0.685054 0.516103 0.490948 0.248587 0.00203067
11 0.772393 0.514382 0.271116 0.176647 0.0013772
11 0.641109 0.505139 0.150255 0.111549 0.00135019
4 0.627305 0.523102 0.164757 0.140009 0.00133715
4 0.632391 0.513103 0.404437 0.156638 0.00115109
11 0.262397 0.561988 0.260178 0.0540731 0.00109352
11 0.671459 0.500964 0.173996 0.109264 0.00103199
