11 0.207339 0.482045 0.0617629 0.0235332 0.0173085
11 0.212357 0.485911 0.0654306 0.0264689 0.0164921
11 0.372888 0.448734 0.0339367 0.0875438 0.00848486
11 0.19436 0.48937 0.0607097 0.0248733 0.00783497
11 0.209747 0.479693 0.0653561 0.0315696 0.0074909
11 0.221354 0.489343 0.0695239 0.0271553 0.00723003
11 0.366585 0.447982 0.0311426 0.088264 0.00487788
11 0.795997 0.408854 0.0423825 0.0855313 0.00386728
11 0.231797 0.494108 0.0666431 0.0241502 0.00384441
11 0.627182 0.386462 0.0674702 0.0278013 0.00374404
11 0.793338 0.395653 0.0413987 0.0723525 0.00326654
11 0.194705 0.574953 0.0571541 0.0469858 0.00310315
11 0.181615 0.498797 0.0659024 0.0335111 0.00293804
11 0.182721 0.520579 0.0512373 0.0500774 0.00290797
11 0.795323 0.38886 0.0425549 0.0548429 0.00288823
11 0.1534 0.381754 0.0269806 0.0902601 0.00282929
11 0.202239 0.555851 0.0457871 0.0448264 0.0025713
11 0.218555 0.503157 0.0568316 0.0318381 0.00253958
11 0.185915 0.533706 0.0473166 0.0535331 0.00251576
11 0.183372 0.509098 0.0585656 0.0413243 0.0025017
11 0.192275 0.550219 0.051088 0.0528979 0.00246851
11 0.23642 0.50515 0.060608 0.0301886 0.00239748
11 0.354701 0.399305 0.0340034 0.0989262 0.00235059
11 0.197819 0.502887 0.0547968 0.0360725 0.00233324
11 0.193526 0.565391 0.0552002 0.0536096 0.00225619
11 0.209071 0.556251 0.0458684 0.0404097 0.00224457
11 0.228185 0.485118 0.0674831 0.026021 0.00223316
11 0.172605 0.525372 0.0484161 0.0618416 0.00220963
11 0.172783 0.546076 0.0487608 0.0646074 0.00216354
11 0.194133 0.518259 0.0501437 0.0447276 0.00215174
11 0.351952 0.384408 0.0347907 0.0865813 0.00213613
11 0.181651 0.54512 0.054597 0.0608121 0.00213078
11 0.184698 0.574478 0.0638541 0.0487616 0.00211849
11 0.178552 0.529346 0.0514881 0.0551257 0.00208977
11 0.195959 0.539177 0.0489088 0.0504765 0.00204384
11 0.202216 0.566478 0.0470674 0.049356 0.00198842
11 0.182558 0.56264 0.0616532 0.0613859 0.0019116
11 0.249285 0.505891 0.0584703 0.0308371 0.00190284
11 0.615331 0.38885 0.0809054 0.0315615 0.00190267
11 0.2469 0.495433 0.051919 0.0228859 0.00189903
11 0.152397 0.513925 0.0574134 0.0547118 0.00187905
11 0.16509 0.524361 0.0484068 0.0670675 0.00187607
11 0.357811 0.389351 0.0392052 0.0902031 0.00181905
11 0.352481 0.372701 0.0378078 0.066184 0.00177646
11 0.164325 0.54994 0.0463184 0.0676862 0.00172046
11 0.215569 0.514837 0.050139 0.0422277 0.0015932
11 0.17554 0.511784 0.0576037 0.0483548 0.00152389
11 0.296383 0.521936 0.0529977 0.0779945 0.00147561
11 0.495897 0.417662 0.031126 0.0687722 0.00147192
11 0.228758 0.513071 0.0521821 0.0426577 0.00145379
11 0.207058 0.571993 0.0569647 0.0400171 0.00138994
11 0.208715 0.565588 0.0505255 0.0435855 0.0013502
11 0.534558 0.391814 0.0612457 0.0285117 0.00132012
11 0.367151 0.405641 0.0378919 0.103293 0.0013156
11 0.170489 0.563347 0.0507832 0.0580987 0.00127809
11 0.15091 0.524278 0.0582484 0.0684285 0.00126122
11 0.28083 0.543471 0.0331452 0.0479029 0.00123232
11 0.163556 0.510125 0.0461907 0.0491248 0.00119092
11 0.210107 0.538615 0.0475048 0.0490305 0.00116334
11 0.276862 0.52112 0.0365935 0.0601263 0.00115562
11 0.80117 0.385684 0.0466182 0.0477215 0.0011003
11 0.632444 0.382815 0.0696585 0.0296871 0.00102803
