1 0.927157 0.360694 0.117073 0.175507 0.235792
5 0.869444 0.282731 0.0941002 0.075637 0.212248
5 0.826323 0.44108 0.0954189 0.0484619 0.087738
1 0.917432 0.381141 0.13085 0.138248 0.0659031
5 0.575496 0.782922 0.077521 0.113607 0.0460797
5 0.877864 0.29574 0.107404 0.0784592 0.0455161
5 0.858644 0.276357 0.0830427 0.0622691 0.0420387
5 0.82812 0.428029 0.102063 0.0537342 0.0401521
5 0.557622 0.790418 0.112661 0.122377 0.0389139
1 0.89671 0.40558 0.0835666 0.0812442 0.0372127
5 0.892661 0.402137 0.089555 0.0864633 0.0176239
5 0.825853 0.413504 0.108836 0.0715794 0.0146513
5 0.845061 0.269736 0.0782246 0.0633169 0.0115801
5 0.833305 0.268527 0.108559 0.0722839 0.0113522
5 0.80018 0.263675 0.088856 0.0884055 0.0112252
5 0.876664 0.308377 0.100629 0.0761658 0.0108539
1 0.9068 0.41395 0.0611675 0.0830063 0.0108456
5 0.867756 0.408873 0.0906673 0.0774148 0.00969896
5 0.883345 0.329054 0.101329 0.0828874 0.00957328
10 0.426984 0.270203 0.079096 0.141983 0.00939225
5 0.888369 0.286123 0.127486 0.0881427 0.00896253
5 0.940269 0.342568 0.0853594 0.144566 0.0082453
1 0.57933 0.794077 0.0736517 0.133236 0.0081718
1 0.887695 0.30254 0.120383 0.0836437 0.00793189
5 0.548436 0.811656 0.130135 0.118566 0.00710514
5 0.797962 0.281973 0.0971538 0.129786 0.0069843
5 0.826516 0.395906 0.110963 0.082235 0.00637039
1 0.890745 0.317928 0.111279 0.0811115 0.00609973
5 0.789444 0.311518 0.107608 0.144577 0.00600293
1 0.918647 0.322571 0.104253 0.0951392 0.00567537
1 0.895441 0.393494 0.094236 0.0940907 0.00560184
1 0.938044 0.349894 0.0904568 0.156044 0.00556628
5 0.901038 0.338947 0.0949656 0.0872555 0.00512794
1 0.926055 0.344139 0.109984 0.115827 0.00491716
5 0.836762 0.280355 0.107273 0.0766048 0.00471477
1 0.549889 0.819442 0.129704 0.15901 0.00458819
5 0.543023 0.839241 0.125241 0.1005 0.00444334
5 0.534328 0.77571 0.113432 0.0941314 0.0043882
1 0.567465 0.776088 0.0768545 0.10486 0.00432757
6 0.489876 0.221982 0.0495113 0.0808957 0.00431346
10 0.41712 0.254792 0.0627502 0.0999236 0.00425109
10 0.433454 0.259238 0.091346 0.213034 0.0042018
1 0.913523 0.407505 0.0646759 0.0768794 0.00414724
5 0.819822 0.260331 0.0892704 0.0702862 0.00414387
1 0.893526 0.367588 0.108749 0.10192 0.00393635
1 0.911948 0.38335 0.10827 0.115608 0.00360349
5 0.870356 0.331839 0.0958694 0.095457 0.00359518
10 0.491633 0.221994 0.0475039 0.0806154 0.00323432
5 0.840222 0.379527 0.127173 0.0923573 0.00317466
1 0.80205 0.254298 0.0860287 0.0658666 0.0031721
5 0.88819 0.367848 0.108139 0.0897211 0.00317205
1 0.912699 0.306577 0.0880842 0.0802884 0.00313291
5 0.560838 0.851832 0.0871449 0.0785663 0.00286034
5 0.859198 0.304542 0.0896126 0.0811993 0.00271481
5 0.584747 0.791471 0.06913 0.127474 0.0026901
5 0.827321 0.375336 0.117343 0.114558 0.00259853
5 0.842291 0.43391 0.0709989 0.0447103 0.00251521
5 0.84714 0.343607 0.12139 0.116498 0.00251497
1 0.849791 0.404956 0.149422 0.0804711 0.00242086
5 0.809252 0.277533 0.109186 0.109912 0.00211501
5 0.8495 0.39297 0.141768 0.0805671 0.00204208
10 0.432648 0.271837 0.0726864 0.106551 0.00194152
5 0.858041 0.377387 0.120369 0.0790973 0.00189809
5 0.534675 0.804627 0.117284 0.0753782 0.00182442
5 0.808948 0.31109 0.110255 0.156143 0.00177912
5 0.768269 0.600774 0.0842874 0.093151 0.00173393
5 0.831524 0.311804 0.106559 0.114239 0.00171992
5 0.827808 0.348297 0.122268 0.146245 0.00155053
1 0.796416 0.276037 0.0943918 0.102969 0.001542
1 0.565071 0.803829 0.112082 0.16972 0.00152624
5 0.573209 0.834967 0.0724988 0.0986116 0.0014713
1 0.546876 0.768409 0.101132 0.0908126 0.00143213
5 0.512783 0.765623 0.0733894 0.0760526 0.00140502
1 0.905764 0.34632 0.147796 0.167755 0.00138737
1 0.916082 0.392772 0.0758476 0.101843 0.00132001
1 0.773468 0.594199 0.0843379 0.12978 0.00128431
4 0.554578 0.785959 0.121769 0.149835 0.00126379
5 0.537217 0.824876 0.121167 0.0970098 0.00124609
5 0.768504 0.535119 0.0707828 0.0647468 0.00119212
5 0.779414 0.724652 0.0393536 0.0673007 0.00117519
5 0.767191 0.556878 0.0784317 0.0788616 0.00113493
5 0.525081 0.759874 0.0898813 0.0716309 0.00113389
1 0.923957 0.361649 0.118081 0.12527 0.00110986
1 0.804009 0.281441 0.124258 0.115695 0.00109327
10 0.434594 0.242568 0.0653144 0.199931 0.00108232
5 0.80704 0.330697 0.138414 0.196131 0.00107754
5 0.802488 0.334505 0.114433 0.164911 0.00107478
1 0.780529 0.701975 0.0483848 0.105725 0.0010523
5 0.591222 0.806009 0.0507239 0.12892 0.00104486
11 0.225791 0.618997 0.0638572 0.037974 0.00102539
