1 0.775812 0.460906 0.298633 0.0814667 0.384343
1 0.74892 0.461975 0.235988 0.070574 0.209877
4 0.639852 0.517028 0.119706 0.044688 0.0141415
11 0.633798 0.521141 0.142208 0.0448388 0.00732836
4 0.784874 0.416367 0.128447 0.0443407 0.00708544
5 0.77324 0.462868 0.292708 0.0780965 0.00474732
1 0.70666 0.464013 0.170137 0.056995 0.00319422
4 0.662927 0.509826 0.0805061 0.0385683 0.00271182
4 0.687288 0.495327 0.113476 0.0371476 0.00184389
4 0.668804 0.498717 0.090852 0.0406575 0.00136094
5 0.727285 0.508749 0.160215 0.0475956 0.00131623
