5 0.450943 0.827988 0.163314 0.168954 0.451123
1 0.450737 0.827842 0.164755 0.169601 0.374666
1 0.45009 0.622673 0.214709 0.0601377 0.0915687
5 0.571198 0.578172 0.426958 0.120346 0.0675034
1 0.456226 0.615372 0.232534 0.081713 0.0459026
5 0.56456 0.57626 0.259352 0.0717822 0.0138032
5 0.461126 0.616573 0.168193 0.0657163 0.011117
5 0.54976 0.571446 0.246152 0.0545636 0.0100674
1 0.467632 0.601649 0.205932 0.0883593 0.00986325
5 0.509937 0.597745 0.198332 0.0869223 0.00654805
5 0.581852 0.567381 0.276798 0.0656461 0.00649568
5 0.514224 0.580261 0.203797 0.0611448 0.00563605
5 0.542896 0.586769 0.248458 0.0706297 0.00459321
5 0.469333 0.606417 0.167924 0.0796474 0.00427002
1 0.487135 0.594531 0.284331 0.11282 0.0037839
5 0.535783 0.563552 0.180976 0.0438929 0.00323195
1 0.455487 0.584989 0.206585 0.0830941 0.00227446
5 0.469465 0.836507 0.116258 0.160443 0.00226365
5 0.4383 0.624329 0.238022 0.0632194 0.0021845
5 0.391122 0.844475 0.062564 0.131956 0.00212347
1 0.429082 0.855472 0.13921 0.0976726 0.00200655
5 0.47295 0.558699 0.211108 0.0418598 0.00191374
1 0.398892 0.841014 0.0919491 0.143742 0.00165846
5 0.638317 0.559218 0.265105 0.0732073 0.00162644
5 0.458321 0.627519 0.164432 0.047683 0.0016086
5 0.436516 0.555746 0.165244 0.035829 0.00160596
1 0.398853 0.853276 0.0779277 0.111115 0.00149359
5 0.500893 0.568615 0.198022 0.0520424 0.00145596
5 0.248637 0.726967 0.239389 0.0704312 0.00141248
1 0.247559 0.718009 0.244491 0.0898277 0.00120756
5 0.589132 0.559817 0.201325 0.0433713 0.00117108
