1 0.79828 0.771855 0.199119 0.102235 0.188667
1 0.71727 0.841153 0.161199 0.106342 0.135363
1 0.694299 0.793851 0.203368 0.120191 0.126328
1 0.661517 0.828957 0.197868 0.103995 0.109454
1 0.668678 0.785286 0.170194 0.0999098 0.0883298
1 0.652579 0.810929 0.177095 0.0861473 0.0665755
5 0.802277 0.774407 0.196212 0.0743958 0.0604301
5 0.641614 0.823458 0.177515 0.093221 0.057336
1 0.733809 0.831067 0.165392 0.126785 0.0530699
1 0.694131 0.832894 0.179493 0.10135 0.0492445
5 0.701065 0.843598 0.152326 0.0933061 0.0272685
1 0.745728 0.808178 0.178791 0.113521 0.0170178
5 0.812581 0.772533 0.167585 0.0537732 0.0161404
1 0.752391 0.824802 0.169991 0.102856 0.0114937
5 0.629594 0.816055 0.150782 0.0757619 0.011288
1 0.763076 0.85625 0.197359 0.130799 0.00915749
1 0.770602 0.832201 0.188398 0.152016 0.00708081
1 0.767473 0.788516 0.196259 0.116471 0.00608696
5 0.806468 0.760579 0.193762 0.0890219 0.00607638
1 0.710913 0.810152 0.179891 0.118366 0.00491735
1 0.649449 0.800979 0.140123 0.0833628 0.00430168
5 0.818964 0.754391 0.16078 0.062001 0.00415231
1 0.814048 0.755497 0.175372 0.0736288 0.00387099
5 0.814076 0.7842 0.165948 0.0526857 0.00368649
1 0.664994 0.774959 0.134135 0.0762057 0.00300531
1 0.777708 0.822473 0.197956 0.0879658 0.0028973
5 0.820839 0.742018 0.168818 0.0757198 0.00271216
1 0.734692 0.783704 0.253606 0.116064 0.00247522
5 0.670463 0.835638 0.178444 0.0994354 0.0022626
5 0.712405 0.853361 0.133319 0.0875583 0.00195594
1 0.772062 0.809301 0.176613 0.0755329 0.00195017
1 0.782795 0.767545 0.170367 0.127533 0.00192877
1 0.783035 0.791667 0.194397 0.0903807 0.00162697
1 0.678845 0.837925 0.209955 0.129371 0.00159814
1 0.789222 0.839237 0.195794 0.0995487 0.00145239
5 0.809879 0.702882 0.156225 0.11096 0.00116226
1 0.806315 0.71133 0.157165 0.103755 0.00103337
