5 0.817167 0.426596 0.122752 0.241008 0.294727
5 0.751738 0.42352 0.14723 0.250341 0.0606452
5 0.816501 0.424155 0.0957469 0.209348 0.0584065
5 0.758065 0.464203 0.10623 0.17826 0.0256218
1 0.778687 0.445757 0.143826 0.171897 0.0199771
5 0.829325 0.445767 0.11065 0.181935 0.0162211
5 0.788727 0.444532 0.176698 0.217953 0.01188
1 0.808728 0.41238 0.117061 0.242434 0.0113281
1 0.751975 0.45476 0.129327 0.179898 0.0101804
1 0.798742 0.426924 0.134956 0.192635 0.00893532
1 0.739348 0.398404 0.139579 0.185259 0.00470672
5 0.755145 0.461905 0.144025 0.197435 0.00446519
5 0.754504 0.36497 0.091411 0.142041 0.00426479
5 0.759821 0.437409 0.122611 0.190868 0.0037428
5 0.807873 0.400818 0.081394 0.205832 0.00343877
1 0.806626 0.410918 0.0950427 0.199819 0.00324648
1 0.767249 0.423179 0.125064 0.180968 0.00236192
5 0.740344 0.356831 0.0929594 0.108382 0.0019406
5 0.833714 0.466715 0.096122 0.138547 0.00179464
1 0.815817 0.453497 0.131276 0.174315 0.00160414
5 0.766393 0.358827 0.0690511 0.135114 0.00160385
5 0.801449 0.368587 0.0822597 0.161618 0.00159923
1 0.783002 0.40974 0.130385 0.181652 0.00146033
1 0.767409 0.472616 0.104241 0.166919 0.00135904
10 0.435959 0.568931 0.416229 0.255178 0.00134174
5 0.707145 0.530944 0.230946 0.162399 0.00131609
1 0.792866 0.472636 0.140847 0.154622 0.00128152
5 0.812466 0.514533 0.09494 0.0913349 0.00127501
1 0.826358 0.482159 0.107221 0.137591 0.00120604
5 0.77617 0.350855 0.06245 0.139165 0.00107664
