5 0.446095 0.372731 0.475672 0.182623 0.583486
10 0.412737 0.441442 0.476504 0.396767 0.480601
5 0.415333 0.454743 0.494137 0.451482 0.178413
6 0.408545 0.344015 0.476161 0.242566 0.169605
6 0.387396 0.283755 0.398153 0.379488 0.0591599
10 0.384868 0.245053 0.481929 0.265058 0.0473686
10 0.422625 0.351477 0.519721 0.221747 0.0439535
6 0.378627 0.384454 0.352507 0.356334 0.0325546
5 0.373774 0.269166 0.431796 0.354324 0.0240393
6 0.344829 0.266874 0.310722 0.281081 0.00819601
10 0.401305 0.288614 0.490622 0.30018 0.00636647
6 0.402381 0.3279 0.349259 0.332226 0.00345545
6 0.519332 0.463309 0.308664 0.2709 0.00230148
6 0.441908 0.399264 0.353647 0.313115 0.00222148
6 0.412377 0.293948 0.292947 0.330177 0.00220571
6 0.320825 0.276465 0.332049 0.203758 0.00170309
5 0.415661 0.366584 0.51107 0.308061 0.00134113
10 0.474558 0.46241 0.391847 0.236265 0.00132358
10 0.462277 0.420181 0.425002 0.250658 0.00126005
