6 0.651844 0.374711 0.312554 0.233091 0.83572
1 0.438572 0.444141 0.391073 0.203731 0.76622
5 0.799078 0.187352 0.353997 0.148631 0.483719
1 0.290529 0.523071 0.256327 0.230762 0.104991
5 0.631622 0.17256 0.363436 0.0986905 0.0798272
5 0.817008 0.163278 0.306868 0.0996845 0.0175276
5 0.680899 0.162878 0.263664 0.0835882 0.0146777
5 0.463744 0.437662 0.343233 0.146992 0.0126431
1 0.635873 0.176855 0.38342 0.104044 0.00720546
5 0.484494 0.452786 0.278923 0.131758 0.00640868
5 0.708636 0.167956 0.213487 0.102198 0.00373708
5 0.659372 0.1601 0.305992 0.0627941 0.00323041
6 0.408604 0.548632 0.224817 0.0777274 0.00230814
1 0.323231 0.490885 0.2274 0.155647 0.00189309
6 0.419085 0.538416 0.243146 0.0509296 0.00100443
