1 0.635246 0.638122 0.084133 0.29213 0.466741
1 0.636647 0.661892 0.0819555 0.208521 0.177969
5 0.756181 0.584059 0.0686829 0.221808 0.0914773
1 0.718079 0.745806 0.231497 0.198159 0.0688741
1 0.634212 0.625907 0.0791004 0.191566 0.05269
1 0.629517 0.588606 0.0751803 0.193119 0.0522091
5 0.768126 0.581738 0.108332 0.211151 0.0275926
1 0.748064 0.759154 0.169181 0.227135 0.0204397
5 0.754669 0.760703 0.138477 0.229459 0.00765928
5 0.639527 0.658358 0.0770674 0.209846 0.0066505
1 0.62009 0.592288 0.0529585 0.170294 0.00497007
1 0.69671 0.734602 0.187622 0.164806 0.00396957
1 0.665197 0.607532 0.153644 0.250221 0.00360848
5 0.787876 0.538036 0.151169 0.122289 0.00342052
1 0.64816 0.589271 0.115782 0.209575 0.0029329
1 0.685057 0.737772 0.145028 0.144381 0.00285765
1 0.79015 0.538826 0.14756 0.121085 0.00208102
5 0.653283 0.676327 0.0529502 0.228978 0.00194267
5 0.698966 0.744117 0.165641 0.138099 0.00191594
1 0.786563 0.577402 0.153567 0.203296 0.00180328
5 0.792756 0.523541 0.141466 0.0832363 0.00179739
1 0.64782 0.674773 0.0747719 0.223288 0.00137357
5 0.675713 0.739221 0.109814 0.133953 0.00118182
5 0.646332 0.641197 0.0976169 0.251735 0.00111217
1 0.713831 0.75622 0.178984 0.158007 0.00106901
5 0.713353 0.613625 0.189772 0.212358 0.00104134
