10 0.0486083 0.634547 0.097057 0.21936 0.561689
10 0.0466635 0.663353 0.093327 0.151271 0.265807
10 0.0518298 0.600645 0.10366 0.300414 0.0160805
10 0.0446592 0.68664 0.0893185 0.133211 0.00963119
10 0.0214147 0.592233 0.0428295 0.206745 0.00488195
10 0.0252844 0.705739 0.0505688 0.153565 0.00330528
10 0.0146171 0.584046 0.0292342 0.150959 0.00176719
10 0.02031 0.540277 0.0402799 0.23191 0.00150754
10 0.0245114 0.62378 0.0490229 0.196054 0.00130555
10 0.0132422 0.54194 0.0264844 0.212034 0.00116839
