1 0.321884 0.720781 0.29543 0.152229 0.360626
1 0.536334 0.710534 0.277045 0.218669 0.1894
5 0.569404 0.756112 0.200876 0.126694 0.11736
5 0.572271 0.813556 0.18256 0.0948344 0.10114
1 0.470653 0.738032 0.28244 0.134764 0.0740081
5 0.460858 0.745098 0.253359 0.137131 0.0488552
5 0.598024 0.813703 0.164007 0.0808695 0.0265822
5 0.63303 0.799057 0.148972 0.0689278 0.0246023
5 0.610026 0.802235 0.175968 0.0718968 0.0233399
5 0.47225 0.767309 0.206379 0.0946449 0.0154996
1 0.500268 0.723099 0.319589 0.135091 0.0149547
1 0.562192 0.769355 0.209708 0.110937 0.0133864
5 0.512544 0.771391 0.223672 0.0996679 0.0120522
1 0.557616 0.747424 0.229611 0.135542 0.0118513
5 0.547284 0.788439 0.230188 0.147384 0.0110442
5 0.546654 0.798082 0.230133 0.100644 0.0106406
5 0.438488 0.744976 0.242979 0.11205 0.00912415
5 0.61442 0.791926 0.193568 0.0783005 0.00826142
5 0.580513 0.771149 0.197404 0.10898 0.00714979
1 0.433652 0.723331 0.323489 0.131199 0.00686575
5 0.564313 0.738147 0.230406 0.179924 0.00605159
5 0.588484 0.823638 0.14162 0.0729553 0.00597212
5 0.514274 0.764875 0.302552 0.171657 0.00513978
5 0.656398 0.79972 0.145938 0.0845614 0.00473577
1 0.357866 0.720525 0.312439 0.129335 0.00417935
5 0.604398 0.77852 0.208227 0.099237 0.0036695
1 0.414717 0.739483 0.28306 0.123668 0.00366635
1 0.548454 0.726255 0.249613 0.15881 0.00337679
1 0.353164 0.703639 0.278705 0.134667 0.00292678
5 0.319659 0.715388 0.268499 0.124311 0.00275873
1 0.542102 0.685171 0.262301 0.159943 0.00219269
5 0.544865 0.69356 0.267239 0.164963 0.00186127
5 0.394752 0.745617 0.23887 0.10476 0.00141704
5 0.341588 0.734522 0.261945 0.119576 0.00131231
5 0.493712 0.757662 0.351704 0.212235 0.00116547
