1 0.230764 0.553589 0.109226 0.15172 0.162103
1 0.272378 0.560099 0.102212 0.15881 0.11093
1 0.217232 0.559775 0.0799506 0.156959 0.089974
1 0.275687 0.580384 0.0896354 0.125475 0.0243652
1 0.209512 0.578384 0.0746552 0.169574 0.0224305
1 0.245488 0.562256 0.0975231 0.15128 0.0222856
5 0.257082 0.549884 0.0727612 0.149111 0.0173698
5 0.283462 0.585204 0.0766255 0.109241 0.0117983
1 0.188276 0.679845 0.11996 0.191704 0.00888663
1 0.204998 0.62719 0.136524 0.183766 0.00656377
1 0.167888 0.693976 0.147225 0.207288 0.00555712
5 0.261713 0.568301 0.0751787 0.139968 0.00460365
4 0.830979 0.469936 0.0296761 0.0843268 0.00380652
4 0.838656 0.473003 0.039254 0.0735258 0.00372134
4 0.8303 0.478303 0.0383793 0.0875917 0.00329678
1 0.242959 0.53926 0.094159 0.13657 0.00329475
1 0.13809 0.699153 0.113123 0.196941 0.00316024
5 0.267444 0.54403 0.0914471 0.127892 0.0030223
1 0.223073 0.607138 0.15687 0.180357 0.00298146
1 0.195955 0.648791 0.131999 0.149732 0.00258314
1 0.1688 0.665115 0.155052 0.150833 0.002197
1 0.225448 0.586066 0.108721 0.174221 0.00218019
1 0.19772 0.598631 0.138354 0.200751 0.00204512
5 0.288912 0.567097 0.107832 0.108645 0.00182051
1 0.167995 0.643911 0.133928 0.105176 0.00149177
5 0.127528 0.705426 0.0913164 0.207424 0.00143035
1 0.21004 0.610527 0.0906851 0.203457 0.00142055
5 0.298096 0.57714 0.0981616 0.0737802 0.00123609
1 0.155936 0.65753 0.150267 0.119935 0.00119462
1 0.205424 0.60336 0.0668822 0.20396 0.00100077
