1 0.21508 0.734692 0.195865 0.152775 0.570299
5 0.138135 0.741185 0.131839 0.158513 0.28
5 0.466775 0.776374 0.346532 0.0508671 0.0878337
1 0.450559 0.774498 0.384454 0.063631 0.0428984
5 0.370867 0.77738 0.244924 0.0612082 0.0187496
1 0.203799 0.71856 0.125899 0.117643 0.0146007
5 0.414904 0.77623 0.309741 0.0535587 0.00735071
5 0.485926 0.782282 0.301891 0.044139 0.00467272
1 0.197063 0.713107 0.0961167 0.103263 0.00314807
5 0.499693 0.773116 0.266361 0.0413269 0.00257204
1 0.155826 0.740788 0.152317 0.162448 0.00255958
1 0.478597 0.77749 0.314845 0.0501377 0.00249816
5 0.448959 0.77562 0.387962 0.0703066 0.00211201
1 0.175633 0.71434 0.0896272 0.102673 0.00193986
1 0.206715 0.745379 0.26009 0.175905 0.00174653
5 0.36207 0.785188 0.271654 0.0813931 0.0011273
