1 0.170918 0.416656 0.262063 0.29583 0.78437
5 0.321834 0.421422 0.538907 0.361273 0.318322
10 0.573499 0.704492 0.378381 0.36606 0.170137
10 0.472168 0.444093 0.467212 0.454477 0.0435729
5 0.351394 0.61303 0.0907791 0.53752 0.0373005
10 0.390641 0.446765 0.518328 0.422024 0.0310882
6 0.214446 0.39079 0.317894 0.287541 0.0219966
5 0.268056 0.459754 0.255346 0.286788 0.0210896
1 0.22774 0.44029 0.341328 0.329999 0.0126589
10 0.251626 0.574017 0.277271 0.581421 0.0121518
5 0.234299 0.439174 0.32725 0.33169 0.00929668
5 0.32213 0.491005 0.135965 0.222794 0.00904003
5 0.276224 0.632271 0.235151 0.478389 0.00898803
5 0.140261 0.476252 0.175358 0.189393 0.00776213
1 0.569204 0.707719 0.37668 0.379894 0.00721673
5 0.302465 0.598206 0.200029 0.567967 0.00650863
5 0.355332 0.638527 0.087952 0.338816 0.00515386
10 0.348624 0.613818 0.107299 0.53879 0.00468736
5 0.295886 0.475596 0.197593 0.255433 0.00464404
5 0.33744 0.474635 0.11084 0.261173 0.00451004
10 0.236853 0.472403 0.301614 0.443844 0.00427387
5 0.202764 0.514455 0.296012 0.288992 0.00395575
6 0.212618 0.327826 0.306997 0.14535 0.0036957
10 0.375758 0.613327 0.159591 0.556537 0.00307623
10 0.282063 0.50072 0.235874 0.301411 0.00262018
1 0.160708 0.470275 0.207831 0.194187 0.00221714
5 0.364492 0.61073 0.126382 0.560475 0.00205819
10 0.610957 0.551222 0.251095 0.432311 0.00196681
5 0.336914 0.50359 0.101623 0.190176 0.00192031
10 0.451922 0.456716 0.255454 0.415398 0.00166404
10 0.298253 0.602368 0.211717 0.572938 0.00157749
10 0.497686 0.510246 0.481344 0.570742 0.00120595
10 0.412358 0.606704 0.234999 0.552555 0.00117013
10 0.588256 0.613232 0.333338 0.525918 0.00113876
5 0.160863 0.525222 0.215 0.292997 0.00109194
5 0.341151 0.647551 0.095077 0.346076 0.00106532
10 0.334234 0.552748 0.146647 0.384826 0.00103551
