11 0.0789735 0.680926 0.0511303 0.0435146 0.0155611
5 0.729154 0.311051 0.0681587 0.0658873 0.00521511
1 0.688273 0.407922 0.0883107 0.0744725 0.00379291
5 0.785691 0.247653 0.0469375 0.0955693 0.00319921
5 0.690424 0.405163 0.0946888 0.0783329 0.00300736
5 0.797689 0.247198 0.0652969 0.0920598 0.00292181
5 0.782307 0.236079 0.0409065 0.0987005 0.0020355
1 0.796776 0.233388 0.067474 0.090757 0.00191992
5 0.77586 0.237636 0.0451315 0.0832274 0.00171407
5 0.791118 0.236587 0.0584007 0.0984924 0.00162501
5 0.738467 0.303386 0.0611233 0.0716471 0.00142565
1 0.795393 0.214425 0.0681366 0.0639595 0.00113867
1 0.779004 0.214182 0.0430086 0.0751282 0.00102809
1 0.785064 0.219455 0.0488229 0.0838617 0.00102006
