1 0.326248 0.767931 0.154883 0.202283 0.574289
1 0.683447 0.821611 0.326115 0.16688 0.0726988
1 0.37851 0.769218 0.3069 0.201963 0.0523076
5 0.70516 0.775496 0.303748 0.0750782 0.0331094
1 0.705198 0.776722 0.310719 0.0793551 0.0301947
1 0.450578 0.75733 0.343061 0.191301 0.0219331
1 0.581698 0.809056 0.45314 0.176954 0.0171991
5 0.700902 0.790566 0.317942 0.0953069 0.0137693
5 0.321252 0.735752 0.10053 0.131894 0.0110801
1 0.434701 0.776344 0.198185 0.197355 0.0110023
1 0.41794 0.795556 0.256836 0.1994 0.00749528
1 0.475112 0.789123 0.279918 0.176867 0.00689114
1 0.544695 0.75888 0.435595 0.160906 0.00413448
1 0.686435 0.786429 0.333491 0.107194 0.00400279
5 0.702341 0.809279 0.306339 0.13724 0.00378986
1 0.69949 0.852676 0.202538 0.136188 0.00365743
1 0.450418 0.823038 0.205258 0.195378 0.00263031
1 0.39978 0.728911 0.226354 0.128238 0.00262581
5 0.703994 0.823842 0.244419 0.165253 0.00260994
1 0.391995 0.754346 0.236991 0.179548 0.00239853
1 0.50761 0.812741 0.333098 0.179628 0.0023952
5 0.317858 0.761652 0.118346 0.180443 0.00220775
1 0.670902 0.768386 0.368223 0.121454 0.00198428
5 0.32578 0.718507 0.0933182 0.0983572 0.00190139
1 0.643005 0.796537 0.393507 0.119812 0.00186083
1 0.532553 0.790134 0.478275 0.178891 0.00176209
1 0.361236 0.765994 0.211928 0.201678 0.00161052
5 0.704705 0.787236 0.296788 0.0619325 0.00148799
1 0.33554 0.723837 0.140444 0.113673 0.00145702
1 0.407991 0.792321 0.207339 0.158606 0.00131773
1 0.320928 0.77991 0.110163 0.174591 0.00125131
1 0.448443 0.720291 0.260487 0.116136 0.00113362
1 0.620398 0.867538 0.198891 0.106116 0.0011333
1 0.342593 0.71598 0.112552 0.0982373 0.00103248
