6 0.191634 0.491997 0.111814 0.156733 0.833944
10 0.285788 0.64972 0.475381 0.326898 0.803142
6 0.0947886 0.439404 0.0462466 0.185098 0.619994
10 0.286729 0.726989 0.440873 0.160542 0.524573
10 0.302858 0.744561 0.357315 0.122389 0.250959
10 0.267916 0.718986 0.360033 0.136434 0.129724
10 0.263675 0.677644 0.357144 0.197767 0.117962
10 0.280583 0.819609 0.451198 0.117916 0.0791837
10 0.228565 0.706181 0.347732 0.145167 0.0405223
10 0.322876 0.81391 0.338683 0.0846588 0.0356967
6 0.963204 0.399662 0.0735922 0.229186 0.0275671
10 0.283691 0.77775 0.444279 0.147342 0.0262754
10 0.347274 0.757602 0.310722 0.104098 0.0142241
10 0.298735 0.698826 0.325617 0.183665 0.00391233
10 0.281327 0.737855 0.26155 0.12421 0.0031323
10 0.263379 0.549675 0.332842 0.0929706 0.00309835
10 0.311682 0.655006 0.352913 0.246919 0.00252145
10 0.282436 0.80551 0.466859 0.171461 0.00251384
6 0.968873 0.366568 0.0622531 0.323444 0.00126014
10 0.272604 0.546831 0.333603 0.0665229 0.00115084
