5 0.545932 0.700084 0.493508 0.599831 0.983916
6 0.25062 0.548207 0.349319 0.264087 0.75639
5 0.219753 0.355918 0.204879 0.484079 0.668221
10 0.339523 0.424904 0.147547 0.577372 0.569885
10 0.28391 0.439651 0.200532 0.618252 0.338874
4 0.396192 0.224121 0.440883 0.216033 0.3388
10 0.315857 0.463134 0.175714 0.572951 0.187489
10 0.447557 0.223068 0.330674 0.192599 0.177813
5 0.541459 0.622921 0.458748 0.488596 0.0498654
10 0.280236 0.540231 0.200049 0.422251 0.0418026
4 0.353779 0.218035 0.333541 0.336595 0.0337384
10 0.357925 0.492473 0.171537 0.515672 0.0274268
10 0.253137 0.373456 0.214097 0.519414 0.0212091
10 0.316316 0.517471 0.209225 0.439451 0.0131882
10 0.281427 0.347288 0.206018 0.47356 0.0114072
10 0.385482 0.550513 0.238419 0.405392 0.00964476
10 0.503017 0.563676 0.416178 0.402833 0.00777686
4 0.302974 0.269949 0.271947 0.337655 0.0066625
6 0.258816 0.518007 0.288219 0.288116 0.00567665
10 0.289318 0.558359 0.268014 0.352611 0.004717
10 0.280892 0.32279 0.259814 0.372743 0.00387915
10 0.43672 0.527765 0.29409 0.458968 0.00376863
10 0.316148 0.341717 0.188797 0.465029 0.00327223
6 0.317149 0.566443 0.215332 0.337206 0.00286082
10 0.235691 0.323357 0.149341 0.390304 0.00208915
10 0.232031 0.444581 0.298431 0.636972 0.00199778
10 0.311867 0.277405 0.134173 0.316665 0.00151539
6 0.229158 0.441156 0.265781 0.304358 0.00118207
