1 0.162126 0.241696 0.228341 0.213263 0.847342
5 0.752513 0.674693 0.158134 0.306816 0.837203
6 0.433929 0.416935 0.184089 0.201716 0.828901
1 0.427959 0.790506 0.479538 0.158047 0.702995
6 0.438351 0.577491 0.205231 0.0531733 0.123389
6 0.549707 0.4863 0.113121 0.207149 0.0720281
6 0.554222 0.45722 0.135178 0.273734 0.0248511
6 0.429026 0.497675 0.233051 0.199199 0.0116419
10 0.440352 0.575691 0.209459 0.0453985 0.00995325
6 0.435473 0.605857 0.215042 0.111598 0.0098435
6 0.447262 0.521889 0.225111 0.168543 0.00560649
6 0.524189 0.477458 0.164488 0.232358 0.00390042
6 0.435821 0.62828 0.231309 0.159752 0.00381972
6 0.575716 0.440583 0.19269 0.302866 0.002857
6 0.517452 0.385077 0.110228 0.158901 0.0024707
6 0.441975 0.587554 0.206964 0.0764387 0.00240722
6 0.406104 0.584119 0.278919 0.082613 0.001968
10 0.4503 0.567791 0.260178 0.0695461 0.00192674
6 0.519673 0.408501 0.132588 0.220606 0.00140875
