1 0.819938 0.59461 0.190608 0.181264 0.770768
1 0.84107 0.502287 0.128541 0.156889 0.100226
1 0.850234 0.502984 0.089846 0.132319 0.0418728
1 0.814662 0.533958 0.14846 0.270268 0.0199713
1 0.831073 0.483382 0.115471 0.171946 0.0199134
10 0.101751 0.632647 0.0655541 0.0310024 0.0192143
5 0.816622 0.471618 0.127597 0.177224 0.0187369
1 0.684678 0.678046 0.126511 0.0643781 0.0167806
1 0.790605 0.522604 0.161024 0.218471 0.0108352
1 0.831831 0.520269 0.152867 0.183052 0.0100491
1 0.814288 0.487913 0.132185 0.190847 0.00934215
1 0.685706 0.690794 0.128858 0.0786717 0.00905264
1 0.839615 0.542945 0.139078 0.103715 0.00759356
5 0.803382 0.48958 0.144982 0.17433 0.00624871
1 0.852226 0.519575 0.0963627 0.0968282 0.0052418
5 0.777996 0.450656 0.128365 0.193039 0.00436655
5 0.797151 0.462236 0.148211 0.178127 0.00428744
1 0.685706 0.683294 0.133875 0.112002 0.00417838
5 0.796362 0.533138 0.148287 0.277681 0.00348148
5 0.732646 0.631176 0.152733 0.0983522 0.00336196
5 0.766473 0.633055 0.0915436 0.0714335 0.00204854
5 0.733907 0.610485 0.150489 0.132843 0.00192934
4 0.406845 0.514232 0.10324 0.0826679 0.00170151
5 0.756941 0.642239 0.0879975 0.0668973 0.00140997
5 0.722059 0.646219 0.152044 0.0750741 0.00139671
5 0.823568 0.473215 0.0991951 0.158921 0.00136246
5 0.850466 0.542685 0.111345 0.0755628 0.00107083
1 0.689132 0.711928 0.126217 0.0973827 0.00105854
