1 0.711508 0.302826 0.364331 0.235918 0.794856
5 0.774466 0.505707 0.15729 0.437821 0.751603
10 0.810635 0.406638 0.190189 0.447738 0.0810512
6 0.805137 0.306855 0.238571 0.209019 0.080174
10 0.511661 0.473408 0.652724 0.225884 0.0517403
10 0.51732 0.471711 0.521055 0.104961 0.0418352
10 0.789494 0.372299 0.182572 0.384941 0.0265573
5 0.801387 0.480425 0.234703 0.472383 0.0196038
10 0.531654 0.539571 0.61594 0.278075 0.0190346
6 0.775852 0.314207 0.254472 0.17418 0.0169734
10 0.499856 0.431315 0.68413 0.242155 0.0145281
10 0.526907 0.407992 0.641723 0.327694 0.0112502
5 0.498154 0.471385 0.552183 0.0946466 0.0111864
10 0.537581 0.580929 0.599743 0.196896 0.0111549
6 0.799089 0.337273 0.216512 0.184028 0.0108389
10 0.609388 0.43634 0.484406 0.380752 0.00974167
6 0.836236 0.311439 0.168826 0.244265 0.00917313
5 0.789289 0.262101 0.180406 0.18908 0.00884821
5 0.785133 0.53881 0.126806 0.378775 0.00743259
10 0.820084 0.500428 0.175576 0.450461 0.00739318
10 0.743168 0.39049 0.24884 0.414777 0.00723344
10 0.79314 0.468927 0.183426 0.420749 0.00665703
10 0.600487 0.401216 0.35697 0.229531 0.00579116
10 0.658339 0.392492 0.397329 0.395763 0.00575458
10 0.692667 0.472119 0.281467 0.10173 0.00508964
5 0.741706 0.300207 0.275814 0.259437 0.00470908
6 0.770689 0.279938 0.21952 0.236523 0.00421444
10 0.655787 0.392193 0.245217 0.238728 0.00416357
10 0.721833 0.420834 0.35597 0.272458 0.00309946
5 0.796937 0.332568 0.27709 0.304046 0.00297633
5 0.830129 0.282932 0.0963039 0.194073 0.00295866
6 0.844733 0.529396 0.130477 0.399014 0.00293068
6 0.734104 0.307963 0.318455 0.183954 0.00279223
5 0.789651 0.284661 0.200934 0.246357 0.00230366
5 0.738445 0.310739 0.320619 0.170424 0.00226877
6 0.644944 0.439608 0.19812 0.101623 0.00223226
1 0.774336 0.299697 0.212487 0.25897 0.00205741
5 0.845023 0.272221 0.0623585 0.175059 0.00200276
5 0.6851 0.237072 0.290578 0.0905703 0.00148329
10 0.519007 0.449852 0.506076 0.129526 0.00134705
5 0.842342 0.299065 0.081988 0.219388 0.0013221
6 0.812042 0.331271 0.24604 0.300437 0.00130805
10 0.578069 0.49347 0.541336 0.369914 0.00128793
10 0.541475 0.425347 0.471519 0.180071 0.00123836
5 0.67675 0.227496 0.251459 0.0537597 0.00112113
