1 0.481212 0.57283 0.374169 0.208981 0.659538
1 0.426993 0.536186 0.272197 0.132925 0.0740848
5 0.475453 0.603277 0.324733 0.165318 0.0353271
1 0.479734 0.560068 0.340281 0.153947 0.0352913
1 0.499553 0.579903 0.328722 0.150267 0.0297177
5 0.413568 0.591888 0.246819 0.132752 0.0162167
5 0.475802 0.651178 0.303895 0.236451 0.0117185
1 0.550964 0.572601 0.250553 0.131781 0.0116972
1 0.49368 0.622457 0.317898 0.172929 0.008847
1 0.572987 0.588145 0.251419 0.132054 0.00859745
5 0.549131 0.584857 0.278887 0.132836 0.00853139
1 0.475869 0.650326 0.309399 0.238458 0.00701865
1 0.490464 0.676448 0.255489 0.171794 0.00573458
5 0.481133 0.674609 0.249247 0.172258 0.00556124
5 0.576699 0.597748 0.251391 0.142354 0.005308
1 0.411565 0.601331 0.248235 0.141416 0.00525847
1 0.451398 0.593045 0.29177 0.151604 0.00465669
5 0.387872 0.58132 0.244736 0.10705 0.00405367
5 0.55873 0.567674 0.222662 0.123217 0.00379318
5 0.554801 0.646187 0.25522 0.132699 0.0021555
5 0.460323 0.667293 0.211116 0.132359 0.00204105
5 0.400704 0.553599 0.253865 0.0953518 0.00186425
5 0.584449 0.648536 0.209686 0.094278 0.00176611
5 0.617601 0.652777 0.13928 0.0641899 0.00150453
5 0.597599 0.61723 0.208615 0.128674 0.00148983
1 0.428833 0.619486 0.245377 0.151206 0.00133695
5 0.574444 0.630789 0.246774 0.144509 0.0010831
5 0.417932 0.616839 0.225031 0.151008 0.00100912
