5 0.221933 0.808264 0.284522 0.0879731 0.833743
1 0.871316 0.264829 0.101158 0.129376 0.200117
1 0.136125 0.640514 0.158494 0.141835 0.109988
1 0.149913 0.659055 0.158202 0.173606 0.0913743
5 0.119542 0.730168 0.0829604 0.174249 0.0845216
1 0.67818 0.246783 0.256637 0.252254 0.055773
1 0.172024 0.634187 0.145378 0.149034 0.0406777
5 0.130543 0.723874 0.119857 0.168263 0.0374155
5 0.10979 0.66082 0.0978454 0.135382 0.0318531
1 0.728908 0.228379 0.152866 0.163399 0.0294205
1 0.16306 0.680469 0.108925 0.136207 0.0195181
1 0.130374 0.733597 0.113353 0.179002 0.0152032
1 0.118945 0.649547 0.123719 0.134101 0.011863
1 0.83618 0.267208 0.0917916 0.1305 0.0114289
5 0.104347 0.670433 0.0767584 0.134013 0.0111199
1 0.129582 0.674518 0.133471 0.163891 0.00921128
1 0.861095 0.266182 0.0737716 0.120759 0.00818663
1 0.150939 0.698196 0.115072 0.11863 0.00746376
5 0.272397 0.818547 0.172949 0.0598583 0.00710489
1 0.12663 0.627225 0.143262 0.0997261 0.00532684
5 0.169818 0.680635 0.0900251 0.141007 0.0052363
5 0.285227 0.809202 0.15729 0.0461029 0.00520402
1 0.181566 0.647908 0.117426 0.15837 0.00508665
5 0.280388 0.819569 0.156344 0.0459068 0.00455475
1 0.705095 0.211032 0.16315 0.15002 0.00402354
1 0.168675 0.69793 0.0838901 0.118392 0.00390557
1 0.722924 0.2946 0.175367 0.149903 0.00330896
1 0.709917 0.257703 0.205459 0.239458 0.00275771
5 0.730362 0.221355 0.136178 0.142134 0.00243426
1 0.148822 0.729911 0.109953 0.169077 0.00233951
1 0.754448 0.288414 0.140825 0.137616 0.00217652
5 0.293427 0.787415 0.167377 0.0739104 0.00205242
1 0.776485 0.278909 0.147191 0.132144 0.00202719
1 0.886571 0.286924 0.0954003 0.0973276 0.00201027
5 0.716742 0.206965 0.150728 0.160603 0.00183858
5 0.108851 0.69833 0.0769533 0.13462 0.00173881
5 0.751623 0.280979 0.113895 0.127633 0.00170374
1 0.706329 0.221177 0.201748 0.188648 0.00166808
1 0.120055 0.625038 0.136148 0.0707478 0.00128518
1 0.73311 0.284362 0.130426 0.135512 0.00128129
1 0.685312 0.231037 0.172854 0.140994 0.00121592
5 0.869553 0.274015 0.0671088 0.101061 0.00120871
1 0.130509 0.700933 0.10979 0.130019 0.00112299
1 0.66053 0.26916 0.132795 0.145376 0.00107232
