5 0.149685 0.70673 0.0865497 0.0666891 0.138327
5 0.185254 0.669029 0.0831363 0.248916 0.117696
1 0.158539 0.758818 0.118139 0.17481 0.105921
1 0.188429 0.643965 0.0744242 0.191339 0.0622352
1 0.169505 0.747365 0.079949 0.173325 0.061669
1 0.190941 0.678057 0.0760724 0.19935 0.0616104
5 0.188785 0.639429 0.071242 0.188785 0.0485827
4 0.610539 0.554238 0.0835453 0.0541473 0.0476932
1 0.157653 0.734539 0.0990475 0.150145 0.0355746
5 0.149499 0.718757 0.083236 0.0964858 0.0352374
1 0.184842 0.746704 0.0788656 0.172953 0.0218114
1 0.190287 0.741235 0.093766 0.127569 0.0213028
1 0.197844 0.711487 0.0896145 0.11989 0.0194126
1 0.855139 0.29806 0.0862854 0.106224 0.0180747
5 0.183799 0.674451 0.0609105 0.236729 0.0105301
4 0.603723 0.547692 0.07529 0.052375 0.0067327
4 0.596889 0.555786 0.0604784 0.0527952 0.00500978
1 0.178554 0.691978 0.0919559 0.248156 0.00483653
5 0.145457 0.743041 0.0921019 0.126837 0.0033272
5 0.179886 0.706131 0.0577261 0.213448 0.00325011
1 0.176846 0.768475 0.071292 0.14113 0.00220433
4 0.615333 0.54585 0.0891163 0.0567553 0.00202576
5 0.201602 0.725246 0.0962124 0.0777751 0.00172401
1 0.148171 0.776353 0.116206 0.131364 0.00158656
5 0.157737 0.788987 0.0978822 0.109179 0.00123471
5 0.142548 0.769676 0.0997702 0.112237 0.00111738
5 0.177194 0.79197 0.067904 0.0979529 0.00109116
5 0.179397 0.768947 0.0681786 0.139939 0.00102746
