10 0.910698 0.506132 0.0763954 0.719168 0.843821
6 0.795276 0.417299 0.279854 0.26121 0.806715
6 0.83176 0.321292 0.200794 0.386136 0.142177
6 0.835159 0.265768 0.199684 0.280749 0.0514326
10 0.837424 0.327514 0.209047 0.414374 0.0162249
10 0.863246 0.387531 0.0624239 0.462083 0.0160287
10 0.858924 0.377343 0.090699 0.437312 0.0130757
4 0.847306 0.323894 0.209468 0.399546 0.00628594
6 0.853961 0.376144 0.13692 0.332951 0.0044116
10 0.904158 0.45002 0.0958943 0.660032 0.00426663
6 0.813763 0.234339 0.154209 0.220605 0.00339924
10 0.857658 0.368893 0.118577 0.328899 0.00158124
10 0.904771 0.390911 0.0690998 0.491862 0.00125367
10 0.862048 0.421998 0.204633 0.601425 0.00106563
