4 0.614632 0.790775 0.0336367 0.119003 0.0588543
4 0.624406 0.792879 0.0441667 0.125191 0.0154099
10 0.728791 0.3143 0.0618423 0.255395 0.0139246
4 0.605059 0.784198 0.0434858 0.116028 0.0110829
10 0.729091 0.376661 0.0637612 0.393473 0.0103368
10 0.722696 0.287671 0.0535441 0.210917 0.00398348
10 0.616548 0.788612 0.0302404 0.116995 0.00308932
4 0.644641 0.795878 0.0312981 0.132067 0.00187947
10 0.725061 0.296669 0.0655737 0.174804 0.00152098
10 0.622467 0.16775 0.0782202 0.0669857 0.0015146
4 0.597174 0.779271 0.0457156 0.12559 0.00138299
10 0.60755 0.785557 0.0432899 0.118983 0.00133404
10 0.632087 0.155865 0.0513065 0.0740342 0.00130743
