5 0.537895 0.55027 0.0970774 0.332395 0.62036
4 0.2816 0.262121 0.0522779 0.127236 0.101391
1 0.537711 0.549939 0.0973875 0.344378 0.0311842
4 0.917995 0.608687 0.0489011 0.138907 0.0192329
1 0.280596 0.270543 0.0476396 0.143286 0.0185875
1 0.274185 0.26342 0.0562119 0.125441 0.0114258
5 0.528753 0.486533 0.059201 0.264671 0.0069219
1 0.508424 0.579916 0.0490988 0.221526 0.00480308
4 0.925358 0.622271 0.0382359 0.142014 0.00477887
4 0.913677 0.593518 0.0570985 0.156688 0.00470366
4 0.285027 0.249915 0.0588521 0.09697 0.00335685
5 0.515089 0.598606 0.0493349 0.215184 0.00297701
5 0.539591 0.505364 0.0434739 0.307301 0.00255783
4 0.908104 0.626137 0.0482139 0.113675 0.00243401
5 0.520855 0.512662 0.0656935 0.248394 0.00174046
4 0.919506 0.576591 0.0555484 0.180117 0.00166392
