1 0.123055 0.487928 0.0589095 0.160617 0.0687159
1 0.164362 0.506284 0.0381294 0.129507 0.035694
1 0.159896 0.484195 0.0429568 0.16116 0.0227086
5 0.165055 0.504376 0.0395291 0.129096 0.022401
1 0.127302 0.505216 0.0583986 0.118151 0.0217267
1 0.140376 0.489775 0.0580461 0.155034 0.0208876
1 0.150129 0.499198 0.0474436 0.137906 0.0207372
1 0.131966 0.476335 0.0722201 0.18374 0.0179748
1 0.212031 0.384697 0.0514184 0.209634 0.0168399
5 0.385186 0.591179 0.11331 0.0945257 0.0124851
1 0.171156 0.525303 0.0369689 0.156052 0.0112992
1 0.213731 0.345811 0.0442963 0.152501 0.0112638
1 0.208081 0.3314 0.0334552 0.126873 0.0102448
1 0.116416 0.500983 0.0487566 0.136154 0.0094656
1 0.387276 0.589356 0.107185 0.0975886 0.00809175
1 0.208758 0.363316 0.0365805 0.188273 0.00746753
1 0.152807 0.468552 0.0476663 0.166771 0.00733171
5 0.164019 0.518831 0.0291792 0.133624 0.00703919
5 0.374812 0.604532 0.0861419 0.067295 0.0068565
5 0.168731 0.525759 0.0293787 0.145582 0.00641719
5 0.140641 0.332803 0.0402032 0.14337 0.00578565
5 0.375097 0.588905 0.0818445 0.0986276 0.0054596
1 0.169357 0.336636 0.0174618 0.110347 0.00511512
1 0.168937 0.493066 0.0465309 0.148563 0.00494691
1 0.174845 0.355115 0.0235485 0.161655 0.00461153
1 0.173972 0.337323 0.023021 0.11775 0.00392218
5 0.1138 0.51096 0.043322 0.113994 0.00389456
1 0.203224 0.338014 0.0366599 0.13354 0.00386025
1 0.121558 0.462174 0.0602382 0.122037 0.00350748
1 0.218202 0.372234 0.0398259 0.192973 0.00330776
1 0.396112 0.580877 0.0796094 0.0840164 0.00316174
1 0.160111 0.336911 0.0232332 0.138821 0.00295044
5 0.381849 0.574635 0.0620282 0.1161 0.00291935
5 0.22132 0.355383 0.032356 0.164868 0.00289009
1 0.132968 0.438695 0.0628125 0.108206 0.00286194
5 0.395577 0.59994 0.0855861 0.0944494 0.00282223
5 0.3656 0.611101 0.064814 0.0531256 0.00274428
5 0.106908 0.498425 0.0370119 0.12158 0.00259546
1 0.140569 0.439593 0.0562667 0.127703 0.00251924
5 0.160629 0.472877 0.043955 0.156829 0.00245908
5 0.173887 0.534654 0.033171 0.145259 0.00242218
1 0.155359 0.353304 0.0366472 0.175941 0.00222782
1 0.194974 0.501543 0.0514491 0.163383 0.00208796
5 0.169594 0.542279 0.025827 0.131736 0.00206115
5 0.420061 0.61722 0.031729 0.10282 0.00205418
5 0.38347 0.539526 0.0383707 0.128713 0.00205047
1 0.187594 0.519161 0.0548244 0.171806 0.00198114
1 0.222746 0.337219 0.0296038 0.128922 0.00191005
1 0.138216 0.413963 0.0570047 0.111771 0.00190671
5 0.408295 0.603094 0.0663662 0.107392 0.00182829
5 0.0193048 0.300874 0.0386097 0.0415299 0.00180484
1 0.179862 0.374295 0.0240034 0.193988 0.00175846
4 0.826636 0.299514 0.0652826 0.0505982 0.00156354
5 0.410587 0.622087 0.0374147 0.0881311 0.00154056
1 0.140198 0.363945 0.0486702 0.161153 0.00149751
5 0.176633 0.548015 0.0312847 0.121868 0.00136728
5 0.357615 0.613821 0.0559264 0.0437593 0.00132012
1 0.826642 0.297242 0.0657301 0.0468486 0.00131958
1 0.404029 0.595599 0.0745775 0.0973338 0.00125378
5 0.418717 0.608524 0.0427834 0.112409 0.00120712
5 0.359303 0.598637 0.0648412 0.0689553 0.00116785
1 0.14954 0.446121 0.0460899 0.148765 0.00113309
