10 0.522931 0.525545 0.726406 0.321443 0.839134
6 0.163822 0.753801 0.309194 0.291178 0.794431
10 0.682156 0.680177 0.524499 0.267489 0.549805
5 0.29688 0.878513 0.432901 0.180665 0.439001
10 0.470981 0.866432 0.507529 0.119822 0.159562
1 0.740809 0.715639 0.388258 0.229254 0.0716234
5 0.351248 0.843071 0.291243 0.094703 0.0561295
10 0.486512 0.888119 0.47888 0.0895868 0.0384445
5 0.307592 0.883104 0.357148 0.137648 0.0306707
10 0.561157 0.901128 0.352523 0.0544012 0.0303517
10 0.707854 0.713441 0.462028 0.231579 0.0214618
5 0.368262 0.88084 0.336679 0.163797 0.0143117
10 0.469808 0.912442 0.508157 0.0973251 0.0089592
5 0.361463 0.863831 0.284476 0.142651 0.00871405
1 0.296616 0.875521 0.433048 0.176665 0.00823805
10 0.501639 0.904446 0.445714 0.0612012 0.00560139
10 0.41133 0.873455 0.612681 0.191045 0.00541438
5 0.384 0.919378 0.34441 0.0967833 0.00406213
5 0.432877 0.915835 0.342986 0.0798838 0.00324441
5 0.223828 0.865634 0.301128 0.111975 0.00280616
5 0.481215 0.889541 0.364347 0.0798145 0.00260296
10 0.40697 0.922636 0.392908 0.0797833 0.00174307
5 0.450216 0.920461 0.49721 0.0951277 0.00171583
5 0.34781 0.925323 0.466696 0.0843613 0.0015156
5 0.46729 0.902546 0.359486 0.0719576 0.00150943
5 0.377933 0.838507 0.233239 0.0825557 0.00147208
10 0.297974 0.911514 0.322983 0.106527 0.00145011
5 0.387255 0.849723 0.265126 0.112131 0.00141641
5 0.473023 0.855508 0.355968 0.0929423 0.0012958
10 0.467017 0.833291 0.494534 0.17228 0.00128974
10 0.483044 0.853973 0.359433 0.0811148 0.00113878
5 0.22822 0.883251 0.335696 0.143619 0.00113077
10 0.554793 0.912244 0.345822 0.0712291 0.00111168
4 0.237428 0.876356 0.315699 0.177606 0.00104649
