11 0.330041 0.66568 0.0939715 0.0837683 0.685678
11 0.40552 0.366645 0.145166 0.0425213 0.0523593
11 0.37684 0.375532 0.185068 0.0372481 0.0169082
11 0.363468 0.381695 0.200979 0.0313771 0.0118829
11 0.250743 0.384195 0.159239 0.0335065 0.0102735
11 0.398782 0.373059 0.14799 0.0377945 0.00740557
11 0.2466 0.436116 0.180053 0.0464297 0.00692757
11 0.389762 0.378922 0.150689 0.037065 0.00591671
11 0.206259 0.399353 0.16151 0.0421686 0.00517643
11 0.265504 0.428621 0.151007 0.0387155 0.00466349
11 0.230885 0.387892 0.156493 0.0420501 0.00418289
11 0.311386 0.385341 0.126755 0.0293545 0.00406288
11 0.220548 0.393584 0.171439 0.0454822 0.00393846
11 0.244595 0.37695 0.148627 0.0292703 0.00307072
11 0.461405 0.395392 0.161863 0.0617865 0.00271653
11 0.241637 0.424625 0.134745 0.0327755 0.00267721
11 0.210679 0.440871 0.126582 0.0475382 0.00264508
11 0.428242 0.379373 0.176745 0.0488826 0.00247863
11 0.183851 0.450245 0.10062 0.0742172 0.00237929
11 0.343299 0.38458 0.156061 0.0336881 0.0022494
11 0.310621 0.651172 0.128314 0.116598 0.0021563
11 0.275448 0.386884 0.127547 0.0316062 0.00203376
11 0.178176 0.43999 0.11107 0.0492406 0.00178935
11 0.319687 0.380291 0.138794 0.0374689 0.00177282
11 0.818612 0.623295 0.0807511 0.0843954 0.00165045
11 0.200467 0.40493 0.146893 0.0305527 0.00155279
11 0.301608 0.426398 0.162513 0.0377708 0.00149205
11 0.489605 0.397644 0.186079 0.0622412 0.00148217
11 0.284942 0.632126 0.12698 0.064792 0.00129775
11 0.225688 0.615967 0.0565769 0.0733183 0.00123554
11 0.199054 0.418781 0.127728 0.0276942 0.00116888
11 0.195195 0.612242 0.0475444 0.0724504 0.00103796
11 0.485856 0.387294 0.16017 0.0595923 0.00102838
