9 0.392122 0.491128 0.408011 0.467336 0.811321
0 0.373906 0.433503 0.444859 0.343297 0.711298
0 0.460601 0.406805 0.368987 0.292474 0.197841
6 0.434261 0.433005 0.313606 0.304042 0.031757
0 0.356993 0.461369 0.37935 0.269941 0.0297477
6 0.385924 0.441788 0.360469 0.271338 0.0126309
0 0.492744 0.351514 0.29909 0.184718 0.0110887
6 0.333545 0.476501 0.296162 0.234009 0.00929879
6 0.323537 0.525302 0.212642 0.0983722 0.00320014
9 0.267529 0.542629 0.248932 0.360575 0.00195655
6 0.305348 0.482676 0.250313 0.170924 0.00190017
9 0.273831 0.589814 0.171427 0.271004 0.00130413
6 0.367891 0.497045 0.137821 0.144502 0.00127656
0 0.33344 0.467915 0.294979 0.239628 0.0010324
