3 0.151572 0.671966 0.0995505 0.121205 0.808081
3 0.612509 0.312999 0.1102 0.0351575 0.150981
3 0.585288 0.659671 0.0581272 0.0391472 0.0204536
10 0.612514 0.315195 0.105158 0.030609 0.016312
11 0.546849 0.343581 0.0832099 0.0311394 0.0054577
11 0.62322 0.350611 0.0554947 0.0298088 0.00544342
11 0.614476 0.315356 0.103794 0.0320882 0.00481275
11 0.614787 0.657073 0.0521221 0.0343675 0.00321643
11 0.514458 0.363662 0.0714188 0.0339714 0.00317938
11 0.55814 0.67829 0.0614899 0.0283795 0.00310089
11 0.5698 0.68009 0.0686909 0.0288494 0.00306101
11 0.672871 0.680155 0.057495 0.0341224 0.00292406
11 0.678019 0.318154 0.0467165 0.0286716 0.00284079
11 0.493897 0.361267 0.0550524 0.0390397 0.00275987
11 0.697903 0.358649 0.0405072 0.0570886 0.00273306
11 0.502557 0.360391 0.0506564 0.0355434 0.00265691
11 0.5603 0.347705 0.0605095 0.0288575 0.00263413
11 0.689204 0.330293 0.0454798 0.0278755 0.00256124
11 0.675466 0.395513 0.0416079 0.0406703 0.00246905
11 0.638071 0.319421 0.0569352 0.0300743 0.0024519
11 0.532875 0.349243 0.0786788 0.0328979 0.00234899
11 0.680547 0.327193 0.0497908 0.0279417 0.00227223
11 0.545349 0.662042 0.0416303 0.0521875 0.00224383
11 0.534374 0.341463 0.0669684 0.0319809 0.00223974
11 0.686525 0.358871 0.0421232 0.0592086 0.00218431
11 0.67792 0.386159 0.0380924 0.0505478 0.00217957
11 0.687802 0.319029 0.0463797 0.0277755 0.00214378
11 0.517219 0.35467 0.0699196 0.0295431 0.00208243
11 0.586209 0.486469 0.0710762 0.0464813 0.00204528
11 0.694318 0.349269 0.0459544 0.0481086 0.00199528
11 0.579608 0.495431 0.0572558 0.0558356 0.00198947
11 0.592077 0.658156 0.0730286 0.0368176 0.00198865
11 0.559202 0.663115 0.0605987 0.0421667 0.00195473
11 0.69513 0.340301 0.0415831 0.03673 0.00187767
11 0.587085 0.481848 0.0659675 0.0336616 0.00185543
11 0.686024 0.37014 0.0361485 0.053618 0.00184087
11 0.497866 0.351815 0.0696705 0.0492582 0.00176139
11 0.623204 0.661122 0.0487986 0.0438638 0.00170803
11 0.587776 0.381376 0.0708178 0.026636 0.00166703
11 0.566402 0.350997 0.0549141 0.0272374 0.00161427
11 0.698212 0.332019 0.0406883 0.0294431 0.00159892
11 0.673656 0.413924 0.0516908 0.0444072 0.00151395
11 0.628896 0.626285 0.0536003 0.0423695 0.00149649
11 0.563479 0.683157 0.0681099 0.0227281 0.00149311
11 0.714937 0.391625 0.0199524 0.0736031 0.00147176
11 0.528842 0.361592 0.0821794 0.037163 0.00146162
3 0.612016 0.299848 0.109933 0.0657864 0.00146076
3 0.585424 0.660959 0.0754062 0.0465402 0.00143607
3 0.627727 0.683121 0.0637556 0.0242671 0.00141354
11 0.574562 0.668977 0.0689821 0.0452721 0.00139515
11 0.6856 0.386583 0.0394907 0.0551815 0.00139249
11 0.656582 0.322373 0.0500758 0.0304646 0.00138988
11 0.687788 0.340621 0.0503246 0.0351144 0.00133656
11 0.68025 0.373301 0.0326317 0.0475352 0.00128316
11 0.533405 0.431463 0.0793152 0.0485832 0.00125241
11 0.631688 0.326622 0.0679912 0.0441044 0.00124838
11 0.654794 0.667545 0.0352632 0.0532724 0.00124512
11 0.714727 0.370786 0.027219 0.0588107 0.00123683
11 0.66688 0.418743 0.0518442 0.0511152 0.00123097
11 0.56831 0.513913 0.0523701 0.0648403 0.0012207
11 0.5598 0.525379 0.0464134 0.0568091 0.0012205
11 0.676072 0.422739 0.0580461 0.0416423 0.00121815
11 0.57347 0.501904 0.0524746 0.060401 0.00120622
11 0.510061 0.342379 0.0616358 0.0350205 0.00119627
11 0.640294 0.662898 0.042152 0.048641 0.00118108
11 0.704238 0.378455 0.0322156 0.0632333 0.00117291
11 0.579326 0.363655 0.071477 0.0277194 0.00117006
11 0.674766 0.671308 0.0490544 0.0429402 0.00116325
11 0.615816 0.352066 0.0457496 0.0295148 0.00106599
11 0.652022 0.31598 0.0421217 0.0271079 0.00104763
11 0.669724 0.40972 0.0500164 0.0602479 0.00102809
11 0.632163 0.315403 0.068561 0.0298898 0.0010225
11 0.647835 0.668915 0.0305613 0.0562076 0.00101384
11 0.687156 0.351966 0.0499871 0.0501887 0.0010107
11 0.545872 0.670338 0.040533 0.0416816 0.00100213
