10 0.506035 0.37176 0.214323 0.333295 0.894629
4 0.417454 0.320468 0.113527 0.20255 0.719271
10 0.436652 0.315557 0.101387 0.214592 0.0212136
4 0.455132 0.314821 0.115776 0.212616 0.0202134
4 0.438587 0.319249 0.0915639 0.202598 0.0168668
4 0.468509 0.333776 0.138276 0.174615 0.0155122
4 0.495587 0.349849 0.195246 0.144118 0.0106301
3 0.600201 0.41552 0.263094 0.248365 0.00404733
4 0.491165 0.340393 0.240642 0.242148 0.00335165
4 0.432083 0.328607 0.159677 0.238226 0.00268492
4 0.477565 0.362014 0.158837 0.145906 0.0024657
4 0.452865 0.366539 0.104922 0.137625 0.00173008
10 0.485398 0.334687 0.174925 0.258429 0.00152709
