3 0.742648 0.488766 0.404796 0.30226 0.906374
4 0.559678 0.504654 0.245381 0.142558 0.576495
4 0.645461 0.501468 0.591559 0.275688 0.321738
4 0.56069 0.472143 0.402878 0.192292 0.0171442
4 0.664146 0.528879 0.483938 0.239656 0.0119276
4 0.748284 0.478463 0.248343 0.139012 0.00610812
11 0.735192 0.477455 0.194053 0.129345 0.00446949
4 0.7678 0.493376 0.320404 0.124382 0.00405432
4 0.522343 0.497772 0.270471 0.128074 0.00332816
4 0.598793 0.539413 0.586652 0.309522 0.00128541
11 0.74481 0.477518 0.24779 0.145251 0.00106558
