3 0.828983 0.514087 0.0880106 0.0968227 0.0261213
11 0.1345 0.528648 0.0650961 0.0536294 0.00839078
11 0.227943 0.590316 0.0525197 0.0506642 0.00782048
11 0.241886 0.590551 0.0375104 0.0616251 0.00760061
11 0.26878 0.650523 0.0557386 0.0495661 0.00735198
11 0.218931 0.587991 0.06256 0.0489055 0.00662965
11 0.163869 0.583983 0.0567208 0.039236 0.00650479
11 0.267417 0.668423 0.0654757 0.0432749 0.00559407
11 0.204554 0.512928 0.0686866 0.0314894 0.00515002
11 0.31055 0.54928 0.054164 0.0421261 0.00482553
11 0.258195 0.577117 0.0465538 0.0870576 0.00457834
11 0.256698 0.621716 0.0388541 0.0766532 0.0043919
11 0.245251 0.576128 0.0379123 0.0640921 0.00415335
11 0.130438 0.557043 0.0634658 0.0789052 0.00385039
11 0.250937 0.592312 0.0465598 0.0800234 0.00368847
11 0.244896 0.613895 0.0347717 0.0902066 0.00330133
11 0.265592 0.626595 0.0486808 0.0601282 0.0032359
11 0.209391 0.518534 0.0737098 0.0411939 0.00321111
11 0.15078 0.577084 0.0625613 0.0511569 0.00307626
11 0.249938 0.646183 0.0329534 0.0684032 0.00299925
11 0.178267 0.584575 0.0689427 0.0408167 0.00286152
11 0.118917 0.547671 0.0510471 0.0605 0.00270685
11 0.329465 0.49581 0.0254759 0.0615233 0.00268662
11 0.31905 0.483299 0.0389066 0.0375929 0.00260019
11 0.268507 0.57398 0.0466318 0.0888271 0.00245829
11 0.292572 0.553737 0.0739665 0.0527225 0.00237363
11 0.107326 0.470953 0.0554173 0.0326493 0.00236778
11 0.122417 0.56338 0.0538156 0.067292 0.00234985
11 0.0224264 0.821316 0.0254768 0.0946081 0.00218456
11 0.20521 0.50626 0.0665493 0.0385491 0.00216858
11 0.307029 0.617767 0.0494413 0.0740932 0.0021646
11 0.311934 0.610733 0.0406151 0.070245 0.00216143
11 0.229755 0.578877 0.0471286 0.0545015 0.00212663
11 0.217186 0.578809 0.0622058 0.0525239 0.00207391
11 0.347652 0.589524 0.0437601 0.077455 0.00202079
11 0.297348 0.479694 0.0638222 0.0336975 0.00193584
11 0.321896 0.546042 0.0518981 0.0373779 0.0019106
11 0.231168 0.615057 0.0514497 0.0739093 0.00189238
11 0.333297 0.488667 0.0349264 0.0454252 0.00187918
11 0.189097 0.512408 0.0512515 0.0294482 0.00186637
11 0.216247 0.523505 0.0592952 0.0330762 0.00186042
11 0.187756 0.52612 0.0541064 0.0398728 0.0017798
11 0.259387 0.60359 0.0459177 0.0870381 0.00176951
11 0.248955 0.568215 0.0405235 0.0732775 0.00175081
11 0.283862 0.641581 0.0522587 0.059787 0.00173732
11 0.200547 0.534338 0.0652783 0.0532029 0.00172746
11 0.196423 0.585028 0.0590767 0.0420869 0.00167861
11 0.25731 0.67072 0.0518326 0.0438851 0.00159583
11 0.215771 0.512366 0.0532794 0.0326731 0.00156502
11 0.0980404 0.491542 0.0499937 0.0284666 0.00155711
11 0.14191 0.514794 0.054481 0.040077 0.00149095
11 0.351012 0.541453 0.0547964 0.0385385 0.00147485
11 0.305058 0.477535 0.0636069 0.0260295 0.00142951
11 0.282767 0.623934 0.0552489 0.0694302 0.00141879
11 0.214127 0.54485 0.0683227 0.0624283 0.00136788
11 0.272328 0.599213 0.0434246 0.0918044 0.00135926
11 0.207723 0.538817 0.0672225 0.057618 0.00133887
11 0.100702 0.471864 0.0474912 0.037177 0.00131713
11 0.0649215 0.50156 0.0186789 0.0927171 0.00131629
11 0.122628 0.525084 0.0490785 0.042778 0.00129124
11 0.0790492 0.49443 0.0319296 0.0596669 0.00126798
11 0.226126 0.559623 0.0508603 0.0651256 0.00117923
11 0.112112 0.570135 0.047502 0.0527311 0.00117377
11 0.0616022 0.498075 0.016632 0.094702 0.00113245
11 0.287841 0.565373 0.0750678 0.0723707 0.00109187
11 0.306215 0.639113 0.0484815 0.0544424 0.00108594
11 0.343847 0.54113 0.0537605 0.0347253 0.00107329
11 0.156689 0.51061 0.0610285 0.0305118 0.00106051
11 0.154875 0.527119 0.0609148 0.0440122 0.00103949
11 0.349316 0.566247 0.048095 0.079097 0.00100651
