4 0.401545 0.720417 0.400334 0.267065 0.916382
10 0.437135 0.680491 0.293472 0.165492 0.346717
2 0.555033 0.515719 0.629133 0.245706 0.337932
10 0.28833 0.48795 0.0624336 0.185508 0.334843
4 0.460698 0.715341 0.393663 0.191972 0.333806
1 0.433972 0.678559 0.304171 0.173503 0.289214
4 0.444717 0.686077 0.393544 0.192723 0.0703867
10 0.256251 0.49084 0.130947 0.186819 0.04068
4 0.503475 0.730552 0.308902 0.142816 0.0338564
2 0.537854 0.631323 0.611934 0.267976 0.0245271
2 0.496686 0.500182 0.499473 0.194924 0.017372
2 0.566171 0.568521 0.633252 0.335101 0.00212885
3 0.317452 0.687556 0.260403 0.195966 0.00121957
10 0.29738 0.490151 0.0448303 0.18684 0.00113143
4 0.497114 0.741204 0.445227 0.219081 0.00106455
