8 0.589535 0.533685 0.372959 0.338263 0.914354
3 0.803125 0.457865 0.200622 0.232215 0.736486
3 0.696277 0.500157 0.218436 0.245417 0.634005
11 0.812528 0.454521 0.182798 0.231758 0.535811
11 0.819006 0.475329 0.134903 0.18444 0.0365445
11 0.716715 0.54826 0.1113 0.140522 0.024578
11 0.636911 0.480414 0.0973915 0.104143 0.0112301
11 0.802504 0.488697 0.128975 0.159079 0.00794315
11 0.711672 0.539263 0.149288 0.166836 0.00372975
11 0.629846 0.46983 0.12592 0.134628 0.002074
11 0.806148 0.465844 0.0816931 0.15153 0.00141364
