8 0.241617 0.323074 0.294821 0.408371 0.913138
10 0.706023 0.5565 0.171593 0.0752376 0.277864
10 0.706801 0.570865 0.17252 0.0819028 0.116459
4 0.699483 0.56169 0.172205 0.0968774 0.0579306
10 0.707611 0.587391 0.175926 0.0730863 0.0210529
10 0.700636 0.550996 0.167057 0.107463 0.012907
4 0.684027 0.558627 0.138122 0.0700162 0.00727564
4 0.681322 0.533364 0.211696 0.122239 0.00656297
4 0.659394 0.507223 0.255121 0.203626 0.00448093
4 0.673271 0.566798 0.121319 0.0736253 0.00191164
10 0.693429 0.529402 0.185121 0.144278 0.00146651
10 0.701356 0.532365 0.172603 0.109176 0.00131997
10 0.70074 0.573394 0.170184 0.115233 0.00115009
11 0.41509 0.328763 0.0542611 0.251411 0.00112271
