11 0.350096 0.439803 0.175259 0.035256 0.0448686
11 0.431549 0.440333 0.199701 0.0346554 0.0276143
11 0.489181 0.452026 0.204398 0.0532013 0.0141756
11 0.482641 0.443688 0.213015 0.0416946 0.011834
11 0.567425 0.443203 0.149601 0.0341614 0.00780173
11 0.403184 0.438325 0.139269 0.0294275 0.00773196
11 0.457006 0.451772 0.17252 0.0474637 0.00539931
11 0.469095 0.43933 0.229976 0.0317564 0.00503354
11 0.603989 0.474946 0.127098 0.0256934 0.00419082
11 0.514211 0.442562 0.203777 0.0371273 0.00407283
11 0.282863 0.468646 0.0972509 0.0817625 0.00385721
11 0.575346 0.494936 0.0805603 0.0665693 0.0038316
11 0.287272 0.669412 0.220132 0.0323684 0.00325092
11 0.487216 0.459593 0.17858 0.0366961 0.00319541
11 0.371603 0.444259 0.196922 0.0408062 0.00315059
11 0.556237 0.438903 0.157645 0.0289063 0.00254363
11 0.590711 0.452284 0.16673 0.0342086 0.00247932
11 0.614354 0.450727 0.145613 0.0448633 0.00247648
11 0.269336 0.463753 0.13247 0.0742313 0.00245224
11 0.605753 0.484504 0.124702 0.0446643 0.00217265
11 0.555885 0.492261 0.0961519 0.0819556 0.00213433
11 0.56695 0.472811 0.111207 0.0308957 0.00199968
11 0.564057 0.497023 0.0641827 0.0731901 0.00188402
10 0.546201 0.463756 0.125098 0.0363419 0.00180066
11 0.559939 0.449301 0.148411 0.0461771 0.00162942
11 0.587794 0.658103 0.191002 0.0565703 0.00160048
11 0.289344 0.481713 0.0875044 0.073611 0.00140179
11 0.575013 0.437194 0.146832 0.0279177 0.00122271
11 0.611011 0.499582 0.107945 0.0544996 0.00116412
11 0.565941 0.482285 0.0992785 0.0685358 0.00115565
11 0.589232 0.643464 0.134007 0.0568066 0.00114047
11 0.390671 0.439647 0.237876 0.0369108 0.00108682
11 0.620009 0.661066 0.165717 0.058939 0.00104882
11 0.655191 0.454238 0.103645 0.0619015 0.00101596
