9 0.24125 0.403713 0.263015 0.538336 0.904731
7 0.16614 0.529562 0.0528811 0.19016 0.540066
7 0.25373 0.226061 0.0852065 0.0452761 0.202972
7 0.162478 0.497405 0.0467524 0.218467 0.120641
7 0.167096 0.465851 0.0571396 0.334887 0.0638092
7 0.253537 0.236215 0.0824396 0.0642262 0.052498
7 0.162084 0.51878 0.0449307 0.151436 0.0502929
7 0.271349 0.230063 0.112756 0.0573846 0.0148681
6 0.180781 0.342232 0.119581 0.190849 0.0113793
7 0.237695 0.254976 0.118511 0.102451 0.0108597
7 0.288926 0.306646 0.169562 0.0644445 0.0107911
7 0.270501 0.300876 0.20578 0.0578329 0.00756042
6 0.183217 0.433418 0.072727 0.368207 0.00553592
7 0.297468 0.297711 0.151065 0.0475316 0.00533273
6 0.252406 0.25097 0.0944535 0.0999328 0.00463563
7 0.157827 0.456414 0.0723632 0.240996 0.00462284
6 0.18746 0.393048 0.0609013 0.388044 0.00408751
7 0.285033 0.245387 0.124666 0.121168 0.00403479
7 0.303665 0.433837 0.0749814 0.0275424 0.00360096
7 0.323503 0.295027 0.0984152 0.0423588 0.00219253
6 0.18988 0.375174 0.101789 0.255715 0.00202317
7 0.340925 0.291666 0.0635439 0.0382952 0.00199852
6 0.189492 0.482255 0.0672079 0.359639 0.00198842
7 0.248214 0.201014 0.134736 0.111813 0.00196842
7 0.174764 0.494162 0.0728445 0.304874 0.00185049
7 0.244264 0.572686 0.11435 0.100899 0.0017444
7 0.223566 0.263732 0.151262 0.120933 0.00171849
7 0.163462 0.444755 0.115079 0.261903 0.00168899
6 0.205607 0.427142 0.0891179 0.325821 0.00166929
6 0.202333 0.465498 0.0694121 0.388116 0.00137416
7 0.225063 0.588297 0.141325 0.0776292 0.00134562
6 0.22528 0.261855 0.148188 0.120663 0.00132454
6 0.20086 0.359449 0.13421 0.223261 0.00127896
6 0.166813 0.442205 0.0971909 0.341673 0.00122215
7 0.253505 0.564662 0.0966002 0.133398 0.00111662
11 0.21895 0.199297 0.120012 0.0661621 0.00111461
7 0.247391 0.23185 0.0919782 0.0899647 0.00109587
7 0.136651 0.361306 0.0535253 0.0803417 0.00107248
6 0.208943 0.339864 0.174981 0.180463 0.00100214
