3 0.255537 0.479701 0.0834663 0.160736 0.0655217
3 0.261156 0.49721 0.0710754 0.120379 0.0309618
11 0.2272 0.608661 0.0316297 0.0682351 0.0122074
11 0.865725 0.667943 0.0317314 0.0830761 0.0115628
11 0.828498 0.378663 0.0445051 0.0279881 0.00777918
11 0.870078 0.674573 0.0310349 0.088753 0.00739369
11 0.858109 0.657396 0.0464177 0.0705305 0.00711688
11 0.823683 0.392918 0.0487943 0.0242107 0.00688159
11 0.79639 0.71524 0.0638569 0.0474583 0.00619215
3 0.138757 0.526491 0.0532496 0.102427 0.00617296
11 0.748998 0.713436 0.0252955 0.100878 0.00594384
11 0.786144 0.707305 0.0537127 0.0474959 0.00574021
11 0.799629 0.379452 0.0461132 0.0279829 0.00572292
11 0.851984 0.654818 0.0368259 0.0690107 0.00563572
11 0.810195 0.718507 0.0604995 0.0529502 0.00561357
11 0.826899 0.387611 0.0462094 0.0284057 0.00539352
11 0.8179 0.379172 0.0488543 0.0267545 0.00504435
11 0.869508 0.702077 0.0350557 0.0598434 0.00504312
11 0.783808 0.70021 0.0482178 0.0573618 0.00453457
11 0.883138 0.791464 0.067688 0.0415003 0.00439466
11 0.766016 0.673641 0.0338185 0.0854745 0.00419282
11 0.0464142 0.409041 0.0272162 0.0469855 0.00407178
11 0.0470547 0.420147 0.0282821 0.0367172 0.00386725
11 0.864455 0.695038 0.0393337 0.0630369 0.0035293
11 0.800528 0.387037 0.0458411 0.0310927 0.00351535
11 0.783754 0.682195 0.0482931 0.0723744 0.00350283
11 0.805679 0.657607 0.0427356 0.0936567 0.0033965
11 0.788363 0.665159 0.038944 0.104656 0.00335999
11 0.751932 0.709577 0.0241119 0.0682976 0.0033249
11 0.758406 0.68528 0.0264677 0.0715252 0.0033173
11 0.845247 0.663917 0.0269825 0.0789998 0.0033106
11 0.748664 0.696437 0.0244039 0.0889186 0.00326011
11 0.863567 0.720084 0.0544754 0.0474699 0.00314713
11 0.27526 0.413838 0.0548968 0.0431161 0.00309168
11 0.0513817 0.408721 0.0254315 0.0417236 0.00278828
11 0.892288 0.464505 0.0508033 0.029236 0.00260887
11 0.781194 0.66729 0.0433448 0.110705 0.00259475
11 0.0340259 0.491054 0.01686 0.112364 0.00257156
11 0.869712 0.721425 0.0410042 0.0564035 0.00256366
11 0.198736 0.488474 0.0382421 0.0597755 0.00255999
11 0.171954 0.617887 0.0320459 0.0481456 0.00254056
11 0.215689 0.6124 0.0469892 0.0484809 0.00250373
11 0.0230096 0.531341 0.0192584 0.0800215 0.00248757
11 0.802904 0.392238 0.0493378 0.0248681 0.00248719
11 0.101768 0.558653 0.0435164 0.0444397 0.00243765
11 0.770325 0.586815 0.0368665 0.0483449 0.00238523
11 0.0540462 0.421003 0.0294955 0.035423 0.00232467
11 0.15738 0.619389 0.0574897 0.0453335 0.00230108
11 0.785554 0.378037 0.0483625 0.0298469 0.00223998
3 0.367053 0.373644 0.0830819 0.0672736 0.00221274
11 0.791603 0.384195 0.042391 0.0345271 0.00218723
11 0.795105 0.676341 0.0501162 0.0540966 0.00218312
11 0.0524511 0.483092 0.0218077 0.100958 0.00218215
11 0.854447 0.669666 0.0280071 0.0815605 0.00216754
11 0.816078 0.394752 0.0487115 0.0223232 0.00215475
11 0.113478 0.56347 0.0579243 0.0442515 0.00213397
11 0.848217 0.648971 0.0341973 0.0641433 0.00211733
11 0.196802 0.493162 0.0289529 0.0603239 0.0019633
11 0.0578364 0.487878 0.0246141 0.0984503 0.00194823
11 0.608686 0.549053 0.0276653 0.0514234 0.00190045
11 0.811363 0.728993 0.0637079 0.0890361 0.00189183
11 0.344148 0.588852 0.0182386 0.0750061 0.00187444
11 0.836184 0.737247 0.0290709 0.0778559 0.00186355
11 0.150052 0.526705 0.0406813 0.0787698 0.00177405
3 0.141185 0.521365 0.0428007 0.0735716 0.00175822
11 0.126933 0.535305 0.0406893 0.0556162 0.00172643
11 0.233098 0.610924 0.043693 0.0738194 0.00169233
11 0.607169 0.575004 0.0205787 0.0812376 0.00166962
11 0.751814 0.726915 0.0250454 0.0901529 0.0016667
11 0.771656 0.71026 0.0397501 0.0634315 0.00166655
3 0.906957 0.466001 0.0510468 0.0875101 0.00164964
11 0.791928 0.739547 0.0519462 0.105323 0.00163053
11 0.157229 0.525004 0.033446 0.0706095 0.00162658
11 0.0251424 0.517584 0.0198903 0.0875398 0.00162461
11 0.821859 0.733504 0.0504801 0.0864418 0.00159563
11 0.0939172 0.406806 0.0523237 0.0316322 0.00158596
11 0.777601 0.681065 0.0454678 0.0823312 0.00157382
11 0.0731085 0.421638 0.0377586 0.0388193 0.00154826
11 0.138812 0.451061 0.0359061 0.0501367 0.00154824
11 0.628431 0.426953 0.0406216 0.0341657 0.00151888
11 0.824181 0.65954 0.0492124 0.0788716 0.00148579
11 0.0883193 0.417651 0.0456995 0.0381958 0.00147614
11 0.124667 0.567673 0.0637979 0.0486903 0.00142617
11 0.872529 0.791869 0.0477648 0.0449686 0.00142171
11 0.893883 0.392974 0.0422928 0.0298033 0.00141989
11 0.78197 0.783068 0.0322133 0.0598944 0.00140165
11 0.619518 0.554063 0.022924 0.0787552 0.00138056
11 0.890457 0.378624 0.0441284 0.026576 0.00137666
11 0.85131 0.612374 0.0498978 0.026502 0.00135865
11 0.891963 0.485245 0.0406853 0.0317574 0.00135333
11 0.881986 0.377581 0.0391441 0.0282438 0.00134791
11 0.0848771 0.48574 0.0317031 0.0583352 0.00133273
11 0.352416 0.488426 0.0257509 0.0556113 0.00132913
11 0.608778 0.511172 0.0334064 0.0481994 0.00131928
11 0.914901 0.429342 0.0300629 0.0739527 0.00131856
11 0.819848 0.618227 0.0516418 0.0386024 0.00130254
11 0.0713994 0.408267 0.0406497 0.0388288 0.00130041
11 0.76945 0.573341 0.0316855 0.0498273 0.00128548
11 0.813889 0.629713 0.0459128 0.0613119 0.00128472
11 0.829563 0.669433 0.0388737 0.0606375 0.0012847
11 0.857962 0.690521 0.0367188 0.074538 0.00127188
11 0.276825 0.401876 0.0501523 0.0390975 0.00125924
11 0.901506 0.467153 0.047044 0.0300884 0.00125371
11 0.839919 0.71995 0.0365067 0.0571304 0.00124364
11 0.834797 0.595475 0.0426754 0.0477185 0.00124188
11 0.87576 0.462568 0.0353123 0.0339209 0.00120597
11 0.773957 0.670363 0.0411412 0.0963195 0.00119346
11 0.160424 0.54005 0.0303937 0.0926966 0.00119128
11 0.818498 0.405097 0.0475746 0.0331725 0.00116388
11 0.619161 0.400903 0.0355396 0.0294912 0.00116001
11 0.350813 0.591054 0.0233309 0.0662254 0.0011497
11 0.192997 0.477734 0.0317955 0.0565047 0.00114516
11 0.87509 0.441032 0.0342642 0.0418207 0.00113421
11 0.205283 0.613878 0.0630029 0.0553994 0.00112292
11 0.628049 0.4439 0.0492476 0.0317066 0.0011157
11 0.0988518 0.53583 0.0404733 0.0480686 0.00110143
11 0.786664 0.787575 0.0373808 0.0529212 0.00109873
11 0.830888 0.566853 0.0369644 0.0238737 0.00109671
11 0.0938439 0.414663 0.0514384 0.035111 0.00109655
11 0.900739 0.421148 0.0481862 0.042154 0.00107646
11 0.0368288 0.469246 0.018677 0.101478 0.00106681
11 0.115182 0.45751 0.0416801 0.0423939 0.00105705
11 0.149179 0.449154 0.0451469 0.0448208 0.00103229
11 0.898366 0.395859 0.0492081 0.0308436 0.00102403
11 0.0375408 0.409872 0.0278581 0.051739 0.00101631
11 0.867307 0.652531 0.0468419 0.0690086 0.00100749
