4 0.536996 0.567669 0.523701 0.198558 0.832493
10 0.493421 0.450901 0.684838 0.287792 0.714255
3 0.367597 0.508624 0.332535 0.213514 0.314621
10 0.574847 0.536358 0.60927 0.191369 0.300585
8 0.394578 0.518312 0.397274 0.252946 0.0611041
4 0.524157 0.543289 0.471626 0.172399 0.0282948
4 0.578582 0.551026 0.387581 0.153207 0.0246069
8 0.408912 0.469778 0.442346 0.154445 0.0217838
10 0.578851 0.547882 0.422308 0.148906 0.0191556
8 0.44718 0.450195 0.453816 0.137338 0.0142781
8 0.565688 0.45845 0.426361 0.205729 0.0116532
4 0.64241 0.557824 0.476397 0.14814 0.0110442
4 0.482187 0.501957 0.449832 0.273799 0.0101957
4 0.512892 0.472632 0.394855 0.243419 0.00848999
4 0.549751 0.496119 0.359984 0.245526 0.00834434
4 0.465955 0.45522 0.488812 0.186429 0.00677304
3 0.336015 0.496355 0.269768 0.184014 0.0066309
4 0.4067 0.517558 0.451922 0.268968 0.00536051
4 0.47853 0.544418 0.416229 0.247525 0.00382791
4 0.636824 0.524388 0.263968 0.118421 0.00208166
4 0.568598 0.526018 0.487906 0.222078 0.00205315
8 0.514815 0.454941 0.433834 0.259399 0.0019161
4 0.718536 0.554447 0.193649 0.13486 0.00165506
10 0.373177 0.488231 0.448705 0.340902 0.00152963
4 0.689903 0.559854 0.162282 0.113471 0.00110106
10 0.464693 0.474013 0.257137 0.10076 0.00101599
