9 0.738556 0.577307 0.255723 0.24466 0.888252
6 0.634763 0.504514 0.269062 0.253961 0.710835
7 0.70082 0.589158 0.088791 0.239553 0.175195
7 0.686141 0.574261 0.118407 0.269246 0.12871
6 0.679838 0.57513 0.134693 0.269413 0.0150888
7 0.562817 0.415635 0.127813 0.0694878 0.0106378
7 0.711853 0.618104 0.0642118 0.181834 0.00825203
7 0.520825 0.415876 0.0384834 0.0711586 0.00603233
7 0.684516 0.562185 0.0710053 0.15879 0.0059768
7 0.686372 0.532988 0.069089 0.199869 0.00515261
9 0.679565 0.564357 0.13607 0.291875 0.00404124
6 0.673231 0.516756 0.0989594 0.261697 0.00373716
7 0.681816 0.506546 0.0816189 0.265552 0.00201781
0 0.671775 0.506134 0.102057 0.255949 0.00180744
6 0.685534 0.516144 0.110791 0.212466 0.00101546
6 0.720154 0.533481 0.269611 0.218798 0.00101254
