9 0.2754 0.432541 0.324002 0.247853 0.91074
7 0.358662 0.638256 0.124787 0.15115 0.904021
7 0.330378 0.386903 0.209659 0.0971992 0.0179635
6 0.211307 0.372211 0.178557 0.125582 0.0128084
7 0.263742 0.414299 0.149825 0.149415 0.0122768
6 0.26608 0.411279 0.121948 0.167298 0.00607719
6 0.296517 0.411612 0.189569 0.151796 0.00479273
7 0.245084 0.430846 0.11428 0.138784 0.00452322
6 0.322577 0.39557 0.264953 0.127677 0.00414489
6 0.227174 0.364702 0.228143 0.101411 0.00353771
7 0.324487 0.379734 0.191751 0.12992 0.00303676
7 0.2353 0.404489 0.204712 0.127502 0.00300782
7 0.225369 0.359635 0.189293 0.100671 0.00286273
7 0.223775 0.389469 0.244027 0.104911 0.00231651
6 0.217874 0.396207 0.23674 0.113415 0.00210903
7 0.231248 0.372237 0.237375 0.0974352 0.00198749
6 0.184342 0.385773 0.142713 0.145425 0.00162211
7 0.284112 0.396491 0.311861 0.138057 0.00111071
7 0.207895 0.364597 0.141228 0.109918 0.00102457
