11 0.241714 0.685858 0.0489841 0.0929165 0.035363
11 0.707928 0.74781 0.069184 0.0979468 0.0337691
11 0.78267 0.677813 0.0676007 0.0910943 0.0193443
4 0.207776 0.711015 0.163392 0.108444 0.0190104
11 0.231749 0.684117 0.0666391 0.0949716 0.0152208
4 0.216914 0.724885 0.14532 0.0873562 0.0074772
11 0.215726 0.706354 0.145261 0.101702 0.00610998
11 0.253126 0.683375 0.0692592 0.0895917 0.00601773
11 0.244892 0.694771 0.0704976 0.100047 0.00593736
4 0.232217 0.731876 0.118642 0.0715906 0.00465953
11 0.199848 0.692721 0.11388 0.103913 0.00451555
11 0.1955 0.684474 0.0617928 0.102709 0.00451008
11 0.206765 0.683523 0.0917101 0.10118 0.00449676
11 0.189537 0.701631 0.0923082 0.0851264 0.00366733
11 0.236714 0.661461 0.0536934 0.0686481 0.00356153
10 0.733961 0.785617 0.0741548 0.0837675 0.00356091
11 0.198219 0.706039 0.130978 0.0898293 0.003326
11 0.190067 0.660077 0.0475723 0.0772803 0.0032819
11 0.222154 0.696934 0.109265 0.10308 0.0032197
11 0.209239 0.673238 0.0794848 0.0856219 0.00317832
11 0.0913213 0.682804 0.0388394 0.0792952 0.00308744
11 0.194602 0.67162 0.0481381 0.0901526 0.00293068
11 0.205845 0.662455 0.0685848 0.07719 0.00274111
11 0.251291 0.658169 0.040391 0.0699292 0.00273133
11 0.110319 0.698639 0.0413077 0.0642282 0.00227448
11 0.183888 0.851551 0.0727669 0.0732502 0.00226988
11 0.703459 0.737308 0.0581585 0.076255 0.0021291
11 0.10396 0.694918 0.0455769 0.0652262 0.00204693
11 0.128812 0.700939 0.0368552 0.0678891 0.00165131
11 0.0972321 0.692552 0.041384 0.0698604 0.00163379
11 0.255546 0.668908 0.0703264 0.0770554 0.0015767
11 0.186714 0.66454 0.0707646 0.082229 0.00151492
11 0.180174 0.702767 0.0823097 0.0718733 0.0014249
11 0.713862 0.75946 0.081562 0.124908 0.00137035
11 0.152431 0.664497 0.128906 0.0688418 0.00130592
11 0.088083 0.65815 0.0370924 0.0623241 0.00123403
11 0.16857 0.853742 0.067516 0.0756134 0.00122716
11 0.183436 0.654209 0.0635893 0.0707701 0.00115871
11 0.181044 0.689617 0.0934231 0.0877897 0.00114148
11 0.159312 0.702657 0.0594277 0.0695716 0.00111886
11 0.185694 0.716062 0.079105 0.0836904 0.00110824
11 0.159749 0.651808 0.100784 0.0663504 0.00103088
11 0.687192 0.785983 0.0419172 0.0889137 0.00102748
