7 0.66679 0.321906 0.0734255 0.037206 0.118376
7 0.68078 0.319549 0.0986996 0.0371614 0.0597361
11 0.472002 0.452957 0.12779 0.117778 0.0363613
7 0.676665 0.326295 0.0926747 0.0266486 0.0343134
7 0.592462 0.266461 0.0779651 0.0242751 0.0204143
11 0.471283 0.463631 0.0781116 0.125886 0.019564
7 0.600243 0.263842 0.0935867 0.0219772 0.0188053
11 0.697757 0.790979 0.114986 0.0615215 0.0163627
7 0.693735 0.316743 0.127004 0.0343952 0.0118736
7 0.593122 0.271724 0.0816292 0.036189 0.00546414
11 0.471865 0.487108 0.136612 0.189171 0.00482539
11 0.47272 0.604111 0.153892 0.140754 0.0047136
11 0.471657 0.571754 0.155268 0.0762663 0.00322493
11 0.473769 0.312579 0.0332512 0.143052 0.00192683
11 0.469143 0.351857 0.0388332 0.162958 0.00157446
11 0.483394 0.436894 0.106612 0.0996493 0.00156368
7 0.686176 0.309894 0.111941 0.0387296 0.00136729
11 0.472026 0.340333 0.0363304 0.124521 0.00110986
