5 0.2036 0.501831 0.140799 0.296218 0.899732
5 0.228132 0.709824 0.39255 0.288531 0.0180011
5 0.246616 0.673362 0.34455 0.270221 0.016701
5 0.319047 0.692986 0.363075 0.242837 0.00869945
5 0.25391 0.810396 0.495432 0.310287 0.00656977
5 0.359608 0.427402 0.387327 0.200863 0.00617269
5 0.441066 0.422743 0.328454 0.201633 0.00558391
5 0.299982 0.495813 0.338887 0.287064 0.00437288
5 0.331273 0.737022 0.370558 0.25523 0.00419763
5 0.431225 0.457432 0.37939 0.233923 0.00409281
5 0.347958 0.464286 0.408685 0.229386 0.00367462
5 0.316224 0.649632 0.368546 0.250656 0.00312486
5 0.203858 0.805582 0.407716 0.370843 0.00245067
5 0.164353 0.667615 0.324251 0.341517 0.00229334
5 0.378908 0.70691 0.368813 0.279769 0.00199363
5 0.386623 0.37992 0.342463 0.196658 0.00146253
