4 0.776538 0.60648 0.25677 0.147251 0.715912
7 0.30595 0.52652 0.0741184 0.0499018 0.0618417
11 0.477143 0.259838 0.106597 0.0865069 0.056459
7 0.729557 0.636667 0.140717 0.0788539 0.0118239
7 0.468211 0.247366 0.0838093 0.0403938 0.00882322
7 0.764642 0.64193 0.0745888 0.0282724 0.00787509
7 0.745907 0.641417 0.108297 0.0430822 0.00776399
0 0.292484 0.344141 0.354734 0.0926526 0.00767296
7 0.452751 0.245078 0.0556566 0.0324575 0.00377766
7 0.473764 0.25304 0.0952995 0.0609063 0.00320259
7 0.243537 0.285692 0.0612878 0.0414487 0.00224663
7 0.186406 0.327456 0.0663997 0.0363421 0.00221317
0 0.24156 0.326212 0.451299 0.139797 0.00154727
7 0.757048 0.641424 0.101968 0.0301008 0.00114976
