3 0.575042 0.560687 0.0470471 0.132965 0.472173
11 0.78673 0.470384 0.0272539 0.11 0.104145
3 0.617199 0.730409 0.0401273 0.164274 0.0259214
11 0.141269 0.609331 0.0321672 0.0740324 0.0122988
11 0.148704 0.602147 0.0470107 0.0653963 0.00902223
3 0.820561 0.683385 0.0948164 0.113648 0.00770487
11 0.789896 0.465476 0.0375551 0.110723 0.00749395
3 0.409958 0.529868 0.0580356 0.165993 0.00745261
11 0.871044 0.659793 0.0457886 0.0328928 0.00698973
11 0.913642 0.677165 0.0304655 0.0606962 0.00542199
3 0.409143 0.509862 0.0541171 0.124445 0.00344275
11 0.93906 0.526933 0.0326351 0.0785488 0.0033193
11 0.904902 0.682199 0.0353802 0.0504034 0.00251311
11 0.205831 0.42184 0.0340856 0.0527587 0.00240336
11 0.896149 0.697339 0.0351649 0.0433915 0.0023108
11 0.213084 0.409718 0.0294022 0.0385732 0.00228557
11 0.202551 0.409663 0.0403418 0.0351132 0.00219607
11 0.920342 0.672348 0.0267311 0.0658787 0.00202563
11 0.180437 0.40112 0.0531882 0.0265641 0.00202153
11 0.93167 0.525337 0.0254566 0.0738995 0.00189604
11 0.792368 0.683287 0.0366987 0.0740275 0.00180063
11 0.186673 0.405538 0.0606149 0.0307909 0.0017305
11 0.924171 0.654307 0.022233 0.0595038 0.00171063
11 0.225385 0.409307 0.0320107 0.0433136 0.00166091
11 0.8102 0.605214 0.0292308 0.0691967 0.00148781
11 0.917443 0.593079 0.0290186 0.0711192 0.00147406
11 0.906753 0.590699 0.0238159 0.0645736 0.00142248
11 0.883762 0.66593 0.0533502 0.0368608 0.00139449
11 0.930764 0.620347 0.0240989 0.0742906 0.00138361
11 0.892671 0.706232 0.0303188 0.0386617 0.00133602
11 0.863056 0.599741 0.0556742 0.0337927 0.00124834
11 0.927181 0.518937 0.0262346 0.0816164 0.00124625
3 0.410732 0.561011 0.0651034 0.227436 0.00121401
11 0.342582 0.46948 0.0266074 0.0421261 0.00114208
11 0.171063 0.400362 0.0340425 0.0309961 0.00113018
11 0.92574 0.58577 0.0327095 0.0629301 0.00112746
11 0.357749 0.465526 0.0468896 0.039887 0.00111787
11 0.877497 0.681423 0.054471 0.0265591 0.00111638
11 0.931597 0.635242 0.0253616 0.0666172 0.00109072
11 0.870973 0.647292 0.0414531 0.049601 0.00105349
3 0.625092 0.572319 0.0304193 0.136572 0.00104655
11 0.916216 0.502015 0.0248417 0.10055 0.00102863
11 0.210815 0.418665 0.0313215 0.0563308 0.00102863
3 0.390043 0.757805 0.0878953 0.0902062 0.00100957
