1 0.502189 0.621461 0.370249 0.101945 0.364653
10 0.507032 0.645405 0.369639 0.0496565 0.292811
10 0.507085 0.630152 0.370877 0.0811052 0.227861
4 0.50114 0.614344 0.375052 0.115778 0.0675209
10 0.480267 0.594253 0.424527 0.146585 0.0186161
10 0.525841 0.635031 0.415595 0.054259 0.0139019
10 0.446345 0.639534 0.255732 0.0369274 0.0125726
4 0.502984 0.590644 0.37689 0.175629 0.00895881
10 0.458739 0.638085 0.328549 0.0475862 0.00820428
10 0.455774 0.590691 0.367726 0.096285 0.00760087
10 0.495596 0.613167 0.390756 0.111345 0.00316422
10 0.470979 0.631263 0.344144 0.065189 0.00264938
4 0.445618 0.59476 0.252373 0.0668273 0.0015589
4 0.453315 0.608049 0.318816 0.108318 0.0010283
