10 0.492198 0.657273 0.515255 0.309633 0.936281
4 0.463819 0.475326 0.394605 0.106847 0.28033
4 0.4683 0.479271 0.372038 0.0650965 0.0825051
4 0.463248 0.493142 0.384709 0.100737 0.0554841
4 0.489115 0.467439 0.333241 0.08606 0.0187752
10 0.447818 0.480975 0.422472 0.175197 0.0181361
10 0.452379 0.533998 0.431918 0.213511 0.00633768
4 0.47575 0.498269 0.356576 0.0746955 0.00374917
4 0.488304 0.479121 0.332084 0.0459529 0.00356929
4 0.425752 0.464222 0.160819 0.104287 0.00142012
4 0.416405 0.485691 0.360116 0.162562 0.00139885
10 0.541239 0.479879 0.329709 0.0412456 0.00119416
10 0.510342 0.478864 0.309312 0.0307305 0.00102963
