4 0.217595 0.512724 0.233923 0.183298 0.36745
1 0.210068 0.514225 0.220632 0.179581 0.0603039
0 0.639216 0.659228 0.208056 0.255702 0.0194675
4 0.39786 0.506586 0.188858 0.0679986 0.012996
4 0.372428 0.491852 0.27365 0.117161 0.0109487
4 0.430904 0.507568 0.139176 0.0673399 0.00822689
4 0.301399 0.509237 0.399817 0.182598 0.00567354
11 0.687342 0.598114 0.0716169 0.133702 0.0032419
10 0.398304 0.496027 0.223648 0.112177 0.00121874
7 0.197219 0.545848 0.170259 0.100536 0.00116138
4 0.393081 0.506247 0.198596 0.0941366 0.00113636
