7 0.639559 0.602694 0.0405682 0.206863 0.601137
6 0.635816 0.602198 0.0459679 0.204121 0.253886
6 0.635238 0.574464 0.0562883 0.271868 0.0134991
6 0.647519 0.600848 0.0888483 0.2163 0.00530164
6 0.617749 0.602492 0.0934203 0.207324 0.00487082
6 0.634926 0.561542 0.083275 0.297047 0.00251892
7 0.630356 0.603885 0.0606942 0.206678 0.00249459
7 0.6444 0.584069 0.0308735 0.24406 0.00248944
7 0.66451 0.594114 0.056235 0.219271 0.00171372
7 0.627779 0.529881 0.0440419 0.0491988 0.00118032
7 0.651568 0.583188 0.0330742 0.243057 0.00111606
