3 0.453561 0.702596 0.2438 0.166459 0.882064
8 0.765039 0.695684 0.129473 0.287997 0.697539
11 0.741601 0.887383 0.0510888 0.0901572 0.0134845
11 0.642752 0.745169 0.0864882 0.101661 0.00574147
4 0.444877 0.727199 0.203168 0.224085 0.00343906
11 0.758981 0.755758 0.0978099 0.141704 0.00321646
11 0.657789 0.752907 0.0955036 0.0860797 0.00245807
11 0.476566 0.720034 0.125068 0.0999433 0.00212064
11 0.405389 0.696005 0.112077 0.106958 0.00193923
11 0.425414 0.703467 0.129935 0.10001 0.00188612
11 0.627422 0.737732 0.105856 0.10043 0.00170461
4 0.517825 0.741115 0.215279 0.10712 0.0013975
11 0.450325 0.719874 0.115719 0.100445 0.00125003
11 0.532609 0.744899 0.186264 0.094171 0.00119526
11 0.750108 0.757727 0.0845506 0.111403 0.00107967
