11 0.184862 0.522762 0.0760848 0.0735655 0.0851085
11 0.251987 0.674314 0.038602 0.0563594 0.0349899
11 0.549852 0.425675 0.0569568 0.0522688 0.00957348
11 0.841387 0.370553 0.0471493 0.0292746 0.00912118
11 0.574685 0.498959 0.0973326 0.0318487 0.00863255
11 0.550757 0.434986 0.0545688 0.0579006 0.00737465
11 0.786264 0.42043 0.069388 0.0409157 0.00472291
11 0.554655 0.50037 0.0681655 0.0274593 0.0045439
11 0.79936 0.419145 0.0725992 0.0432264 0.00437348
11 0.604154 0.500441 0.0623339 0.0270332 0.00421937
11 0.263983 0.664138 0.0440748 0.0518 0.00380719
11 0.5248 0.391564 0.0435706 0.0633762 0.00364542
11 0.618739 0.501021 0.0629925 0.0292377 0.00362025
11 0.548683 0.41694 0.06189 0.0468769 0.00352782
11 0.171403 0.497433 0.0821321 0.0356356 0.00350973
3 0.73725 0.402784 0.0936994 0.0658336 0.00350077
10 0.326326 0.654339 0.0532795 0.0727148 0.00336444
11 0.831947 0.370762 0.0495274 0.0266918 0.00323338
11 0.609826 0.408309 0.0687754 0.0463243 0.00303732
11 0.810681 0.37417 0.0799078 0.0274419 0.00302156
11 0.61992 0.495946 0.0617911 0.0264525 0.00295555
11 0.541939 0.432044 0.0571296 0.0576295 0.00281975
11 0.179821 0.526992 0.0542758 0.0722527 0.00275833
11 0.838184 0.367555 0.0395201 0.0297179 0.00263688
11 0.560928 0.411771 0.073333 0.0515613 0.00259926
11 0.16564 0.490402 0.0815689 0.0419371 0.00258956
11 0.17155 0.511615 0.0842134 0.0584179 0.00243222
11 0.608975 0.509399 0.0461014 0.0616699 0.00236368
11 0.252268 0.662933 0.0373375 0.0678334 0.00216559
11 0.830875 0.412042 0.0549096 0.0419417 0.00213201
11 0.594304 0.646418 0.0872746 0.0283115 0.00212332
11 0.851022 0.3702 0.0656191 0.0318914 0.00195799
11 0.512304 0.396654 0.0205333 0.0627599 0.00194223
11 0.182909 0.509435 0.0821477 0.0523171 0.00192354
11 0.154693 0.520877 0.0523463 0.0677901 0.00190912
11 0.533375 0.382025 0.0484517 0.046587 0.00186071
4 0.543287 0.411409 0.0668919 0.0528791 0.00179307
11 0.823476 0.41802 0.0566538 0.0473835 0.00176192
11 0.580881 0.361452 0.0673626 0.0266388 0.00160924
11 0.620641 0.481916 0.0554052 0.0188327 0.00159006
11 0.131152 0.517813 0.0350231 0.0667059 0.00154161
11 0.308656 0.721614 0.0762731 0.0547506 0.00151888
11 0.515994 0.395432 0.0295286 0.067674 0.00150004
11 0.811862 0.417571 0.0729049 0.0439931 0.00147727
11 0.737978 0.399601 0.0922445 0.072114 0.00143557
11 0.13303 0.506983 0.0310607 0.0874462 0.00142776
11 0.815369 0.411122 0.0653588 0.0462003 0.00138287
11 0.616879 0.509947 0.0544918 0.0584977 0.00137842
11 0.0907925 0.509195 0.0553948 0.0750369 0.00135893
11 0.535265 0.39805 0.0539383 0.0547062 0.00135102
11 0.834546 0.377498 0.0508232 0.0332481 0.00133208
11 0.540965 0.497593 0.0443693 0.0276931 0.00129443
11 0.774881 0.423658 0.08396 0.0406715 0.00127521
11 0.569298 0.367811 0.0568417 0.0364495 0.00127056
11 0.292167 0.654256 0.0479588 0.0552333 0.00122667
11 0.534384 0.500787 0.0317955 0.0306813 0.00119863
11 0.790204 0.384107 0.0632946 0.028772 0.00118033
11 0.146142 0.468083 0.0409683 0.100578 0.00116205
11 0.818777 0.379752 0.0654846 0.0307083 0.00115943
11 0.61746 0.399905 0.0608065 0.0304654 0.00114897
11 0.804342 0.377531 0.0851141 0.0291619 0.00113823
11 0.1583 0.48803 0.0693775 0.0531633 0.00113207
11 0.593718 0.401689 0.0668474 0.0329424 0.00112952
11 0.70034 0.47563 0.0747403 0.027135 0.00107558
11 0.563283 0.42713 0.0618277 0.0521535 0.00104925
11 0.137477 0.488116 0.0435764 0.0968499 0.00104542
11 0.842732 0.377089 0.053339 0.0349586 0.00102872
11 0.284479 0.657501 0.0508961 0.0531279 0.00101215
11 0.808735 0.381971 0.0711002 0.0303901 0.00100809
