7 0.484257 0.409144 0.108104 0.0364569 0.397334
7 0.613471 0.577471 0.0994822 0.0400164 0.290071
7 0.684536 0.574356 0.0824304 0.0303612 0.158433
7 0.664231 0.574651 0.122731 0.0338087 0.109568
7 0.610295 0.592331 0.0958629 0.0253901 0.109439
7 0.685735 0.565343 0.0807475 0.050608 0.0796122
7 0.498667 0.410396 0.0816786 0.0342592 0.0756174
7 0.6196 0.606769 0.0678176 0.0244021 0.0640887
7 0.692876 0.575367 0.0642627 0.0260959 0.05429
7 0.602045 0.584414 0.102065 0.0302514 0.0350503
7 0.471276 0.411374 0.083817 0.0392968 0.0323468
7 0.61678 0.58663 0.0892351 0.0374864 0.0309188
7 0.624009 0.634534 0.0531321 0.0198152 0.0225425
7 0.672029 0.563989 0.118923 0.0550766 0.0188168
7 0.491036 0.388852 0.0945595 0.079236 0.012195
7 0.595269 0.523251 0.0759031 0.0432272 0.0111317
7 0.495679 0.384707 0.0583945 0.070415 0.00815173
7 0.602169 0.51803 0.0927373 0.042896 0.00782844
7 0.513587 0.422642 0.0765909 0.0285845 0.00764195
7 0.528402 0.409849 0.0715491 0.037328 0.00660798
7 0.606373 0.600961 0.0971693 0.0304754 0.00649976
7 0.57688 0.530568 0.037127 0.0555519 0.0060695
7 0.513428 0.409175 0.0692682 0.036959 0.00390758
7 0.509843 0.381553 0.0590305 0.0634037 0.00363183
7 0.5052 0.389937 0.0694856 0.0795081 0.00314302
7 0.622674 0.611172 0.0615431 0.0239944 0.00295131
7 0.647142 0.569854 0.144371 0.0455435 0.0028607
8 0.531469 0.605409 0.540326 0.430247 0.00261553
7 0.48185 0.3837 0.0726456 0.0685695 0.00239681
7 0.514251 0.3757 0.0543549 0.0513511 0.00209882
11 0.666409 0.602322 0.257735 0.151725 0.00205561
7 0.491216 0.428881 0.060415 0.0291736 0.00198539
7 0.500159 0.423211 0.0690504 0.029056 0.00174724
7 0.624869 0.572451 0.0929132 0.0398351 0.00170217
7 0.631829 0.580476 0.117276 0.0458599 0.00156055
7 0.602573 0.577527 0.101453 0.0334218 0.00128262
7 0.404511 0.523678 0.0458879 0.0483668 0.00119786
7 0.492709 0.439204 0.0314778 0.0364649 0.00102628
