9 0.214153 0.366825 0.307476 0.362131 0.940312
0 0.390869 0.388891 0.308622 0.406689 0.938171
11 0.254947 0.32683 0.1074 0.140404 0.290275
11 0.261738 0.319101 0.157444 0.161554 0.040425
11 0.235901 0.330735 0.136922 0.145839 0.024057
11 0.263565 0.319654 0.119827 0.186943 0.0192506
11 0.24163 0.309527 0.102883 0.130011 0.0110423
9 0.264071 0.372399 0.256726 0.373446 0.0100977
11 0.269342 0.350037 0.129637 0.166892 0.00657604
11 0.215448 0.298482 0.229842 0.217421 0.00550444
11 0.289416 0.339412 0.176461 0.235178 0.00262162
11 0.228867 0.283771 0.118396 0.144647 0.00248683
11 0.280766 0.314153 0.124158 0.210658 0.00217235
11 0.259585 0.336593 0.191881 0.207967 0.00183039
11 0.252765 0.363089 0.161694 0.151709 0.00179679
