0 0.481823 0.363248 0.161982 0.430049 0.898364
9 0.708431 0.277858 0.266627 0.26751 0.0200014
9 0.721372 0.416796 0.342767 0.307481 0.018807
9 0.715067 0.354338 0.283121 0.289562 0.017434
9 0.797521 0.412928 0.329656 0.268964 0.0125014
9 0.760001 0.276821 0.275894 0.241025 0.00811439
9 0.771018 0.341041 0.294887 0.235943 0.00646399
9 0.715797 0.497544 0.50827 0.287162 0.00290171
9 0.609594 0.310322 0.347531 0.336716 0.00272872
9 0.710488 0.46431 0.415124 0.247126 0.00150133
9 0.814276 0.466683 0.332098 0.236486 0.00148138
9 0.630593 0.21226 0.294851 0.290809 0.00139346
