3 0.645593 0.604308 0.270386 0.153544 0.0313259
10 0.389929 0.412098 0.143806 0.0344082 0.0261087
11 0.828188 0.526516 0.0898913 0.0537894 0.0166237
3 0.698683 0.58961 0.170157 0.155041 0.00526347
11 0.833408 0.537058 0.0850689 0.0592014 0.00446194
3 0.390199 0.412898 0.145487 0.0371892 0.00397072
11 0.49323 0.445913 0.113094 0.0359262 0.00259743
10 0.851823 0.575324 0.0540206 0.0745975 0.00224534
11 0.816898 0.533561 0.0995235 0.0675119 0.00220748
11 0.837558 0.548468 0.0835403 0.0740628 0.00108741
11 0.665833 0.546978 0.0560657 0.089288 0.00107789
11 0.663034 0.534205 0.0478235 0.0797952 0.00102866
