2 0.78065 0.448756 0.376817 0.295649 0.889069
2 0.226929 0.687595 0.368393 0.31357 0.862799
5 0.670515 0.540369 0.14736 0.35397 0.862201
5 0.173648 0.716007 0.228319 0.120487 0.809503
1 0.0865958 0.626589 0.096017 0.206919 0.255665
1 0.087501 0.572203 0.0925673 0.294159 0.161469
6 0.087533 0.622349 0.0958379 0.19343 0.0353488
1 0.0805199 0.55549 0.044848 0.237178 0.0196697
1 0.161 0.638906 0.241535 0.221828 0.018594
1 0.0902751 0.55112 0.0701797 0.238804 0.0163378
5 0.616628 0.47557 0.0492527 0.231435 0.00479062
1 0.0925965 0.592623 0.096374 0.129286 0.00237489
1 0.0929744 0.550969 0.0909809 0.179971 0.0022451
10 0.61524 0.473595 0.0502936 0.23081 0.00198743
5 0.0904419 0.608569 0.0927936 0.166136 0.00162764
5 0.0916244 0.584695 0.0839159 0.139438 0.00117004
