9 0.574312 0.476184 0.293998 0.246839 0.922854
6 0.496291 0.571269 0.423791 0.072707 0.177087
7 0.403041 0.556392 0.230339 0.0328301 0.095725
6 0.483535 0.560121 0.396385 0.0541579 0.0711564
6 0.55851 0.5675 0.27174 0.0685565 0.0710842
6 0.500149 0.55656 0.429318 0.0949698 0.0630845
7 0.396247 0.548998 0.22393 0.0442282 0.0379532
7 0.445259 0.556416 0.316126 0.0401883 0.00912859
6 0.454314 0.540613 0.338222 0.0826831 0.00764016
6 0.563429 0.552862 0.319245 0.0921911 0.00676565
7 0.342647 0.554914 0.108583 0.02789 0.00561169
0 0.554552 0.539945 0.261815 0.133006 0.0039711
0 0.552873 0.558326 0.273754 0.0909267 0.00171524
6 0.53796 0.529 0.293738 0.128983 0.001398
6 0.539859 0.574545 0.315079 0.0846489 0.00123531
7 0.379869 0.552685 0.180773 0.0348639 0.00113135
