10 0.492172 0.454209 0.132923 0.219158 0.772043
3 0.234838 0.478928 0.191281 0.272956 0.67202
3 0.214066 0.509044 0.15832 0.276391 0.636617
4 0.284803 0.513624 0.283827 0.305898 0.621159
10 0.460495 0.455832 0.194955 0.216587 0.330669
4 0.245631 0.494912 0.203437 0.315116 0.186538
4 0.255026 0.492031 0.128368 0.245815 0.0339372
4 0.245377 0.477892 0.155441 0.30222 0.00397171
4 0.22342 0.494638 0.175185 0.247058 0.00346781
10 0.269162 0.484782 0.124111 0.28397 0.00216579
8 0.256118 0.478021 0.146175 0.300391 0.00191596
8 0.242893 0.460602 0.18478 0.24363 0.00169549
4 0.21736 0.500439 0.141306 0.321321 0.00159583
