3 0.261919 0.63111 0.10761 0.0359306 0.336087
3 0.711683 0.597294 0.101686 0.0997804 0.0349141
10 0.263878 0.75386 0.107513 0.0395758 0.0117923
11 0.407494 0.5067 0.122308 0.0479979 0.00475471
3 0.279568 0.628272 0.0705756 0.0432289 0.00384893
11 0.905558 0.593278 0.0410726 0.0714559 0.00348363
3 0.353334 0.634582 0.0645105 0.0505531 0.002622
11 0.546565 0.600544 0.0407792 0.0698138 0.00238142
11 0.383107 0.512188 0.154437 0.0389744 0.00216459
11 0.145827 0.455623 0.056835 0.0720135 0.00214662
11 0.541524 0.708734 0.100652 0.0701073 0.00207379
11 0.641556 0.690393 0.116828 0.0256655 0.00183391
11 0.5681 0.601291 0.0449431 0.0712036 0.00182109
11 0.0881971 0.455507 0.0372227 0.0858494 0.00179144
11 0.147575 0.435779 0.0651962 0.0308038 0.00174292
11 0.423548 0.477131 0.0900231 0.0676543 0.00156848
11 0.553535 0.602257 0.0487906 0.0714144 0.00149028
11 0.445455 0.613026 0.0446504 0.0666195 0.00146254
11 0.296222 0.486772 0.0873555 0.0608964 0.00140908
11 0.549667 0.697849 0.0920658 0.0585681 0.00136542
11 0.749354 0.609687 0.0419487 0.0843803 0.00129056
11 0.532533 0.702193 0.0826678 0.0667452 0.00122128
11 0.627548 0.686887 0.106155 0.0304947 0.0012033
11 0.441827 0.47789 0.0936299 0.0678884 0.00110699
11 0.070951 0.453501 0.0582504 0.0851614 0.00110432
11 0.378595 0.586143 0.0947896 0.0281732 0.00105394
11 0.479553 0.47258 0.0987685 0.0608719 0.00101427
