4 0.673242 0.347025 0.181466 0.466154 0.920214
8 0.827296 0.710901 0.137725 0.334711 0.906862
3 0.632107 0.717547 0.261023 0.266071 0.848976
11 0.508945 0.822354 0.126694 0.0915401 0.704427
11 0.705777 0.770687 0.0919559 0.077746 0.00662626
11 0.704926 0.78669 0.0901381 0.0955552 0.00552831
11 0.843654 0.502336 0.112685 0.0576671 0.00332952
11 0.724512 0.769066 0.114631 0.0863117 0.00282639
11 0.846896 0.51074 0.102418 0.0396999 0.00240096
11 0.712863 0.799728 0.107163 0.121442 0.00170073
11 0.834039 0.498809 0.139537 0.0736481 0.00168471
11 0.706273 0.748318 0.114486 0.131425 0.00120511
