3 0.228437 0.731612 0.199579 0.153302 0.813786
3 0.420196 0.582849 0.242031 0.169177 0.00805278
11 0.594882 0.41749 0.134046 0.0504081 0.00592531
11 0.582124 0.665029 0.169224 0.0573523 0.0018871
11 0.556157 0.413501 0.171046 0.0598952 0.00155066
11 0.717623 0.782195 0.0820129 0.0658961 0.001421
11 0.524161 0.411482 0.173003 0.0669921 0.00138584
11 0.542424 0.684615 0.152178 0.0385794 0.00130106
11 0.721984 0.769005 0.0724103 0.0760955 0.00122888
11 0.598126 0.655688 0.1386 0.0395135 0.0012118
11 0.62453 0.66 0.180131 0.05181 0.00115462
11 0.643631 0.665665 0.152359 0.0523972 0.00110407
11 0.56625 0.672716 0.130486 0.0614692 0.00108495
11 0.690436 0.792903 0.0925991 0.0545465 0.00104893
11 0.706754 0.788087 0.096978 0.0597965 0.00104682
