11 0.377238 0.408257 0.121473 0.0217892 0.0343779
11 0.378805 0.415168 0.126227 0.0237881 0.0293833
11 0.382992 0.476131 0.125555 0.0281684 0.0208868
11 0.305229 0.40775 0.137642 0.0295697 0.0156009
11 0.546152 0.550124 0.125384 0.0298795 0.0127931
11 0.381831 0.469989 0.114548 0.0203867 0.0126891
11 0.396922 0.47102 0.13199 0.0275816 0.0104742
11 0.351011 0.40988 0.173857 0.0276114 0.0100345
11 0.314332 0.411771 0.13294 0.0296594 0.00864179
11 0.184291 0.670505 0.145641 0.0267618 0.00861434
11 0.375125 0.419524 0.126451 0.0383371 0.00831303
11 0.341331 0.414632 0.163257 0.0358652 0.00828892
3 0.517158 0.475058 0.0720487 0.0655205 0.00792827
11 0.515397 0.473789 0.0721548 0.0627144 0.00753756
11 0.296763 0.395725 0.139164 0.0291402 0.00747344
11 0.367104 0.480343 0.132633 0.0303181 0.00734986
11 0.32288 0.643266 0.141827 0.0374763 0.00691812
11 0.288411 0.404859 0.13818 0.0325191 0.00682382
11 0.652416 0.426533 0.0904623 0.0366027 0.00664399
11 0.443978 0.634365 0.111941 0.0464149 0.00578216
11 0.506813 0.485946 0.0887835 0.0494039 0.00537749
11 0.323037 0.402535 0.180571 0.0307736 0.00529137
11 0.605356 0.430421 0.0552251 0.0486046 0.00525677
10 0.29994 0.39216 0.136805 0.0239676 0.00504757
11 0.428488 0.643712 0.0955826 0.0479195 0.00499323
11 0.34419 0.60662 0.111445 0.0743254 0.00497282
11 0.366515 0.40468 0.142909 0.0264738 0.00467683
11 0.609763 0.439676 0.0499865 0.0489654 0.00461517
11 0.26883 0.404637 0.11967 0.0351409 0.00442208
11 0.620438 0.42915 0.0460724 0.0458542 0.0043773
11 0.578797 0.621292 0.127691 0.0514799 0.00395714
11 0.535577 0.552674 0.129708 0.038324 0.00391427
11 0.600562 0.447274 0.0705865 0.0501155 0.00378721
11 0.322984 0.417278 0.132714 0.0424889 0.00359727
11 0.537944 0.54714 0.108721 0.0237429 0.00351576
11 0.377978 0.608173 0.121968 0.0634886 0.00348593
11 0.377839 0.647615 0.118382 0.0419023 0.00339327
11 0.284779 0.410244 0.119615 0.0268052 0.00331331
11 0.354827 0.620363 0.0799029 0.0609691 0.00309796
11 0.344815 0.649663 0.158887 0.0335071 0.00307327
11 0.366028 0.652361 0.130562 0.034421 0.00300747
11 0.722379 0.410012 0.0942254 0.0178447 0.00284398
11 0.469796 0.629828 0.137473 0.0489887 0.00270619
11 0.382637 0.491383 0.129636 0.0460432 0.00270021
11 0.339427 0.494515 0.15134 0.0408636 0.00253049
11 0.508329 0.499017 0.104771 0.0453227 0.00247368
11 0.31649 0.486604 0.186776 0.024236 0.00242341
11 0.433902 0.48679 0.132384 0.0274159 0.00240742
11 0.395973 0.606546 0.142303 0.0564196 0.0023739
11 0.650746 0.415937 0.0858839 0.0294979 0.00223154
11 0.382536 0.524293 0.126844 0.0342446 0.00223142
11 0.590037 0.453549 0.109709 0.0525808 0.00216513
11 0.437109 0.454831 0.0993559 0.0523738 0.00214738
11 0.282222 0.392924 0.121084 0.0249898 0.00212575
11 0.476002 0.503712 0.135649 0.0504387 0.00211406
11 0.356717 0.490701 0.145083 0.0399143 0.00210781
11 0.460214 0.456769 0.0910233 0.0483883 0.00207915
11 0.502426 0.521084 0.127724 0.0336288 0.00197351
11 0.322227 0.638568 0.127631 0.0342819 0.00197056
11 0.39211 0.597858 0.141455 0.0514908 0.0018643
11 0.472275 0.518545 0.138406 0.038818 0.00176374
11 0.754274 0.423313 0.055781 0.0359144 0.00175965
11 0.337327 0.643364 0.1039 0.026872 0.00172399
11 0.556373 0.619465 0.111584 0.0534335 0.00170752
11 0.521845 0.521823 0.119604 0.0362453 0.00170483
11 0.51426 0.644616 0.104437 0.0401312 0.00169663
11 0.436965 0.534393 0.130767 0.0589265 0.00168899
11 0.302769 0.49546 0.185164 0.0368873 0.00166381
11 0.651122 0.558499 0.117641 0.0392391 0.00165561
11 0.363829 0.525076 0.111084 0.0363562 0.00163305
11 0.661328 0.413649 0.104488 0.0255274 0.00163066
11 0.460426 0.620574 0.126221 0.0546782 0.00162882
11 0.62407 0.440862 0.0572202 0.0467505 0.00162749
11 0.518601 0.506789 0.0983454 0.0389741 0.00161259
11 0.372879 0.592394 0.11229 0.0422924 0.00158727
11 0.317969 0.403286 0.140348 0.0359047 0.00156442
11 0.46145 0.491766 0.120704 0.0361815 0.00154954
11 0.488776 0.604732 0.093368 0.0398256 0.00154113
11 0.241984 0.407072 0.132937 0.0356525 0.00151534
11 0.337331 0.504941 0.131618 0.0467133 0.00151443
11 0.587506 0.426394 0.0987923 0.0429894 0.00148431
11 0.578556 0.462388 0.124767 0.0533817 0.00147536
11 0.355551 0.518476 0.102199 0.0368818 0.00147162
11 0.397666 0.42653 0.10344 0.0396654 0.00146196
11 0.47249 0.636827 0.124672 0.0457058 0.00145214
11 0.353805 0.545707 0.0852307 0.0531223 0.00143898
11 0.373312 0.653954 0.111829 0.044841 0.00139705
11 0.588529 0.548663 0.146306 0.0362211 0.00139699
11 0.291127 0.488096 0.173111 0.0244716 0.00138951
11 0.346593 0.634158 0.0803701 0.0398676 0.0013886
11 0.259985 0.409904 0.120962 0.0323036 0.00138375
11 0.277522 0.49093 0.163267 0.0270373 0.00137138
11 0.358269 0.538136 0.0988837 0.062682 0.00133991
11 0.404687 0.499247 0.128458 0.0522709 0.0013175
11 0.667661 0.422394 0.109901 0.0302465 0.0012705
11 0.731257 0.415326 0.0897347 0.0218557 0.00125737
11 0.684116 0.410198 0.103074 0.0194559 0.00125326
11 0.412994 0.599757 0.137208 0.0485506 0.00124878
11 0.52259 0.62382 0.118715 0.0586702 0.00123424
11 0.650716 0.436507 0.0830995 0.0349111 0.00123002
11 0.506055 0.627271 0.126933 0.0511139 0.00122444
11 0.368875 0.619599 0.0920486 0.0560108 0.00121741
11 0.762584 0.441308 0.0380663 0.0585061 0.00121653
11 0.527422 0.614859 0.131808 0.0484601 0.00119806
11 0.365761 0.474723 0.126498 0.0279869 0.00118425
11 0.703789 0.416344 0.101939 0.0229393 0.00116702
11 0.701534 0.464782 0.0924931 0.0202229 0.00116
11 0.486526 0.610218 0.12441 0.0443223 0.00113363
11 0.346374 0.651218 0.139628 0.0468495 0.00113264
11 0.592243 0.440253 0.0944084 0.0546917 0.00113031
11 0.418361 0.466215 0.149838 0.0434126 0.0010806
11 0.511236 0.552362 0.14658 0.038974 0.00103899
11 0.315627 0.501468 0.144331 0.0492126 0.00103416
11 0.402094 0.524563 0.155735 0.0388643 0.00102924
11 0.284207 0.420058 0.113974 0.0453423 0.00102919
11 0.333041 0.623677 0.118495 0.0566863 0.00101892
11 0.371422 0.645717 0.101405 0.0254795 0.00100058
