2 0.730947 0.515896 0.307623 0.459088 0.935947
5 0.120666 0.726334 0.158781 0.306581 0.908603
5 0.641499 0.567763 0.11525 0.302504 0.719457
5 0.592368 0.629484 0.106913 0.289014 0.713012
2 0.210362 0.735179 0.227689 0.148707 0.479234
5 0.621711 0.599502 0.150422 0.333019 0.422598
2 0.192096 0.718046 0.266436 0.195594 0.078359
6 0.614937 0.603704 0.0720083 0.254599 0.00396308
5 0.0815912 0.729279 0.0689789 0.189974 0.00375603
2 0.640771 0.576013 0.11733 0.320496 0.00356451
1 0.654895 0.547145 0.187875 0.279739 0.00301606
3 0.664906 0.551344 0.180142 0.267628 0.00162105
2 0.198323 0.721759 0.253925 0.275868 0.00143939
5 0.0840994 0.747266 0.0845173 0.247805 0.00142028
5 0.617698 0.608811 0.0789721 0.252661 0.00117411
