3 0.281431 0.491197 0.0813034 0.120339 0.771984
11 0.724616 0.352048 0.0340733 0.0673078 0.0137985
11 0.741823 0.350561 0.0481066 0.061098 0.0079802
11 0.741372 0.422207 0.0683487 0.050578 0.00630296
11 0.762783 0.341702 0.054818 0.0488661 0.00558983
11 0.611901 0.40275 0.0325977 0.0874795 0.00496824
11 0.683811 0.350302 0.0540443 0.0559844 0.00460741
11 0.717703 0.349162 0.035425 0.0717638 0.00440354
11 0.75057 0.419098 0.065504 0.0563753 0.00426214
11 0.799369 0.424545 0.0847161 0.0371137 0.00357311
11 0.790545 0.339806 0.0876226 0.0320547 0.00294823
11 0.764786 0.549821 0.0780561 0.0451908 0.00251871
11 0.6798 0.340418 0.0594297 0.0480017 0.00247632
11 0.760691 0.416312 0.0716348 0.0602417 0.00246066
11 0.615573 0.396834 0.02306 0.079325 0.00237838
11 0.635084 0.402244 0.0467686 0.0797464 0.00233557
11 0.758481 0.397737 0.0610448 0.0396737 0.00225787
11 0.712509 0.324127 0.0490559 0.0283994 0.0019269
11 0.766141 0.386766 0.0605961 0.0471869 0.00173512
11 0.744872 0.410716 0.0663192 0.0453065 0.00165986
11 0.743605 0.374146 0.0511032 0.0519776 0.0016559
11 0.627286 0.395444 0.0353281 0.0754915 0.0016159
11 0.743117 0.428963 0.0549723 0.0633034 0.00153908
11 0.81059 0.423843 0.0677891 0.033823 0.00149927
11 0.776495 0.591236 0.0714693 0.0406611 0.00144374
11 0.770571 0.541789 0.0818903 0.0519934 0.00143872
11 0.68847 0.340798 0.0478344 0.0577952 0.00143462
11 0.707518 0.341296 0.0591883 0.0642192 0.0014184
11 0.753336 0.401429 0.0541861 0.0312011 0.00133147
11 0.752213 0.351862 0.0524087 0.0581944 0.00128175
11 0.772481 0.339223 0.0639988 0.0442884 0.00127091
11 0.875313 0.376012 0.0388317 0.0807754 0.00117427
11 0.755362 0.556117 0.0671984 0.0518168 0.00117237
11 0.751409 0.432868 0.0568271 0.0653205 0.00114404
11 0.724767 0.411216 0.0741487 0.0431551 0.00108982
11 0.773543 0.333373 0.0548354 0.0412679 0.00108307
11 0.861359 0.376115 0.0393413 0.0803313 0.00104866
11 0.780686 0.338925 0.0787212 0.0373048 0.00104032
