11 0.578792 0.508654 0.0557142 0.063002 0.00612038
11 0.586138 0.511445 0.0663225 0.0752941 0.00407804
11 0.0401464 0.497202 0.0577108 0.0604307 0.00326226
11 0.538861 0.492379 0.100836 0.026514 0.00307094
11 0.4874 0.546475 0.0711141 0.0759085 0.00288535
11 0.457555 0.585631 0.0770595 0.0851166 0.00282
11 0.571025 0.499615 0.0660827 0.043371 0.00231349
11 0.466431 0.469033 0.0997986 0.0317146 0.00214965
11 0.578719 0.494448 0.0534278 0.0434194 0.00213032
11 0.475684 0.588014 0.0613821 0.0868623 0.00191138
11 0.466228 0.454882 0.103358 0.0285669 0.00189486
11 0.839766 0.732085 0.0612275 0.0826874 0.00179599
11 0.540224 0.647549 0.0549779 0.0885918 0.00156545
11 0.393906 0.532121 0.0529354 0.0820553 0.00151652
11 0.46624 0.462759 0.099032 0.0280106 0.0014936
11 0.0986146 0.483613 0.0558529 0.0581032 0.00143798
11 0.542728 0.499714 0.100948 0.0419354 0.00141639
11 0.0844502 0.484445 0.0630267 0.0551664 0.00138768
11 0.574056 0.517006 0.0612635 0.0821957 0.00134869
11 0.0595467 0.484469 0.0422423 0.0519164 0.00133725
11 0.497974 0.645697 0.137461 0.0851713 0.001306
11 0.454578 0.481159 0.122207 0.0313551 0.00128039
11 0.124646 0.718425 0.0661668 0.0815633 0.00123607
11 0.451275 0.48837 0.119736 0.0322172 0.00121728
11 0.534463 0.48756 0.11052 0.0217182 0.00120843
11 0.132056 0.712614 0.0334361 0.0780224 0.00116009
11 0.13473 0.715762 0.0492868 0.0905563 0.00111147
11 0.386328 0.53524 0.0429587 0.0849372 0.00109813
11 0.0696457 0.639038 0.0437986 0.0798157 0.00107062
11 0.11582 0.714644 0.0442415 0.0855608 0.00105104
