10 0.417715 0.693986 0.151637 0.0922945 0.0175782
11 0.269633 0.338421 0.182775 0.0205692 0.017573
11 0.30205 0.343688 0.137171 0.0186415 0.013656
11 0.294083 0.340218 0.143786 0.0201245 0.0131789
11 0.735201 0.337527 0.16415 0.0207685 0.0120782
11 0.784079 0.339177 0.126784 0.0190907 0.0103565
11 0.241676 0.337862 0.157181 0.0240678 0.00717426
10 0.282682 0.484837 0.123747 0.095151 0.00698916
11 0.481394 0.454231 0.200157 0.0534537 0.00660718
11 0.0991766 0.370868 0.0377248 0.0610481 0.00489425
11 0.106293 0.3678 0.0416337 0.0689286 0.00374651
11 0.426992 0.697635 0.134831 0.0880165 0.00367764
11 0.521523 0.451049 0.159729 0.0497662 0.00348413
11 0.277485 0.4073 0.119589 0.045132 0.00313571
11 0.764043 0.33638 0.149191 0.0174028 0.00298694
11 0.446055 0.694935 0.100518 0.0908867 0.00286584
11 0.79299 0.336621 0.137624 0.0177987 0.00265169
11 0.718072 0.339481 0.146843 0.022551 0.00259128
11 0.245137 0.408063 0.0645979 0.0461687 0.0025897
3 0.652791 0.781182 0.078674 0.118973 0.00255506
11 0.342618 0.347766 0.093798 0.0237921 0.0019353
11 0.907465 0.697772 0.0756686 0.0770964 0.00188624
11 0.309839 0.404903 0.105474 0.0397666 0.00179891
11 0.863415 0.703267 0.116406 0.0768666 0.00176575
11 0.884137 0.698931 0.0882053 0.0780992 0.00148022
11 0.391202 0.689576 0.0959525 0.0794378 0.0014336
11 0.131561 0.490143 0.0826461 0.0877121 0.00141673
11 0.507935 0.444036 0.179451 0.0351276 0.00131294
11 0.337316 0.397216 0.105029 0.0311942 0.00125228
11 0.835904 0.712326 0.140255 0.0609553 0.00107202
