3 0.108095 0.389359 0.0725754 0.129768 0.687607
3 0.180294 0.394913 0.0766831 0.0931718 0.641283
11 0.487973 0.329887 0.0474472 0.0254066 0.00831993
11 0.788704 0.568758 0.0234536 0.0782376 0.00541817
11 0.795056 0.569056 0.0199538 0.0823534 0.00493152
11 0.800065 0.549335 0.0268495 0.0444223 0.00175351
11 0.744737 0.364379 0.0345911 0.0483461 0.00169976
11 0.626628 0.413028 0.0238804 0.0713794 0.00164052
3 0.639804 0.737846 0.0501158 0.0606728 0.00163324
11 0.799673 0.575142 0.0188816 0.0740722 0.00162458
11 0.458085 0.452212 0.0582628 0.0421161 0.00145661
11 0.760173 0.361063 0.0376081 0.0471498 0.0013568
3 0.12553 0.582056 0.0541823 0.197445 0.00127189
11 0.834974 0.35723 0.023011 0.0798682 0.00126629
11 0.830338 0.355695 0.0235562 0.0823451 0.00118185
11 0.782166 0.568414 0.0323824 0.0753802 0.00111273
11 0.646506 0.41752 0.0189161 0.0752978 0.00109798
11 0.503151 0.337006 0.0540293 0.0431481 0.00104682
