8 0.634398 0.418033 0.299299 0.360475 0.918743
3 0.541832 0.66829 0.286871 0.295932 0.883838
11 0.721134 0.48864 0.111093 0.131539 0.868681
3 0.569612 0.627576 0.235427 0.25825 0.0171121
11 0.498959 0.713189 0.159509 0.161803 0.007375
4 0.583484 0.629937 0.204771 0.215875 0.00443426
11 0.694069 0.317336 0.121021 0.160909 0.0036341
8 0.587694 0.601459 0.187496 0.162026 0.00238842
8 0.569992 0.56475 0.235789 0.242627 0.00192668
11 0.520379 0.704504 0.115427 0.179287 0.00187507
11 0.682439 0.522217 0.118962 0.196806 0.00185033
4 0.628217 0.583106 0.290859 0.276529 0.0015566
11 0.677701 0.563414 0.122729 0.179504 0.00133946
8 0.564727 0.580847 0.183329 0.151201 0.00129405
