11 0.428385 0.329811 0.181798 0.0737804 0.0599643
11 0.686137 0.549935 0.16641 0.11987 0.0238794
11 0.681333 0.525787 0.150795 0.165351 0.0233445
7 0.66625 0.471247 0.0787733 0.0679339 0.0110324
7 0.655548 0.471173 0.0780697 0.0614652 0.00905283
11 0.410118 0.542905 0.0909085 0.0974817 0.00468734
11 0.663105 0.516627 0.104993 0.16609 0.00459227
11 0.43299 0.341572 0.190022 0.10208 0.00422613
11 0.684503 0.571964 0.170281 0.0831671 0.00240213
11 0.327128 0.481183 0.0941616 0.0524456 0.00206795
7 0.659564 0.504875 0.0870618 0.13882 0.00199876
11 0.681965 0.566828 0.187177 0.123668 0.00158948
11 0.315474 0.466743 0.126284 0.0717117 0.00158202
11 0.301683 0.45112 0.144979 0.0395624 0.00140102
