7 0.342904 0.423905 0.0605878 0.0439895 0.509385
7 0.315167 0.668326 0.031391 0.0549842 0.17802
7 0.346292 0.41695 0.068178 0.0521191 0.0762094
7 0.313216 0.615972 0.0382211 0.172721 0.0240989
8 0.311711 0.61604 0.150604 0.276672 0.0213162
7 0.321936 0.67083 0.0315181 0.0588955 0.0138638
7 0.321752 0.728121 0.0603884 0.037062 0.0113389
7 0.345432 0.407325 0.0936699 0.0514767 0.00970428
7 0.298311 0.410563 0.0479773 0.0367809 0.00786899
7 0.309468 0.659438 0.0483646 0.0790618 0.00635039
7 0.322973 0.701221 0.0599013 0.0920633 0.00495574
7 0.343408 0.671075 0.0498342 0.0493217 0.00442896
7 0.333496 0.677178 0.0403988 0.0697801 0.00326197
7 0.3421 0.4341 0.0598006 0.0741578 0.00291132
11 0.302417 0.618314 0.0678694 0.216728 0.00189377
7 0.313759 0.410647 0.0777976 0.0370454 0.00181818
7 0.336141 0.672223 0.0401729 0.0521507 0.00136251
7 0.344978 0.664332 0.0596529 0.0578677 0.00123326
