3 0.422688 0.625193 0.39235 0.135413 0.85821
3 0.316497 0.430474 0.28802 0.190612 0.00750964
11 0.31033 0.344697 0.134611 0.0312771 0.0055854
11 0.333905 0.348197 0.118233 0.035601 0.00531421
11 0.313186 0.340432 0.155522 0.0333699 0.00341839
11 0.296206 0.3494 0.141196 0.0352234 0.00276356
11 0.221541 0.348694 0.133529 0.0549524 0.00262978
11 0.567685 0.31802 0.157745 0.0212262 0.00236447
11 0.272615 0.340354 0.175535 0.0367504 0.00224445
11 0.359884 0.351352 0.154893 0.0424908 0.0022242
11 0.596101 0.328245 0.123244 0.0282913 0.00188362
11 0.443705 0.301886 0.209788 0.0275445 0.00180824
11 0.231579 0.345009 0.195281 0.0446154 0.00177719
11 0.597878 0.336436 0.137512 0.0233662 0.00176302
11 0.47263 0.30349 0.191592 0.0241044 0.00175127
11 0.258813 0.351637 0.175748 0.0425285 0.00172608
11 0.219227 0.418474 0.0954268 0.0829452 0.00169855
11 0.354811 0.357741 0.0932198 0.0495002 0.00166128
11 0.496593 0.296595 0.182702 0.0173523 0.00159674
11 0.310471 0.333147 0.172526 0.0481802 0.00147847
11 0.405108 0.29688 0.18092 0.0313479 0.00139496
11 0.206624 0.353548 0.119566 0.0587645 0.0013068
11 0.218016 0.408806 0.115237 0.086655 0.00129456
11 0.519944 0.297902 0.166004 0.0202091 0.00119793
11 0.218332 0.353997 0.160021 0.0484175 0.00109731
11 0.537575 0.313278 0.164275 0.0207914 0.00108732
11 0.456045 0.294883 0.226041 0.0219875 0.0010797
11 0.493973 0.305801 0.176356 0.0195384 0.0010098
11 0.172291 0.363011 0.0759014 0.0686905 0.00100271
