8 0.680666 0.263169 0.187868 0.137444 0.874496
8 0.0999422 0.668729 0.169985 0.287227 0.85743
11 0.132846 0.503453 0.0243356 0.151075 0.0268411
8 0.19309 0.526378 0.196077 0.528159 0.0147959
11 0.133332 0.467018 0.0293204 0.216747 0.013347
11 0.138175 0.453394 0.0403011 0.25545 0.00926238
11 0.130528 0.526019 0.0317949 0.172211 0.0086202
8 0.2177 0.483278 0.174624 0.526144 0.00548346
11 0.266121 0.290569 0.0687078 0.175916 0.00475261
8 0.134993 0.513894 0.0742275 0.446795 0.00339475
8 0.137975 0.539755 0.132625 0.450948 0.0033312
11 0.139813 0.583939 0.0513585 0.166027 0.00151915
11 0.136818 0.431775 0.0652651 0.276741 0.00145929
11 0.151758 0.626457 0.0668728 0.154584 0.00130982
11 0.126858 0.501886 0.0425168 0.159711 0.0010552
11 0.131197 0.555312 0.0435027 0.161684 0.00104522
