11 0.273367 0.479273 0.128608 0.0289388 0.37877
11 0.265201 0.475918 0.104396 0.0312534 0.0973485
11 0.291442 0.48476 0.163417 0.0279211 0.0501028
11 0.250225 0.544583 0.0661609 0.0787755 0.0336182
11 0.26092 0.481996 0.104164 0.0443886 0.019251
11 0.252511 0.468709 0.0884245 0.0339664 0.0101628
11 0.310932 0.490007 0.147418 0.0341467 0.00888973
11 0.415284 0.509957 0.062547 0.0691887 0.00875759
11 0.237546 0.546261 0.0782469 0.0829466 0.00647061
11 0.262413 0.547042 0.0539539 0.0653647 0.00527271
11 0.336871 0.493577 0.117586 0.0343406 0.00355574
11 0.387115 0.515474 0.0720177 0.0613436 0.00318259
11 0.648187 0.46423 0.130098 0.0320847 0.00292645
11 0.361957 0.513407 0.0700772 0.0497451 0.00210136
11 0.410777 0.498937 0.061764 0.0515636 0.00201214
11 0.253877 0.507516 0.0850728 0.0612543 0.00174802
11 0.651771 0.459442 0.138176 0.029209 0.00172635
11 0.273982 0.499505 0.093922 0.0482082 0.00159478
11 0.369344 0.524118 0.0584397 0.0568581 0.00156264
11 0.400679 0.514237 0.0696435 0.0650027 0.00153231
11 0.377266 0.503527 0.0853326 0.0548422 0.0015255
11 0.252779 0.462521 0.0873391 0.0221038 0.00128197
11 0.41914 0.505954 0.0850371 0.0664666 0.001269
11 0.331388 0.502334 0.122327 0.0448208 0.00104849
