9 0.717105 0.502285 0.326228 0.395353 0.923228
0 0.512474 0.506626 0.173556 0.409466 0.913248
11 0.623506 0.373669 0.0901668 0.14223 0.470706
11 0.641967 0.383001 0.117759 0.152756 0.243506
11 0.600951 0.378211 0.151592 0.155996 0.0413008
11 0.621137 0.402255 0.107401 0.204697 0.0225171
11 0.64347 0.390568 0.156177 0.140686 0.0205131
11 0.603874 0.342472 0.130347 0.0814296 0.00490317
11 0.576921 0.384551 0.0597617 0.148388 0.00281285
11 0.582606 0.382258 0.093782 0.160785 0.00262411
9 0.290789 0.728964 0.388011 0.233604 0.00173373
9 0.383976 0.709668 0.385312 0.265052 0.00163315
11 0.735575 0.390733 0.133567 0.167136 0.0015511
11 0.586349 0.365047 0.188893 0.126682 0.00135398
11 0.606296 0.410115 0.0929997 0.19419 0.00110218
11 0.375023 0.576781 0.0405792 0.133512 0.00102403
11 0.637416 0.368756 0.0647951 0.130872 0.00100517
