3 0.425799 0.715102 0.341166 0.239901 0.925839
8 0.714345 0.536283 0.347814 0.136637 0.908838
11 0.48798 0.732436 0.177092 0.113416 0.0435749
11 0.513662 0.724471 0.130142 0.0977785 0.00975589
11 0.469186 0.743375 0.161858 0.105607 0.00708189
11 0.481452 0.727402 0.143773 0.0740278 0.00683531
11 0.466886 0.753364 0.196475 0.118661 0.00533219
11 0.492866 0.707329 0.152537 0.117649 0.00245639
11 0.467958 0.727564 0.120161 0.0584224 0.00178639
11 0.53032 0.722989 0.10914 0.0814389 0.0014272
11 0.452331 0.728999 0.0987428 0.0751634 0.00136166
