6 0.828812 0.620875 0.133279 0.193115 0.785668
6 0.819343 0.632089 0.103561 0.161796 0.0318435
6 0.801463 0.630607 0.0756096 0.167057 0.0171422
7 0.80713 0.578975 0.0839817 0.115371 0.00800723
6 0.816165 0.585204 0.101699 0.126993 0.00711886
6 0.80031 0.604821 0.0695044 0.156382 0.00619806
7 0.801616 0.564686 0.0710758 0.0878161 0.00609335
7 0.840297 0.636689 0.113248 0.140126 0.004908
7 0.846216 0.639249 0.0996517 0.101842 0.00409816
6 0.838081 0.628758 0.114136 0.1449 0.00370705
7 0.782739 0.586375 0.0418867 0.119479 0.00276732
7 0.860001 0.635283 0.0683972 0.108136 0.00179091
7 0.861575 0.647771 0.0687193 0.0767076 0.00154411
7 0.795572 0.5901 0.0603414 0.129119 0.00151114
7 0.810726 0.550406 0.056395 0.0575805 0.0012708
7 0.783108 0.597813 0.0575027 0.0944346 0.00122687
6 0.780943 0.547747 0.228635 0.345756 0.00113586
7 0.785998 0.572418 0.0440565 0.0935989 0.00104226
