10 0.514483 0.500823 0.591492 0.201943 0.912386
4 0.559364 0.581695 0.303465 0.103424 0.552074
4 0.570513 0.562833 0.406514 0.120458 0.421085
4 0.615123 0.564307 0.39674 0.165929 0.318868
4 0.487238 0.610724 0.346121 0.130734 0.275024
4 0.584511 0.604979 0.256333 0.120813 0.143877
4 0.524252 0.609589 0.427577 0.10329 0.123618
4 0.542498 0.537578 0.46879 0.132685 0.0617572
4 0.564416 0.594126 0.315371 0.168671 0.0536139
4 0.547553 0.600556 0.370851 0.0792 0.0531959
4 0.535817 0.591428 0.442616 0.0901097 0.038301
4 0.504584 0.566168 0.399724 0.131251 0.0316905
10 0.587444 0.543661 0.450132 0.227066 0.0233819
10 0.543428 0.606175 0.30189 0.0623809 0.0179911
4 0.537208 0.607576 0.251394 0.0701457 0.0167574
4 0.536475 0.611922 0.281199 0.12355 0.00959951
4 0.61019 0.577183 0.267451 0.100511 0.00404413
4 0.645282 0.577369 0.282742 0.136276 0.00302636
4 0.528108 0.608536 0.302867 0.0873526 0.00301983
4 0.60225 0.558424 0.289864 0.12246 0.0024344
10 0.686292 0.469368 0.250335 0.0917789 0.00201351
4 0.602405 0.603651 0.241773 0.161524 0.00178692
10 0.571522 0.599414 0.33681 0.0717292 0.00176659
10 0.530669 0.605608 0.238449 0.051906 0.00143675
4 0.673961 0.562985 0.261538 0.0886188 0.00126627
4 0.54669 0.51197 0.493602 0.135442 0.00123602
10 0.670568 0.553751 0.265544 0.109307 0.00112081
