3 0.300851 0.679854 0.0529439 0.18841 0.0110713
3 0.33371 0.814685 0.108663 0.0879991 0.00953926
11 0.606339 0.455189 0.0517819 0.0525418 0.00578048
11 0.822989 0.319122 0.0494434 0.0350648 0.00574361
11 0.563462 0.504557 0.0534128 0.0429833 0.00532596
11 0.823261 0.314412 0.0428959 0.0356308 0.00431923
11 0.879416 0.366278 0.0314673 0.0357253 0.00407219
3 0.618288 0.493471 0.0938563 0.0771558 0.00398379
11 0.87457 0.351565 0.0355641 0.0375773 0.00394407
11 0.640961 0.501111 0.0580372 0.0549068 0.00389353
10 0.626373 0.504408 0.080002 0.0568046 0.0034929
3 0.446577 0.816849 0.0349711 0.077533 0.00347127
11 0.861686 0.348204 0.0324196 0.0335467 0.00258584
11 0.865343 0.364957 0.0346451 0.0333648 0.00258463
11 0.852661 0.366202 0.0486824 0.0401259 0.00248055
11 0.852705 0.343388 0.0360208 0.0349477 0.00234979
11 0.882526 0.368827 0.0323847 0.0435244 0.00233474
11 0.829241 0.312316 0.0410408 0.0285767 0.00228422
11 0.885814 0.379495 0.027709 0.0488505 0.00226389
11 0.830659 0.324465 0.048291 0.025904 0.00224864
11 0.603499 0.475923 0.0625733 0.0522282 0.00221563
11 0.557825 0.481743 0.0490362 0.038654 0.00219157
11 0.100077 0.584386 0.0434954 0.0455941 0.0021456
11 0.648397 0.513413 0.0523426 0.0609118 0.00213768
11 0.62628 0.468504 0.071639 0.048049 0.00210678
11 0.81449 0.34277 0.0433102 0.0273052 0.00207791
11 0.826675 0.379254 0.0450992 0.0476174 0.00206715
11 0.814142 0.378826 0.0450432 0.0644046 0.00204709
11 0.557939 0.497297 0.0538114 0.0461585 0.00193071
11 0.881425 0.377594 0.0292682 0.0436365 0.00185835
10 0.620148 0.486952 0.0839482 0.0647784 0.00177022
11 0.0815625 0.757076 0.0243178 0.101672 0.00174624
11 0.842204 0.382299 0.0561596 0.0410224 0.00173738
11 0.559312 0.50971 0.0507933 0.0422498 0.0017299
10 0.639669 0.513595 0.0614775 0.066921 0.00171387
11 0.0457647 0.690411 0.0175827 0.090262 0.00169989
11 0.116559 0.595118 0.0248776 0.0644706 0.0016652
11 0.874573 0.390533 0.0422363 0.0473849 0.00165574
10 0.628197 0.493378 0.0741286 0.0533193 0.00160945
11 0.813962 0.367424 0.0395789 0.0510434 0.00159864
11 0.0365943 0.689118 0.0145545 0.0958494 0.00159116
11 0.580353 0.501685 0.0659357 0.0470271 0.00153968
11 0.886177 0.392209 0.0297203 0.047228 0.00153068
11 0.850945 0.331723 0.0354878 0.0301904 0.00149748
11 0.809205 0.369557 0.0477017 0.0612787 0.00146032
11 0.857009 0.398357 0.0567347 0.0529433 0.0014308
11 0.0646722 0.639137 0.0282471 0.0885139 0.00141579
11 0.84457 0.366113 0.0501824 0.041765 0.00140573
11 0.84989 0.380474 0.053491 0.0377299 0.00134377
11 0.0534375 0.569727 0.0231402 0.0891833 0.00131652
11 0.0455131 0.569491 0.0234076 0.0973688 0.00130762
11 0.0459529 0.555133 0.0239067 0.0678442 0.0012628
10 0.612558 0.499313 0.0809715 0.0528177 0.00126186
11 0.801991 0.387182 0.0587493 0.090878 0.00124496
11 0.635956 0.480902 0.0597777 0.0454209 0.00121454
11 0.766656 0.548225 0.0431791 0.0565032 0.00120364
11 0.0899224 0.788915 0.0554572 0.0399332 0.00119272
11 0.886247 0.411233 0.0362613 0.0579301 0.00118665
11 0.623484 0.482857 0.0753905 0.0560462 0.00118362
11 0.870531 0.403152 0.0550267 0.0527747 0.00115116
11 0.58419 0.483821 0.0561562 0.0450872 0.00113521
11 0.603947 0.499162 0.0629765 0.0536621 0.00110849
11 0.859026 0.334618 0.036995 0.0358596 0.0011017
11 0.0585137 0.583965 0.0184331 0.126022 0.00104874
3 0.383814 0.727943 0.108819 0.0923353 0.00104514
11 0.0652382 0.606179 0.0270796 0.142215 0.00104289
11 0.105815 0.790302 0.0792396 0.0349909 0.00103579
11 0.820439 0.397332 0.0498653 0.0767634 0.00103374
11 0.846618 0.312585 0.0470363 0.0321954 0.001032
11 0.567478 0.483958 0.0430479 0.0428403 0.00102458
11 0.676818 0.51467 0.0447048 0.0537645 0.00102134
