3 0.786876 0.427064 0.140526 0.0918665 0.79931
11 0.618209 0.805213 0.0256144 0.0862362 0.0127868
3 0.157742 0.842097 0.20964 0.0975868 0.0122926
11 0.308224 0.750093 0.140355 0.0325853 0.00970497
11 0.314125 0.753906 0.115419 0.0243198 0.00833538
11 0.398085 0.688103 0.0571653 0.06814 0.00727819
11 0.391739 0.693697 0.0652722 0.0802265 0.00640565
11 0.225069 0.716466 0.0415333 0.0695624 0.00422516
11 0.283082 0.536294 0.0911058 0.0339343 0.00411832
11 0.342796 0.673494 0.118673 0.10733 0.0040026
11 0.322931 0.746323 0.132032 0.0297975 0.00387959
11 0.100173 0.652123 0.0383171 0.0800764 0.00363657
10 0.310257 0.743492 0.136597 0.0443735 0.00356038
11 0.360498 0.67724 0.121154 0.101645 0.00327038
11 0.342682 0.742567 0.108394 0.0258717 0.00317527
11 0.357723 0.738096 0.0752902 0.027016 0.00306963
11 0.316309 0.628516 0.0830742 0.0210385 0.00306654
11 0.307579 0.756893 0.141796 0.028252 0.00213863
11 0.231226 0.720878 0.0504712 0.0638939 0.00212852
11 0.357039 0.742232 0.0813105 0.0242407 0.00209228
11 0.0759382 0.836488 0.0320156 0.0720592 0.00200867
11 0.385886 0.690926 0.0905936 0.0749465 0.00199684
11 0.238712 0.716073 0.0606831 0.0725786 0.00196288
11 0.313715 0.637052 0.089374 0.0410246 0.0019503
11 0.281923 0.747844 0.147583 0.0387549 0.00185104
11 0.627939 0.807077 0.0317357 0.0842912 0.00172643
11 0.337926 0.751153 0.0977091 0.0273456 0.00168628
11 0.0715857 0.838292 0.0304862 0.0796738 0.00165167
11 0.343024 0.735699 0.0712678 0.0291759 0.00164668
11 0.314919 0.642806 0.0949245 0.0576118 0.00162616
11 0.613476 0.801252 0.0294135 0.0934891 0.00149864
11 0.305093 0.742417 0.143962 0.046591 0.00137878
11 0.383965 0.701563 0.074862 0.0794436 0.00113699
11 0.298271 0.627135 0.123449 0.0222845 0.00101161
