3 0.808277 0.672886 0.186323 0.183765 0.867187
10 0.593679 0.559075 0.210059 0.0579335 0.0172229
11 0.465266 0.583852 0.0405724 0.0708235 0.00537478
11 0.457659 0.584894 0.0422738 0.0790161 0.00473367
11 0.502699 0.615457 0.107508 0.0315106 0.00441697
11 0.485091 0.584478 0.0458837 0.0626905 0.00200795
11 0.507325 0.608623 0.0891052 0.0429382 0.00156372
11 0.721433 0.614414 0.0660725 0.0616619 0.00149262
11 0.503345 0.592073 0.0624131 0.0556712 0.0012731
11 0.492892 0.587529 0.0558491 0.0619129 0.00117635
