8 0.567457 0.516436 0.525082 0.233673 0.915453
3 0.575002 0.431433 0.409549 0.155129 0.767296
11 0.74732 0.501991 0.178416 0.0776402 0.436371
11 0.74281 0.485443 0.188039 0.111819 0.00544468
11 0.557462 0.509705 0.148652 0.0812979 0.00413943
11 0.677596 0.459019 0.190016 0.0900519 0.0034886
11 0.693907 0.474993 0.146702 0.107232 0.00311246
11 0.679073 0.491187 0.186285 0.0703805 0.00299071
11 0.731009 0.495545 0.150184 0.0695558 0.00236893
11 0.713964 0.490992 0.118809 0.0734985 0.00205906
3 0.574051 0.415871 0.419211 0.219319 0.00201283
11 0.643427 0.472502 0.221545 0.105947 0.00162548
11 0.403302 0.271621 0.139693 0.132632 0.00145452
3 0.555487 0.413133 0.36834 0.118426 0.00111624
