10 0.26287 0.297701 0.332458 0.194514 0.940349
10 0.593399 0.507276 0.813201 0.420668 0.754991
4 0.518208 0.52897 0.352052 0.460385 0.65575
10 0.452481 0.527419 0.528011 0.447726 0.377971
10 0.550928 0.496676 0.730292 0.325636 0.08763
4 0.54756 0.541085 0.724805 0.424969 0.0686121
4 0.55857 0.47208 0.266117 0.355682 0.0147289
4 0.582231 0.468796 0.425855 0.353801 0.00787995
8 0.559496 0.518261 0.525029 0.372617 0.00499393
4 0.589867 0.453074 0.205744 0.316962 0.00333799
4 0.500328 0.508631 0.629392 0.329283 0.00301401
4 0.64192 0.458639 0.344532 0.32965 0.00288539
10 0.483071 0.523438 0.56013 0.344026 0.0014539
4 0.477872 0.490223 0.58341 0.244269 0.00137072
10 0.542594 0.465174 0.2995 0.338557 0.00126139
4 0.570017 0.48694 0.552916 0.386986 0.00121382
10 0.496503 0.501387 0.393411 0.407651 0.00105725
