6 0.191717 0.49036 0.111365 0.149439 0.843988
10 0.276445 0.64388 0.47051 0.332385 0.793746
6 0.0957485 0.43875 0.03825 0.185962 0.733382
10 0.251974 0.733175 0.36538 0.138089 0.623654
10 0.292734 0.748039 0.402943 0.125333 0.174811
10 0.299007 0.794058 0.410211 0.13466 0.0958982
10 0.234799 0.675783 0.354963 0.226473 0.0877483
6 0.963234 0.397688 0.0733273 0.234395 0.0809307
10 0.217352 0.709527 0.296157 0.0690636 0.0399126
10 0.309561 0.774094 0.481018 0.177239 0.0388502
10 0.304465 0.826021 0.439917 0.0766431 0.0310945
10 0.25462 0.680347 0.318965 0.164184 0.0219988
10 0.301027 0.612359 0.392938 0.236442 0.021846
10 0.432733 0.784783 0.444305 0.125285 0.0207817
10 0.231608 0.750837 0.32975 0.0672947 0.00885283
10 0.313865 0.839288 0.503096 0.0802309 0.00716861
10 0.283372 0.735251 0.232476 0.103662 0.00571357
10 0.34905 0.76752 0.329028 0.0893774 0.00504852
10 0.238108 0.755559 0.27334 0.0553807 0.00429747
10 0.368991 0.764246 0.263928 0.0752182 0.00386161
10 0.321472 0.820236 0.33383 0.0630221 0.0038313
6 0.960689 0.328038 0.0786219 0.374977 0.00289262
10 0.229963 0.721915 0.319957 0.0816979 0.00229815
10 0.200906 0.703873 0.264518 0.0932528 0.00203785
10 0.283823 0.732463 0.309977 0.0917826 0.00191613
10 0.258876 0.845705 0.428596 0.0949702 0.00176023
6 0.968215 0.361703 0.0630288 0.261687 0.00170125
6 0.97454 0.330636 0.0502769 0.348371 0.00159488
10 0.228929 0.684554 0.314269 0.0911472 0.00147704
6 0.97092 0.413077 0.0580848 0.218982 0.0014073
10 0.270783 0.7167 0.347563 0.0716562 0.00109749
