1 0.438595 0.827869 0.168303 0.185433 0.792781
5 0.469165 0.559829 0.221468 0.0340922 0.442951
5 0.565535 0.556296 0.423321 0.0618303 0.274888
5 0.55447 0.556558 0.406428 0.0455203 0.157567
1 0.401988 0.620449 0.313754 0.0893186 0.128845
5 0.480868 0.555128 0.258456 0.0323646 0.108358
5 0.563919 0.56091 0.423091 0.0888882 0.0987535
1 0.443303 0.619074 0.210664 0.0742332 0.0748698
5 0.466416 0.564326 0.22539 0.048716 0.0499462
5 0.521016 0.557314 0.333486 0.0376419 0.038924
5 0.636364 0.557158 0.24589 0.047942 0.0286188
1 0.489062 0.565159 0.266385 0.0473356 0.028165
5 0.383904 0.624171 0.348145 0.10312 0.0266608
1 0.270785 0.712562 0.244873 0.090073 0.0214074
1 0.47948 0.557449 0.259682 0.0371495 0.0181079
1 0.500501 0.588859 0.226497 0.0824411 0.0154355
1 0.447144 0.605 0.20559 0.0935649 0.0124456
1 0.526844 0.58257 0.232659 0.0706358 0.00992768
1 0.461673 0.583145 0.21398 0.0766957 0.00961753
5 0.39156 0.824528 0.0544909 0.193892 0.00954326
5 0.455862 0.580248 0.206872 0.0771337 0.00909796
5 0.392433 0.846201 0.0719073 0.151758 0.00801121
5 0.468877 0.833726 0.102791 0.162179 0.00745607
1 0.442227 0.835383 0.134651 0.152924 0.00621562
5 0.633322 0.557374 0.272224 0.0641769 0.00598149
5 0.274654 0.85897 0.210958 0.041369 0.00524953
5 0.294877 0.905836 0.251927 0.0414672 0.00444687
5 0.652977 0.552382 0.262109 0.0332655 0.00401334
1 0.271413 0.865603 0.218498 0.0615923 0.00388957
1 0.438986 0.878918 0.177075 0.0766012 0.00371341
1 0.412394 0.836271 0.0937577 0.163536 0.00368611
1 0.462198 0.834185 0.111786 0.159664 0.00304053
5 0.453944 0.623664 0.201455 0.0525248 0.00259112
5 0.47714 0.621158 0.143335 0.0553533 0.00256738
1 0.524396 0.595247 0.206764 0.0851657 0.00249152
5 0.457461 0.610934 0.1945 0.0756078 0.00235754
5 0.437206 0.567127 0.180976 0.0563214 0.00232864
1 0.442907 0.862671 0.157396 0.11377 0.0021003
5 0.281028 0.920793 0.233083 0.02598 0.00194371
5 0.467656 0.629516 0.154252 0.0412518 0.00149461
5 0.270006 0.862513 0.218393 0.0686245 0.00140817
1 0.394999 0.828166 0.0669873 0.187975 0.00125978
5 0.487557 0.608334 0.142588 0.0779022 0.00122483
5 0.451751 0.82909 0.123268 0.149622 0.00119376
5 0.269762 0.717848 0.243863 0.0780514 0.00117668
5 0.444896 0.892848 0.177563 0.057148 0.00115155
5 0.272696 0.881715 0.221268 0.040979 0.00115075
5 0.550415 0.568678 0.308143 0.0421282 0.00114201
1 0.48623 0.598651 0.149302 0.0885739 0.00112078
5 0.439358 0.594012 0.202167 0.0977708 0.0010417
