1 0.223116 0.555905 0.0935817 0.168775 0.373115
1 0.276068 0.560942 0.0970074 0.172059 0.203492
4 0.831774 0.468515 0.0304153 0.0837805 0.162611
1 0.276741 0.578189 0.0825031 0.13826 0.138095
1 0.204516 0.564923 0.0572143 0.161195 0.115108
1 0.238377 0.554176 0.0874319 0.171414 0.0547247
1 0.251894 0.560978 0.0770604 0.160928 0.0496368
1 0.180188 0.61538 0.141443 0.249091 0.0481584
5 0.189341 0.68902 0.0445172 0.250104 0.0445889
5 0.274612 0.539305 0.0829677 0.124442 0.0344372
1 0.179672 0.569644 0.0919069 0.142076 0.0343452
1 0.265796 0.59772 0.0819958 0.170311 0.0339792
1 0.216883 0.550905 0.0647726 0.13631 0.0335295
5 0.283849 0.589146 0.0681632 0.111959 0.0256171
1 0.265081 0.582108 0.0613242 0.170671 0.0225155
4 0.832994 0.481351 0.0420794 0.0827145 0.0168638
5 0.280953 0.546945 0.0991922 0.0958882 0.0157261
1 0.296284 0.56021 0.129276 0.145286 0.0142168
1 0.25286 0.618368 0.0896168 0.193449 0.0134052
1 0.244681 0.59786 0.0937867 0.220069 0.0132236
4 0.842662 0.472288 0.0489926 0.0816691 0.0117802
1 0.207378 0.550442 0.0702083 0.159646 0.0103367
1 0.218076 0.650998 0.124707 0.135011 0.0101138
1 0.254196 0.639923 0.107938 0.14123 0.0071297
1 0.228953 0.602621 0.0833844 0.23104 0.00692472
1 0.197348 0.597144 0.0946127 0.210303 0.00676896
1 0.296908 0.558839 0.100776 0.0916322 0.00624057
1 0.191135 0.697116 0.0704698 0.234101 0.00623818
1 0.152997 0.682597 0.128852 0.213653 0.00605378
1 0.223873 0.537619 0.08213 0.145533 0.00570435
1 0.175972 0.585941 0.128897 0.179166 0.00567055
1 0.190616 0.552826 0.0966336 0.144618 0.00543206
1 0.171723 0.702731 0.102098 0.230712 0.00539062
1 0.197439 0.666212 0.0927147 0.186707 0.00459977
1 0.196689 0.581063 0.0545133 0.163264 0.00454084
5 0.198888 0.588675 0.0452178 0.183638 0.00380486
1 0.263817 0.544493 0.142241 0.150485 0.0037895
1 0.268899 0.535804 0.100624 0.143882 0.00377877
5 0.201441 0.613036 0.052268 0.209908 0.00324123
1 0.262148 0.618442 0.118912 0.154303 0.0032014
5 0.198211 0.67378 0.0738491 0.180361 0.00318522
1 0.144738 0.710177 0.125863 0.225871 0.00283211
1 0.230753 0.648051 0.0782081 0.131208 0.00257637
1 0.159025 0.641927 0.102477 0.0970641 0.00238142
5 0.309452 0.561881 0.0853077 0.076265 0.0021736
5 0.169554 0.580428 0.0972118 0.136303 0.00216598
5 0.306765 0.579932 0.0841564 0.0751556 0.0021524
1 0.225619 0.606657 0.120363 0.219045 0.00177144
1 0.204527 0.598624 0.0585334 0.217652 0.00146287
1 0.189422 0.691311 0.0532293 0.212373 0.00141587
1 0.213921 0.609749 0.0728838 0.208179 0.00136403
5 0.247829 0.642327 0.0935576 0.118657 0.00128399
1 0.150423 0.65714 0.112915 0.117545 0.001269
5 0.246213 0.546658 0.0992074 0.149778 0.00111571
4 0.833004 0.51613 0.0445856 0.0564331 0.00109171
1 0.170046 0.655856 0.0946523 0.126541 0.00100145
