1 0.31399 0.333381 0.446317 0.160052 0.745852
1 0.625598 0.760347 0.21248 0.173689 0.0310074
1 0.495587 0.753314 0.309609 0.188405 0.0115411
1 0.647109 0.736187 0.161202 0.131991 0.00858371
5 0.256307 0.332341 0.351037 0.0659686 0.00706985
1 0.562283 0.761448 0.308054 0.203767 0.00700414
1 0.434609 0.779835 0.402988 0.222295 0.00501169
1 0.391557 0.323273 0.295074 0.114313 0.00417744
1 0.426819 0.745058 0.254136 0.196081 0.00290273
1 0.433162 0.33181 0.292369 0.102914 0.00241696
1 0.398107 0.823062 0.36991 0.147945 0.00192461
5 0.493548 0.854218 0.148901 0.0644125 0.00184013
5 0.481537 0.850565 0.183985 0.0762693 0.0016669
5 0.441683 0.331716 0.313923 0.0835155 0.00124698
5 0.22129 0.325999 0.28568 0.0523031 0.0010778
