6 0.217077 0.392571 0.280596 0.251611 0.795438
5 0.218137 0.435253 0.339421 0.332737 0.647826
1 0.16561 0.414606 0.237629 0.280004 0.394524
6 0.213515 0.417382 0.3231 0.321432 0.330024
10 0.351285 0.42703 0.561055 0.361056 0.163766
5 0.170794 0.424822 0.256039 0.303706 0.10404
5 0.246174 0.474251 0.279032 0.256814 0.0875411
5 0.138011 0.458658 0.163648 0.198015 0.0676179
5 0.145857 0.422156 0.164864 0.272329 0.0656045
10 0.441341 0.450656 0.473612 0.349328 0.0615203
10 0.291022 0.436724 0.386582 0.338025 0.0591476
10 0.255228 0.449507 0.285463 0.324782 0.0354168
10 0.580991 0.685426 0.369875 0.371195 0.028837
6 0.659158 0.468882 0.33413 0.294654 0.00752907
6 0.203591 0.329532 0.28674 0.15888 0.0063812
10 0.388676 0.572197 0.468269 0.53712 0.00595725
10 0.27194 0.558641 0.277392 0.504729 0.00437128
6 0.261913 0.3312 0.373796 0.229411 0.00435925
10 0.648149 0.475054 0.32383 0.313169 0.00387692
5 0.154978 0.478807 0.196295 0.22218 0.00314652
10 0.295992 0.436391 0.19211 0.326564 0.00283055
10 0.341434 0.721501 0.122933 0.368761 0.00245241
10 0.624112 0.52163 0.199522 0.429313 0.00232296
10 0.298093 0.377683 0.46992 0.30265 0.00198595
10 0.479864 0.474497 0.392603 0.291013 0.00168873
6 0.180404 0.407972 0.267977 0.276138 0.00118861
5 0.285304 0.491214 0.204204 0.214688 0.00117426
