4 0.489697 0.706721 0.17324 0.121283 0.37483
4 0.520319 0.700975 0.214824 0.132003 0.285864
4 0.437504 0.710128 0.142575 0.122294 0.116983
4 0.420215 0.731521 0.15079 0.164818 0.0672841
4 0.402688 0.678546 0.277212 0.113068 0.0400601
4 0.414916 0.697089 0.221452 0.105173 0.0213366
4 0.464732 0.709409 0.18654 0.110741 0.0132867
4 0.418816 0.666276 0.305274 0.154947 0.00625685
4 0.391668 0.693708 0.238306 0.130632 0.00406623
4 0.370899 0.682953 0.199987 0.0961421 0.00245865
4 0.430549 0.705454 0.19494 0.142828 0.00132258
