1 0.416629 0.674266 0.153116 0.205971 0.233639
1 0.17214 0.772646 0.201752 0.199334 0.0732216
1 0.434061 0.698059 0.114844 0.158856 0.0513203
1 0.452553 0.712032 0.086703 0.130735 0.0217806
4 0.41782 0.669884 0.164636 0.214638 0.0103333
4 0.85634 0.619987 0.108253 0.139716 0.00337676
1 0.423071 0.681638 0.0999467 0.129871 0.00258264
5 0.125344 0.763961 0.0942082 0.154874 0.00242016
1 0.152751 0.807284 0.0816583 0.127075 0.00216766
1 0.129723 0.798319 0.089661 0.133906 0.00210232
1 0.419094 0.714404 0.0975133 0.120949 0.00209797
1 0.160151 0.754992 0.153474 0.166608 0.00177075
1 0.17178 0.739066 0.114039 0.155185 0.00139444
1 0.2176 0.688152 0.1467 0.112687 0.00128649
1 0.120249 0.819208 0.100892 0.144583 0.00113403
1 0.127226 0.812123 0.0736979 0.130428 0.00110352
