1 0.304342 0.53835 0.192172 0.261169 0.82087
1 0.396143 0.51287 0.0707046 0.207353 0.275575
1 0.320329 0.543274 0.142445 0.171935 0.0645217
5 0.318738 0.629149 0.0638885 0.0807935 0.0148628
1 0.31281 0.539696 0.0951914 0.144996 0.0114767
1 0.340164 0.58593 0.0925507 0.153567 0.00695967
1 0.297641 0.574097 0.0994714 0.149039 0.00654151
5 0.333384 0.622034 0.0659855 0.0889499 0.00636732
1 0.334971 0.552463 0.124304 0.247611 0.00618914
5 0.352308 0.616366 0.0708835 0.101361 0.00554147
1 0.340235 0.608139 0.079974 0.119674 0.00507939
1 0.322429 0.596403 0.0840552 0.143 0.00484577
1 0.262348 0.534361 0.121221 0.147691 0.0043426
1 0.301004 0.523327 0.143596 0.162447 0.00397757
1 0.276698 0.529892 0.111949 0.180566 0.00396125
1 0.239024 0.536147 0.09087 0.111538 0.00378213
5 0.313384 0.615761 0.0711986 0.107182 0.00366963
1 0.296311 0.543257 0.115338 0.202614 0.00366007
1 0.335942 0.588408 0.118729 0.178938 0.00365572
1 0.365659 0.527354 0.108702 0.205257 0.00350033
1 0.314132 0.575047 0.0977603 0.161748 0.00347879
5 0.343483 0.583304 0.0928586 0.154062 0.00332419
1 0.349678 0.599106 0.0869946 0.137603 0.00232964
1 0.312413 0.570703 0.13639 0.216722 0.00230799
1 0.309323 0.600162 0.0815953 0.136973 0.00168912
1 0.362243 0.558559 0.0933067 0.120524 0.00166322
5 0.310888 0.600829 0.136041 0.168331 0.00141911
1 0.318592 0.602165 0.130405 0.16153 0.00140685
5 0.353679 0.597901 0.0853628 0.138461 0.00122436
1 0.278355 0.535475 0.085439 0.206666 0.00116876
