6 0.723585 0.652143 0.273376 0.189466 0.775875
6 0.490187 0.577049 0.215124 0.0941046 0.380562
6 0.399269 0.980378 0.197887 0.0391186 0.00827623
6 0.482284 0.980675 0.181321 0.0384387 0.00561536
6 0.432868 0.980528 0.165502 0.0388412 0.00497983
6 0.533064 0.980077 0.265007 0.0398462 0.0046689
11 0.103518 0.183218 0.0307157 0.0935649 0.00303942
11 0.0559441 0.164212 0.0309125 0.0569049 0.00275256
11 0.0298714 0.165759 0.0418175 0.0549148 0.00258091
11 0.109307 0.187532 0.0359189 0.102097 0.00180889
6 0.786884 0.66353 0.211753 0.183483 0.00175168
6 0.583518 0.454133 0.149794 0.130599 0.00173294
6 0.757614 0.640465 0.23618 0.214751 0.00150673
11 0.714756 0.106966 0.0296313 0.0720244 0.0013723
11 0.707462 0.108104 0.0324939 0.0686208 0.00104238
