10 0.289329 0.509044 0.50733 0.440898 0.869326
6 0.189529 0.685981 0.11267 0.195785 0.834048
6 0.097841 0.70972 0.040074 0.214014 0.775206
10 0.222828 0.445406 0.350128 0.269478 0.743044
10 0.282862 0.379684 0.377495 0.228875 0.610286
10 0.256883 0.523623 0.367755 0.345979 0.0176005
10 0.207076 0.335603 0.252582 0.0585681 0.0148322
10 0.192375 0.327985 0.214826 0.0572751 0.00703042
10 0.265627 0.472442 0.303479 0.132497 0.00683877
10 0.205009 0.349529 0.272218 0.078835 0.00529034
10 0.269463 0.422474 0.358565 0.242577 0.00517799
10 0.300228 0.557463 0.398276 0.335204 0.00510131
10 0.168353 0.383314 0.209473 0.23335 0.00489592
10 0.226405 0.448567 0.317268 0.12301 0.00466887
6 0.0797819 0.155935 0.0575925 0.120646 0.00360359
10 0.211142 0.361764 0.316278 0.066945 0.00358565
10 0.190637 0.403275 0.203666 0.220686 0.00343846
10 0.25934 0.417075 0.292456 0.300194 0.00343621
10 0.307869 0.381443 0.321038 0.11737 0.00315091
10 0.212857 0.346602 0.306044 0.0488126 0.00300531
10 0.247162 0.416144 0.325642 0.124274 0.00296664
10 0.266171 0.434535 0.315115 0.165425 0.00279458
10 0.158785 0.323916 0.19781 0.0641593 0.00233004
10 0.268534 0.398005 0.331041 0.120792 0.00192975
6 0.983168 0.397808 0.0332823 0.176403 0.00163527
10 0.209699 0.431161 0.285787 0.127887 0.00159081
10 0.282639 0.355628 0.386021 0.326757 0.00135656
10 0.135636 0.330274 0.192136 0.0898203 0.00120881
6 0.980505 0.35992 0.0384785 0.143117 0.00113109
6 0.973866 0.436274 0.0513965 0.243131 0.00105421
10 0.186656 0.442644 0.195651 0.11091 0.00102344
6 0.986393 0.425484 0.0267758 0.225539 0.00101018
6 0.978514 0.337072 0.042424 0.159512 0.00100587
