5 0.742405 0.436683 0.125578 0.244627 0.462897
1 0.742904 0.430594 0.127283 0.255494 0.122387
5 0.809084 0.436702 0.13274 0.22038 0.0966187
5 0.778677 0.419705 0.174912 0.267316 0.0731747
1 0.774158 0.416997 0.166802 0.268275 0.0723241
10 0.465287 0.526667 0.486701 0.322886 0.0299602
1 0.806049 0.406308 0.122828 0.247683 0.0264774
1 0.787093 0.41703 0.125556 0.18674 0.0258618
5 0.753976 0.433768 0.0806048 0.247207 0.0213595
5 0.755104 0.405799 0.122302 0.224706 0.016969
5 0.795437 0.376698 0.0834559 0.192972 0.0113046
1 0.797704 0.389963 0.085268 0.237888 0.0101616
1 0.801577 0.429409 0.107159 0.195087 0.00998963
1 0.820309 0.44636 0.0899197 0.175959 0.00772164
5 0.792436 0.461724 0.164356 0.190858 0.00767746
5 0.741857 0.372868 0.0919481 0.152989 0.0072617
1 0.78597 0.378481 0.0843311 0.205596 0.0065878
5 0.780315 0.374542 0.0727621 0.180905 0.0065433
5 0.80712 0.428708 0.0853394 0.184551 0.00582171
5 0.831445 0.491606 0.0863727 0.0870513 0.00581924
1 0.768043 0.433125 0.10055 0.218685 0.00575834
1 0.808317 0.421328 0.0741208 0.182501 0.00560339
5 0.768367 0.371067 0.105492 0.177786 0.00423468
5 0.79066 0.351368 0.0848352 0.144064 0.00417254
5 0.767443 0.35937 0.076025 0.154557 0.00409157
5 0.816639 0.464613 0.120721 0.17557 0.00405243
5 0.833797 0.508475 0.0827648 0.0819228 0.00364898
5 0.828598 0.474655 0.0953813 0.12096 0.00349104
5 0.736191 0.354436 0.0871599 0.133198 0.00297329
10 0.555778 0.527685 0.439697 0.300825 0.00229182
5 0.784181 0.333955 0.0749735 0.108487 0.00184387
5 0.759877 0.47106 0.0810365 0.165082 0.00179098
5 0.73006 0.379703 0.115053 0.12742 0.00156794
10 0.596183 0.411368 0.34208 0.232485 0.00151513
5 0.80925 0.49763 0.140121 0.129579 0.00145608
5 0.827621 0.497849 0.0893761 0.115026 0.00140829
5 0.800173 0.356979 0.112931 0.15997 0.00108547
