10 0.298701 0.402248 0.502612 0.247594 0.812371
10 0.169108 0.429263 0.0757267 0.422396 0.446558
10 0.163566 0.378462 0.0957589 0.341804 0.276179
10 0.151234 0.397461 0.152963 0.379796 0.151806
6 0.071346 0.366693 0.140923 0.244283 0.126467
6 0.109781 0.367613 0.214242 0.267542 0.0684079
10 0.170257 0.414142 0.10134 0.45608 0.057771
10 0.129951 0.430957 0.172206 0.413795 0.0241941
10 0.150085 0.363278 0.201944 0.29011 0.0208452
10 0.102099 0.361965 0.181131 0.272191 0.0147343
10 0.194309 0.422768 0.174699 0.409507 0.0136928
10 0.105821 0.426998 0.200436 0.359009 0.00679112
10 0.159275 0.454277 0.115097 0.373949 0.00530863
10 0.169925 0.418664 0.250597 0.156001 0.00426364
10 0.152847 0.439544 0.218437 0.11899 0.00392726
10 0.163783 0.57412 0.089976 0.339583 0.0019863
10 0.167255 0.377721 0.247525 0.23987 0.00194942
10 0.182678 0.452383 0.119658 0.377768 0.00172326
10 0.0852484 0.332498 0.166783 0.326216 0.00138899
