4 0.677921 0.49945 0.180667 0.212073 0.352968
10 0.677157 0.671248 0.166141 0.0932076 0.0610422
4 0.72657 0.439796 0.0793237 0.0875585 0.0221186
1 0.677441 0.672248 0.169146 0.0963032 0.00925416
4 0.186386 0.769039 0.0930218 0.0823633 0.00770118
4 0.199535 0.84103 0.14571 0.108405 0.00495923
10 0.741434 0.855602 0.21791 0.0939897 0.00444891
1 0.742328 0.855051 0.219064 0.0940081 0.00333674
4 0.169994 0.896934 0.0872294 0.0649128 0.0019551
4 0.651284 0.534338 0.129008 0.136125 0.00135483
4 0.180211 0.877909 0.103356 0.0866514 0.0013409
