6 0.499476 0.802149 0.12612 0.173807 0.865132
6 0.670884 0.748962 0.284488 0.206259 0.681384
6 0.712631 0.656134 0.185112 0.170123 0.538412
6 0.694918 0.639188 0.149755 0.143805 0.471712
6 0.633053 0.759118 0.212841 0.185303 0.235893
6 0.694084 0.662914 0.286603 0.176281 0.0614019
6 0.682364 0.695254 0.306682 0.16763 0.0499292
6 0.72729 0.680542 0.208218 0.142553 0.0272872
6 0.9156 0.494499 0.0464786 0.189883 0.0122757
6 0.664395 0.662823 0.200187 0.178282 0.00339838
10 0.932616 0.646816 0.0639176 0.504044 0.00181269
6 0.920063 0.507233 0.0645733 0.22309 0.00137156
6 0.910717 0.464408 0.0448994 0.13728 0.00110309
