10 0.449583 0.602684 0.493693 0.38743 0.753918
5 0.725117 0.505245 0.248124 0.440459 0.674548
6 0.852116 0.620585 0.235663 0.263879 0.66869
5 0.80067 0.696709 0.347807 0.238227 0.293868
1 0.796626 0.688887 0.357109 0.261293 0.243627
10 0.747859 0.527097 0.293525 0.490486 0.16768
10 0.75239 0.464744 0.263744 0.38858 0.114683
6 0.835994 0.697201 0.267787 0.218014 0.105905
10 0.802556 0.645957 0.377053 0.296392 0.100035
10 0.784836 0.493311 0.259294 0.422496 0.0756031
10 0.793446 0.560017 0.370644 0.429934 0.0645504
5 0.78729 0.646824 0.354224 0.311619 0.041436
6 0.885278 0.630123 0.187447 0.238857 0.036979
5 0.767126 0.760772 0.260383 0.12664 0.0203293
1 0.747648 0.711585 0.265495 0.209946 0.0174807
6 0.805189 0.623842 0.30503 0.26573 0.0164171
6 0.846045 0.61435 0.174231 0.224916 0.0117979
5 0.731921 0.769864 0.290293 0.140234 0.00918409
10 0.731547 0.423761 0.246726 0.295977 0.00790801
10 0.770655 0.610535 0.309651 0.229972 0.00746594
5 0.884251 0.695002 0.173749 0.184057 0.00598243
10 0.75068 0.557769 0.273849 0.316039 0.00475216
10 0.666765 0.523128 0.469511 0.431472 0.00447035
6 0.864324 0.653806 0.219518 0.207104 0.00288632
5 0.785647 0.746116 0.251656 0.166069 0.00285855
5 0.630877 0.771077 0.508263 0.164726 0.00202038
10 0.849153 0.574986 0.293472 0.369065 0.00186005
5 0.883502 0.659768 0.193029 0.216838 0.00184462
6 0.909027 0.623306 0.15846 0.269985 0.0018006
10 0.77823 0.606308 0.289925 0.151298 0.00142606
10 0.641618 0.761817 0.560813 0.19361 0.001379
10 0.600344 0.790513 0.471707 0.138083 0.00127945
5 0.756838 0.611271 0.28886 0.228225 0.0012577
