1 0.312264 0.767137 0.140862 0.195825 0.366442
1 0.706736 0.77529 0.269708 0.0748541 0.0806212
5 0.321228 0.766716 0.124405 0.190713 0.0772714
1 0.696073 0.783939 0.275948 0.115289 0.0276729
1 0.361201 0.750594 0.166458 0.159679 0.0130761
1 0.581731 0.867216 0.221709 0.0710762 0.0124532
1 0.688246 0.815133 0.236424 0.149223 0.0114542
1 0.641361 0.777707 0.319335 0.131743 0.0110686
1 0.477822 0.762607 0.3177 0.177428 0.0107924
5 0.320945 0.757099 0.0936394 0.166936 0.0101904
1 0.656314 0.856786 0.16208 0.112799 0.00997407
1 0.685952 0.842462 0.166949 0.114317 0.00955847
5 0.686931 0.858886 0.110164 0.136496 0.00872189
1 0.68408 0.856668 0.141358 0.134526 0.00763687
1 0.671827 0.770143 0.253253 0.0916813 0.00750175
1 0.677458 0.865296 0.109339 0.119769 0.00653867
5 0.709544 0.778551 0.270453 0.076692 0.00567927
1 0.410804 0.743871 0.216258 0.149422 0.0050404
1 0.683777 0.838785 0.182602 0.167422 0.00459669
1 0.516922 0.76715 0.277322 0.156643 0.0045077
1 0.648137 0.793117 0.253058 0.146351 0.00404909
5 0.684394 0.873466 0.0909133 0.109571 0.00402282
1 0.716071 0.841707 0.13999 0.09544 0.00332977
1 0.574351 0.773558 0.298126 0.131659 0.0029641
1 0.609333 0.851305 0.175728 0.105286 0.00290289
1 0.41667 0.764348 0.292506 0.191634 0.00287268
1 0.434059 0.860388 0.160462 0.146844 0.00286655
1 0.536724 0.787957 0.278006 0.16067 0.00283772
1 0.330044 0.745604 0.134286 0.14783 0.00261246
1 0.489579 0.851579 0.198071 0.152838 0.00254649
1 0.573257 0.876635 0.231248 0.0508244 0.00239998
1 0.359018 0.740295 0.132244 0.136193 0.00205664
5 0.716959 0.777036 0.251956 0.057079 0.00195608
5 0.704279 0.80403 0.253441 0.132545 0.00185832
1 0.44851 0.71712 0.272561 0.110945 0.00179228
1 0.706036 0.807241 0.23822 0.114118 0.00178799
1 0.523663 0.784661 0.222304 0.126323 0.00170662
1 0.380184 0.792081 0.14379 0.146514 0.00168315
1 0.471895 0.786608 0.240616 0.124848 0.0013542
1 0.405556 0.797836 0.13051 0.138913 0.00127355
5 0.701812 0.877052 0.0988052 0.0914391 0.00121624
1 0.710425 0.834833 0.186681 0.09869 0.00119887
1 0.512203 0.826 0.217517 0.167788 0.00117281
5 0.697831 0.820196 0.197828 0.121803 0.00105029
1 0.578981 0.844913 0.171496 0.109571 0.00103919
1 0.723114 0.855827 0.118236 0.0794239 0.00101056
