1 0.493578 0.560264 0.370206 0.189657 0.562216
1 0.561366 0.56067 0.200294 0.109482 0.0326838
1 0.542279 0.578581 0.246405 0.130355 0.0287689
1 0.471544 0.601741 0.245007 0.139729 0.0275242
1 0.584544 0.605313 0.249966 0.117481 0.0181481
5 0.464861 0.579709 0.34028 0.17096 0.0172816
1 0.455131 0.588332 0.324311 0.163215 0.0107814
1 0.544827 0.578168 0.304121 0.192301 0.00797732
5 0.569914 0.594156 0.26237 0.167243 0.0059448
1 0.443043 0.542658 0.308952 0.157439 0.00590202
5 0.556208 0.637496 0.410851 0.252586 0.00573853
1 0.532233 0.598874 0.425887 0.245395 0.0056632
1 0.507878 0.569668 0.291777 0.127069 0.00363043
1 0.613271 0.620146 0.200335 0.115883 0.00360292
1 0.406293 0.557412 0.243095 0.0991011 0.00345314
1 0.435292 0.579404 0.269542 0.132047 0.00345264
5 0.400367 0.55973 0.233019 0.104262 0.00283484
5 0.624952 0.687542 0.259437 0.169393 0.00264889
1 0.474807 0.660683 0.297292 0.209539 0.00252695
1 0.416834 0.541361 0.257058 0.12644 0.00240921
1 0.568301 0.598062 0.267438 0.160317 0.00197526
1 0.456578 0.635038 0.357626 0.242546 0.0014808
1 0.500723 0.618004 0.235395 0.119102 0.0011759
5 0.616494 0.627269 0.156249 0.0944467 0.00113743
5 0.652163 0.70575 0.206878 0.107912 0.00110316
1 0.450332 0.529125 0.229012 0.122309 0.00101812
