1 0.36576 0.816393 0.234263 0.158495 0.796581
1 0.690214 0.672894 0.128471 0.139024 0.391571
1 0.369712 0.786877 0.223913 0.0995438 0.345403
1 0.840842 0.732739 0.147854 0.210411 0.189661
5 0.836069 0.750313 0.156564 0.246598 0.070603
5 0.855045 0.724652 0.119137 0.192866 0.00929408
1 0.824072 0.742766 0.117622 0.129974 0.0058572
1 0.372259 0.776061 0.186866 0.0998644 0.00556439
1 0.83311 0.640246 0.100785 0.130273 0.00225754
1 0.386365 0.777849 0.195612 0.0697442 0.00213589
5 0.866536 0.682041 0.0868115 0.105397 0.00212169
5 0.373824 0.779546 0.203029 0.0786645 0.00151966
1 0.694449 0.677275 0.0756819 0.133348 0.00147735
1 0.857271 0.661161 0.101127 0.0939694 0.00108589
