5 0.262092 0.749604 0.133492 0.156477 0.763181
5 0.257444 0.730877 0.120424 0.110504 0.0408846
5 0.284969 0.776523 0.092771 0.101982 0.0292928
1 0.267415 0.760454 0.12182 0.131118 0.0121842
1 0.255914 0.744791 0.131143 0.14776 0.00829254
5 0.321745 0.779244 0.113076 0.101355 0.00710299
5 0.246462 0.721725 0.103324 0.0907043 0.00304594
5 0.316873 0.767494 0.126352 0.135475 0.00251657
5 0.297002 0.757879 0.167859 0.156768 0.00246599
5 0.273309 0.77889 0.0779388 0.0891735 0.00220306
1 0.240831 0.757093 0.122064 0.117399 0.00187378
10 0.398329 0.513577 0.0717212 0.218092 0.00165077
5 0.315699 0.772003 0.190239 0.177656 0.00152753
5 0.278537 0.736731 0.151886 0.122926 0.00143051
1 0.261424 0.777072 0.11226 0.0972782 0.0011069
