6 0.545036 0.710215 0.176044 0.308126 0.807601
6 0.598243 0.82382 0.21728 0.180781 0.649782
6 0.151977 0.219566 0.19647 0.377557 0.0330594
6 0.169906 0.308967 0.231315 0.558129 0.0253124
5 0.541037 0.677022 0.271763 0.11784 0.004971
5 0.391895 0.797572 0.176832 0.121116 0.00438082
1 0.313337 0.738312 0.325087 0.15027 0.00424562
1 0.311831 0.687651 0.326916 0.182089 0.003876
1 0.301856 0.709717 0.300924 0.127302 0.00197379
5 0.587049 0.805513 0.204722 0.128476 0.00192832
5 0.271206 0.711296 0.231199 0.0543817 0.00188816
5 0.535075 0.659453 0.230737 0.147548 0.00161623
1 0.302982 0.729913 0.299254 0.102771 0.00153757
6 0.63548 0.738915 0.169726 0.306825 0.00121393
5 0.374233 0.783987 0.13643 0.0965862 0.00114347
