1 0.819059 0.595312 0.18644 0.182882 0.73802
10 0.101065 0.634421 0.0660006 0.034685 0.0685578
5 0.81274 0.592782 0.167436 0.17728 0.0637188
5 0.726472 0.591537 0.141651 0.171308 0.0567062
1 0.834868 0.630585 0.158123 0.130516 0.0418413
4 0.404585 0.510639 0.0982372 0.0728205 0.0410248
1 0.829649 0.602379 0.172953 0.136837 0.0392708
1 0.789321 0.52804 0.173715 0.282628 0.0330527
5 0.710823 0.492532 0.257698 0.288124 0.0297768
10 0.0446602 0.668663 0.0324232 0.114704 0.025373
5 0.764683 0.537045 0.196443 0.278592 0.0245966
1 0.834542 0.516616 0.134945 0.181875 0.0227064
1 0.776221 0.529649 0.152858 0.224708 0.0204264
1 0.811574 0.455731 0.135036 0.173216 0.0171971
5 0.725731 0.611751 0.127471 0.115452 0.0158258
5 0.791036 0.608364 0.123578 0.143347 0.0151431
1 0.681967 0.587127 0.12337 0.128287 0.0149533
5 0.740519 0.566493 0.145178 0.167667 0.0146218
11 0.181862 0.643279 0.0224041 0.128207 0.0139713
5 0.816568 0.467732 0.129964 0.178989 0.00994982
1 0.840817 0.58236 0.147193 0.124903 0.00958077
5 0.832013 0.529666 0.145643 0.211363 0.00858131
5 0.756745 0.551681 0.136633 0.179238 0.00847151
1 0.714934 0.602273 0.13748 0.139693 0.00833752
1 0.852197 0.602998 0.132234 0.102764 0.00811695
5 0.821656 0.558792 0.153878 0.19161 0.00805947
1 0.672729 0.675893 0.118016 0.0810503 0.0073461
5 0.808069 0.620165 0.129782 0.127167 0.0072511
5 0.824486 0.492471 0.123964 0.157903 0.00707197
5 0.835218 0.499061 0.0893953 0.13844 0.00693168
1 0.851221 0.638863 0.133465 0.112597 0.00643775
5 0.844393 0.522688 0.10169 0.131278 0.00593958
5 0.849447 0.649388 0.127581 0.0969741 0.00550996
5 0.655311 0.539474 0.138744 0.143727 0.00536219
5 0.799192 0.568202 0.174851 0.197269 0.00516549
1 0.67412 0.629596 0.121211 0.125186 0.00500977
11 0.175808 0.642425 0.0310031 0.131104 0.00396841
1 0.834344 0.548139 0.143489 0.19198 0.00390319
5 0.710368 0.560523 0.170962 0.163608 0.00371097
1 0.81006 0.507672 0.150469 0.207558 0.00369354
5 0.848074 0.547094 0.102906 0.0997108 0.00360568
4 0.184413 0.641485 0.022889 0.124847 0.00344265
5 0.777944 0.549138 0.151694 0.194393 0.00316573
5 0.853372 0.565341 0.10963 0.108443 0.00308632
4 0.179162 0.64222 0.0314699 0.132373 0.00294834
5 0.82434 0.612306 0.170008 0.1227 0.00291239
5 0.775379 0.623441 0.0885866 0.112635 0.00274892
11 0.154867 0.667263 0.0266776 0.0798729 0.00271201
5 0.84913 0.497223 0.0693579 0.129191 0.00257084
5 0.838325 0.545756 0.124099 0.131539 0.00232964
1 0.766516 0.582662 0.121513 0.162757 0.00231963
5 0.829566 0.56823 0.163851 0.138887 0.00212214
5 0.701606 0.610433 0.133194 0.130304 0.00205313
5 0.782194 0.723576 0.254941 0.227363 0.00202056
1 0.821966 0.463176 0.109076 0.149551 0.00196138
5 0.752073 0.497632 0.177304 0.284095 0.00185636
5 0.739924 0.756882 0.107116 0.0954295 0.00179794
5 0.832395 0.472779 0.0825564 0.132511 0.00172606
1 0.674847 0.708442 0.126255 0.125535 0.00169833
1 0.786452 0.501567 0.142467 0.168644 0.00154017
10 0.100676 0.627247 0.067511 0.0482053 0.00143986
11 0.180691 0.665662 0.0240502 0.0846591 0.00135895
1 0.657989 0.572232 0.115867 0.116832 0.00135884
5 0.696234 0.761168 0.114699 0.106302 0.00119566
5 0.787763 0.594153 0.148499 0.168189 0.00116001
1 0.689424 0.710256 0.133443 0.150886 0.00104431
