5 0.759487 0.674721 0.160626 0.303133 0.894924
1 0.165784 0.244996 0.221127 0.216459 0.877519
6 0.434287 0.417783 0.179257 0.190345 0.787503
1 0.431872 0.787353 0.487566 0.141254 0.721685
6 0.736711 0.412133 0.210724 0.2671 0.383322
6 0.58298 0.496085 0.168528 0.20136 0.120983
6 0.556435 0.493676 0.128652 0.204455 0.0691252
6 0.438693 0.622305 0.205616 0.141055 0.0457764
1 0.474218 0.81266 0.383916 0.201422 0.042075
6 0.468229 0.49071 0.252375 0.215694 0.0382812
6 0.500854 0.45903 0.198893 0.260553 0.00909836
6 0.451713 0.514576 0.222069 0.167328 0.0089154
6 0.522708 0.440106 0.0938876 0.19568 0.00666551
6 0.187861 0.705185 0.149797 0.25672 0.00453314
6 0.44921 0.638034 0.241885 0.168086 0.00429413
1 0.186506 0.703707 0.149978 0.256381 0.00206318
6 0.520489 0.411106 0.092997 0.140675 0.00202298
6 0.511332 0.446757 0.16642 0.217065 0.00202037
6 0.521769 0.358066 0.132134 0.308759 0.00198785
6 0.431038 0.642921 0.199004 0.127209 0.00138145
6 0.424954 0.57646 0.174198 0.0475443 0.00115657
