4 0.612005 0.752536 0.182593 0.0593578 0.501855
5 0.612566 0.752395 0.18269 0.056328 0.283589
5 0.574666 0.582329 0.154889 0.0442072 0.0267019
10 0.617857 0.751859 0.164814 0.0490115 0.0110209
1 0.614792 0.61885 0.151325 0.0639695 0.0101329
1 0.52823 0.582943 0.265048 0.049555 0.00923324
1 0.53131 0.597715 0.275145 0.0794071 0.0089928
5 0.584833 0.576722 0.178234 0.050104 0.00655696
5 0.611306 0.621083 0.141284 0.060137 0.0037037
1 0.577458 0.580927 0.187534 0.0457183 0.00362823
1 0.594618 0.623459 0.195135 0.0707842 0.00326005
1 0.562742 0.631907 0.255322 0.0994837 0.00273043
1 0.289544 0.667747 0.108593 0.106459 0.00244034
11 0.153467 0.701761 0.0850085 0.0275766 0.0017242
4 0.286506 0.655813 0.110057 0.085677 0.00135569
1 0.592228 0.612601 0.194622 0.0593727 0.00126368
1 0.286492 0.681288 0.124314 0.121483 0.00120002
1 0.287535 0.652879 0.117468 0.0851792 0.0011589
4 0.496245 0.732262 0.12403 0.0559787 0.00106345
11 0.156038 0.706207 0.0706347 0.0411019 0.00104151
1 0.588069 0.570817 0.183525 0.042935 0.00103375
