6 0.159868 0.750368 0.314819 0.290692 0.806032
10 0.513346 0.531162 0.71023 0.316971 0.767723
10 0.68177 0.691882 0.520056 0.267086 0.663536
5 0.304567 0.874428 0.380451 0.186589 0.637401
5 0.396207 0.873967 0.554987 0.179999 0.177877
10 0.426516 0.869137 0.601278 0.156068 0.0840734
10 0.656179 0.633016 0.560882 0.2824 0.0810756
1 0.297727 0.87586 0.400431 0.176977 0.0758305
10 0.427345 0.900316 0.588108 0.100374 0.0593392
4 0.750901 0.715732 0.392201 0.235837 0.0579126
5 0.385533 0.919124 0.387617 0.0967507 0.0514841
5 0.505103 0.901503 0.43174 0.0926946 0.0430273
10 0.509348 0.908786 0.425698 0.114516 0.0400079
5 0.389586 0.907006 0.464687 0.114392 0.0162566
5 0.451081 0.915476 0.483713 0.100786 0.0143424
10 0.709673 0.71199 0.409858 0.215977 0.0136359
1 0.283638 0.873383 0.403644 0.126309 0.00951414
10 0.288468 0.853577 0.416553 0.147835 0.00936019
5 0.497327 0.874394 0.452296 0.0778614 0.00928642
5 0.454312 0.850764 0.44139 0.0894333 0.00922099
5 0.25656 0.904844 0.249548 0.123069 0.00906191
10 0.661194 0.680479 0.443049 0.387322 0.00818888
5 0.300853 0.893707 0.314527 0.152343 0.00714576
10 0.788845 0.760413 0.326271 0.124461 0.00622214
10 0.299862 0.826081 0.415813 0.196825 0.00557224
10 0.45441 0.842907 0.66699 0.22608 0.003736
10 0.508511 0.824141 0.456406 0.185393 0.00359857
10 0.504661 0.812869 0.778581 0.222269 0.00353749
5 0.499455 0.852513 0.456204 0.068149 0.00344103
5 0.518377 0.84737 0.33827 0.056346 0.00305463
5 0.35606 0.897848 0.43046 0.157795 0.00265508
5 0.764575 0.755265 0.362098 0.140313 0.00252055
5 0.489732 0.92658 0.567051 0.0972477 0.00242171
10 0.40457 0.858033 0.487409 0.107002 0.0021265
10 0.505222 0.928228 0.468156 0.139975 0.00208616
5 0.474862 0.862732 0.493658 0.0622908 0.00202434
10 0.759587 0.749725 0.361809 0.170822 0.00182035
10 0.534467 0.84833 0.311536 0.0656449 0.00147542
6 0.81006 0.6874 0.233157 0.193104 0.00140096
10 0.727877 0.673327 0.386888 0.364451 0.00121275
10 0.831398 0.738171 0.216862 0.0990606 0.00118819
1 0.317871 0.857439 0.449376 0.128463 0.00117739
5 0.445764 0.975292 0.597079 0.0494159 0.00113886
6 0.756723 0.687141 0.337211 0.199322 0.00112467
10 0.498819 0.910519 0.589396 0.102052 0.00103003
5 0.233766 0.886818 0.2258 0.14769 0.00101389
