1 0.307771 0.770818 0.13539 0.117901 0.437417
1 0.429383 0.819526 0.235768 0.178626 0.41235
1 0.413749 0.76383 0.258903 0.173392 0.342041
1 0.568498 0.756914 0.162124 0.168494 0.254166
1 0.409627 0.796054 0.191297 0.222078 0.178321
1 0.330065 0.75367 0.152276 0.139155 0.17566
1 0.318587 0.773766 0.179526 0.133685 0.129071
1 0.377047 0.752381 0.219535 0.140311 0.125454
1 0.412713 0.838066 0.19445 0.125538 0.11943
1 0.40918 0.764366 0.180024 0.155731 0.118347
5 0.422449 0.768718 0.155341 0.1637 0.0720686
1 0.381873 0.790921 0.153124 0.162809 0.0481312
1 0.360074 0.771441 0.158012 0.136432 0.0365823
1 0.340155 0.746622 0.0932452 0.147367 0.027602
1 0.468844 0.753186 0.336182 0.168136 0.0271631
1 0.28799 0.773106 0.197924 0.126293 0.0239155
1 0.550817 0.818022 0.164435 0.121941 0.0224321
1 0.292949 0.767697 0.0899506 0.108147 0.0151104
5 0.441047 0.804086 0.12662 0.172892 0.0147218
1 0.378502 0.808391 0.322542 0.171647 0.011945
1 0.452974 0.822975 0.132239 0.132842 0.00890534
1 0.401688 0.821008 0.183288 0.108113 0.0082525
1 0.429019 0.775822 0.137103 0.162799 0.00801977
1 0.437578 0.82419 0.141089 0.156894 0.00666987
1 0.413466 0.8074 0.179841 0.163858 0.00648837
1 0.567789 0.769347 0.203847 0.18701 0.00470864
1 0.362288 0.798493 0.141553 0.125946 0.00379086
1 0.444364 0.782094 0.30294 0.20527 0.00367058
1 0.424912 0.750168 0.15106 0.138481 0.00356679
1 0.522267 0.820789 0.125321 0.133869 0.00294163
1 0.491203 0.775906 0.246152 0.203644 0.00227065
5 0.769635 0.856987 0.110652 0.153908 0.00191075
1 0.452599 0.805454 0.115206 0.144902 0.00182739
1 0.445336 0.741031 0.143084 0.119836 0.00167938
10 0.341803 0.725455 0.0651087 0.108959 0.00164792
5 0.557467 0.821602 0.127591 0.132807 0.00148089
5 0.572801 0.842937 0.101093 0.178106 0.00141049
1 0.559933 0.803904 0.167225 0.15785 0.0012807
1 0.341374 0.771008 0.412992 0.184833 0.00118668
5 0.43881 0.757543 0.128638 0.14278 0.00109438
1 0.325417 0.793223 0.135655 0.113861 0.00109251
1 0.333503 0.750445 0.208526 0.159687 0.00108809
1 0.608459 0.762 0.194845 0.137616 0.00107893
1 0.576267 0.739585 0.140635 0.129112 0.00104032
