6 0.648721 0.377623 0.311826 0.225394 0.826318
1 0.435324 0.445368 0.386632 0.197774 0.775574
5 0.801011 0.175141 0.342973 0.121006 0.735854
5 0.62493 0.173233 0.354837 0.0876378 0.328536
1 0.369145 0.506802 0.444761 0.276969 0.253091
5 0.775374 0.222752 0.294745 0.134967 0.247599
1 0.271984 0.524023 0.238893 0.234565 0.211818
1 0.30651 0.51046 0.318759 0.269034 0.183231
5 0.681463 0.169552 0.46177 0.104023 0.116313
5 0.800613 0.199897 0.345133 0.160234 0.0510283
1 0.455019 0.518373 0.328863 0.116826 0.0186242
5 0.737163 0.188075 0.213578 0.0860464 0.0150303
5 0.362247 0.678147 0.26751 0.112457 0.00810268
5 0.715896 0.177597 0.169131 0.111827 0.0060251
10 0.413723 0.532225 0.265685 0.066152 0.00233418
5 0.410462 0.535238 0.278361 0.0580443 0.00220789
1 0.363771 0.482314 0.252976 0.145717 0.00191004
5 0.642777 0.176582 0.392761 0.0615732 0.00190333
5 0.710612 0.191295 0.153091 0.0814364 0.00176656
5 0.824379 0.161083 0.293073 0.0923698 0.00174076
1 0.481802 0.459654 0.283064 0.116994 0.00111883
5 0.753168 0.229004 0.247981 0.103982 0.00103288
