1 0.213715 0.727624 0.158126 0.138564 0.721428
1 0.446207 0.775562 0.378371 0.0754597 0.514726
1 0.51275 0.780842 0.243604 0.0509031 0.176629
5 0.445309 0.776011 0.377407 0.0784266 0.0414196
1 0.200693 0.701809 0.106137 0.0804867 0.0389756
5 0.134086 0.740477 0.126721 0.156278 0.0344406
1 0.516313 0.772579 0.225496 0.0405172 0.0274395
5 0.516496 0.786716 0.245457 0.0433526 0.0250016
5 0.136188 0.747031 0.106253 0.129517 0.0183905
1 0.206027 0.715359 0.130464 0.109266 0.0151608
1 0.204056 0.737532 0.210924 0.151098 0.0125273
1 0.187497 0.714268 0.107421 0.101887 0.0108248
1 0.180692 0.698869 0.0824461 0.0727997 0.0100033
1 0.214914 0.753078 0.168874 0.111949 0.004777
1 0.180659 0.72845 0.103384 0.133603 0.00437604
5 0.156775 0.731115 0.100293 0.131069 0.00378567
5 0.494644 0.776526 0.262728 0.0492305 0.00339253
5 0.512917 0.769501 0.22552 0.0366924 0.00305729
1 0.150445 0.733191 0.162937 0.165608 0.00226404
1 0.165432 0.718237 0.0985249 0.10675 0.00208186
1 0.202144 0.694842 0.0794601 0.0794662 0.00179449
5 0.398014 0.775411 0.269727 0.0620527 0.00137377
