1 0.279048 0.754414 0.22815 0.211495 0.715446
1 0.228029 0.761452 0.14178 0.202912 0.0335809
5 0.215873 0.718979 0.0787836 0.159159 0.0326583
1 0.220774 0.747382 0.107509 0.152145 0.0232265
1 0.275392 0.769921 0.137 0.139158 0.0206571
1 0.226205 0.764929 0.129117 0.144812 0.0190081
1 0.265495 0.744107 0.108946 0.156416 0.0155474
1 0.213015 0.729183 0.0844575 0.150913 0.0107089
1 0.271857 0.723074 0.093011 0.163643 0.0101855
1 0.308014 0.74725 0.166942 0.173088 0.00976125
5 0.217888 0.713262 0.106177 0.162037 0.00972708
1 0.241042 0.740227 0.126033 0.164354 0.009637
5 0.298482 0.771539 0.145245 0.140097 0.00934119
1 0.277214 0.788298 0.229574 0.153414 0.00856762
1 0.217261 0.735276 0.115356 0.206925 0.00745955
1 0.322926 0.726691 0.144255 0.146761 0.0046891
1 0.22681 0.790002 0.144527 0.134851 0.00298779
5 0.236661 0.790299 0.145345 0.134036 0.00296093
1 0.256105 0.789498 0.142975 0.128088 0.00263961
1 0.222262 0.699751 0.0981491 0.133471 0.0025828
1 0.30952 0.806709 0.284664 0.120685 0.00248407
1 0.251512 0.709461 0.103945 0.147885 0.00205899
5 0.32326 0.731194 0.142827 0.164366 0.00180762
1 0.288175 0.7055 0.119099 0.14105 0.00151254
1 0.297328 0.730776 0.135468 0.16339 0.00106617
5 0.340666 0.817803 0.197002 0.0701483 0.00104196
