6 0.239916 0.536521 0.305884 0.317947 0.760629
5 0.458378 0.65076 0.664532 0.695995 0.75625
5 0.215494 0.369263 0.225381 0.51452 0.65135
10 0.341147 0.43533 0.162652 0.617655 0.476215
10 0.447918 0.216367 0.350336 0.200535 0.468009
4 0.447138 0.212068 0.361801 0.216336 0.277527
5 0.341981 0.432395 0.158695 0.61989 0.207027
10 0.213158 0.370609 0.234559 0.516076 0.18431
5 0.24851 0.417177 0.168293 0.606621 0.140655
10 0.226411 0.619604 0.289995 0.281381 0.0678823
10 0.230903 0.558765 0.320515 0.402064 0.0638719
6 0.295735 0.521305 0.249118 0.447551 0.0452833
10 0.271638 0.530991 0.277113 0.460578 0.0314684
10 0.29867 0.537297 0.270276 0.549312 0.0237683
5 0.317373 0.487677 0.205975 0.509224 0.0225672
10 0.323388 0.527072 0.194344 0.420735 0.022284
10 0.331662 0.599385 0.403942 0.646146 0.011901
6 0.23137 0.476738 0.272546 0.178816 0.0108355
10 0.267085 0.394799 0.265411 0.608642 0.00908452
4 0.275945 0.344394 0.254187 0.483354 0.00757716
6 0.240234 0.398599 0.269417 0.532564 0.0071623
10 0.263028 0.586434 0.21017 0.342739 0.00655366
10 0.225502 0.27489 0.1063 0.273427 0.00619199
4 0.34898 0.279748 0.375214 0.382834 0.00588161
10 0.377018 0.433522 0.290137 0.62316 0.00551173
4 0.383551 0.194876 0.485984 0.341175 0.00516561
10 0.318179 0.250667 0.138961 0.353777 0.00308732
6 0.284986 0.439115 0.372296 0.535677 0.00229666
10 0.3855 0.525937 0.547037 0.511744 0.00224256
6 0.216861 0.368787 0.200944 0.573219 0.00213839
10 0.299757 0.694071 0.126402 0.127334 0.00210574
10 0.228798 0.241977 0.0843193 0.208468 0.00199823
10 0.299734 0.579499 0.174006 0.353864 0.00196178
10 0.286813 0.452407 0.337141 0.530184 0.00186562
6 0.2341 0.484017 0.227483 0.243336 0.00170737
10 0.278347 0.652284 0.152872 0.217804 0.00130217
10 0.231359 0.484369 0.301024 0.167969 0.00100323
