1 0.330077 0.721639 0.290239 0.149093 0.15418
1 0.527557 0.73362 0.315733 0.153195 0.0951829
1 0.521566 0.702882 0.299994 0.184136 0.0373985
1 0.566839 0.764045 0.261676 0.116995 0.0203202
1 0.540095 0.759176 0.305849 0.150531 0.0186881
5 0.288943 0.656748 0.152121 0.270935 0.0162257
1 0.363423 0.712889 0.355829 0.186512 0.016176
1 0.344717 0.696277 0.280458 0.0970812 0.0118977
1 0.518692 0.724499 0.354031 0.211541 0.0106192
5 0.60564 0.793148 0.172049 0.0754609 0.0100589
1 0.585205 0.784477 0.217142 0.100013 0.00634758
1 0.501929 0.728909 0.260633 0.100422 0.00597774
1 0.542329 0.751822 0.358894 0.213918 0.00594962
1 0.564266 0.777666 0.259481 0.16702 0.00532165
1 0.511835 0.6652 0.314963 0.210225 0.00444689
1 0.296185 0.660403 0.205811 0.281401 0.00441851
1 0.443845 0.687443 0.452166 0.243767 0.00426626
5 0.610811 0.805655 0.156386 0.0692367 0.00409926
1 0.610538 0.786959 0.242309 0.156131 0.00369107
1 0.52586 0.687425 0.244873 0.138838 0.00332898
1 0.348371 0.677622 0.291487 0.112613 0.00305902
1 0.595584 0.800691 0.192812 0.130816 0.00301729
1 0.590044 0.769584 0.400407 0.218409 0.00299608
1 0.456857 0.737876 0.477344 0.200825 0.00284854
1 0.534765 0.750363 0.274564 0.111233 0.00278681
1 0.326674 0.709316 0.251929 0.105365 0.00236192
1 0.348262 0.675919 0.319318 0.257918 0.00158212
1 0.539735 0.717109 0.252462 0.150209 0.00152633
1 0.484686 0.755957 0.256941 0.10657 0.00120781
1 0.470482 0.637368 0.202322 0.147379 0.0012041
5 0.61389 0.818453 0.125867 0.0759124 0.00113796
5 0.638743 0.798531 0.168183 0.0740524 0.00107493
