5 0.236743 0.284353 0.280489 0.493538 0.196871
6 0.2547 0.254858 0.212917 0.34049 0.110205
10 0.882827 0.622915 0.122375 0.30561 0.0202781
10 0.590355 0.549039 0.557702 0.329241 0.0164145
10 0.231379 0.382871 0.292731 0.699572 0.00848229
10 0.398877 0.568605 0.488888 0.412627 0.00333419
10 0.19989 0.314867 0.355801 0.552818 0.00250475
10 0.267254 0.317153 0.293328 0.557801 0.00190326
6 0.706841 0.303383 0.250691 0.227312 0.00160695
10 0.659061 0.59181 0.476813 0.161202 0.00132039
10 0.43105 0.58186 0.197673 0.438578 0.00110115
6 0.37876 0.673497 0.138562 0.174851 0.00100143
