3 0.759395 0.691695 0.0922663 0.185752 0.733014
11 0.323722 0.387626 0.0288093 0.0735378 0.0111076
11 0.233843 0.536875 0.0705554 0.0412234 0.00386609
11 0.149382 0.409494 0.0739153 0.0333198 0.003188
11 0.20868 0.624961 0.0397553 0.0371891 0.00313499
11 0.12533 0.390938 0.0507446 0.0439592 0.0030191
11 0.237501 0.551886 0.0554616 0.0611642 0.00292941
11 0.133931 0.388199 0.0585488 0.0376484 0.002478
11 0.135684 0.409987 0.0559107 0.0347484 0.00247486
11 0.215743 0.625838 0.0429478 0.0358307 0.00238358
11 0.199952 0.624417 0.0387725 0.0394336 0.00220915
11 0.221407 0.566149 0.0680273 0.0550383 0.00218073
11 0.230969 0.565033 0.0534697 0.0589739 0.00190002
11 0.189556 0.496971 0.0658622 0.0374673 0.00186984
11 0.232779 0.529223 0.0775256 0.0319125 0.00183685
11 0.163857 0.41864 0.0765133 0.0399269 0.00178021
11 0.202668 0.563668 0.078083 0.0412167 0.00174671
11 0.138116 0.60987 0.0331296 0.0555642 0.00167706
11 0.197258 0.499417 0.0776465 0.0467971 0.001413
11 0.11204 0.389214 0.0339188 0.0561046 0.0013946
11 0.24189 0.559451 0.0607447 0.0468833 0.00128286
11 0.187533 0.624999 0.0559756 0.0402811 0.00127441
11 0.157946 0.608525 0.0409236 0.0526797 0.00122536
11 0.129698 0.613152 0.0303542 0.0565187 0.00121525
11 0.318375 0.390743 0.0366043 0.075078 0.00120359
11 0.184007 0.565819 0.0727425 0.0356592 0.00118239
11 0.194922 0.557845 0.0814167 0.0406845 0.00105602
11 0.757085 0.378577 0.0526036 0.0260779 0.00101801
