3 0.97743 0.66528 0.0451395 0.112386 0.611028
3 0.361505 0.67182 0.040654 0.124714 0.479016
3 0.403929 0.71908 0.0576017 0.205799 0.34956
11 0.205667 0.379995 0.0279083 0.0595009 0.0239642
11 0.209558 0.384846 0.0285928 0.0699505 0.0233973
11 0.182116 0.459952 0.0275358 0.0772045 0.0159927
11 0.802279 0.480222 0.0342062 0.0508987 0.011985
11 0.80086 0.488883 0.0349888 0.0494718 0.00916341
11 0.773808 0.362928 0.0496897 0.0337615 0.00781932
11 0.751047 0.370479 0.031876 0.0468084 0.00594169
11 0.7393 0.374174 0.0400518 0.0539812 0.00497629
11 0.830006 0.420456 0.0148996 0.0786768 0.0049363
11 0.807173 0.469638 0.0315153 0.0503445 0.00480551
11 0.756882 0.366227 0.0278799 0.0386675 0.00399536
11 0.188657 0.479699 0.028123 0.0555758 0.00396959
11 0.782413 0.406788 0.032571 0.0481643 0.00373293
11 0.689954 0.43847 0.0195812 0.0475723 0.00347773
11 0.131961 0.3837 0.0405685 0.0389968 0.00311981
11 0.759524 0.360063 0.0316979 0.0402596 0.0030985
11 0.198128 0.367433 0.0383818 0.037699 0.00306154
11 0.775602 0.383977 0.0411339 0.0535927 0.00305259
11 0.177814 0.471021 0.0306177 0.0739405 0.00301026
11 0.213562 0.391276 0.0267811 0.0754111 0.00297134
11 0.766337 0.404846 0.0354722 0.0518571 0.0027453
11 0.794077 0.501443 0.0290626 0.0645643 0.00273447
11 0.784606 0.392156 0.0407166 0.0528299 0.00270635
11 0.777031 0.356591 0.0500349 0.0323019 0.00262597
11 0.138936 0.507946 0.0379632 0.0397209 0.00260578
11 0.691213 0.424587 0.021135 0.053295 0.00257848
11 0.196329 0.349999 0.03475 0.0191077 0.00253982
11 0.116719 0.457835 0.0295243 0.0388283 0.00244392
11 0.798942 0.490446 0.0363275 0.0653903 0.00243299
11 0.800513 0.467977 0.034971 0.0399908 0.00222783
11 0.117425 0.543688 0.0214134 0.0923839 0.00219613
11 0.176771 0.446303 0.0302525 0.0639442 0.00218304
11 0.825833 0.42018 0.0184624 0.0802886 0.00211555
11 0.764364 0.381881 0.0356859 0.0538442 0.0020917
11 0.178961 0.42703 0.022951 0.0599507 0.00207321
11 0.114775 0.393646 0.0233391 0.0544597 0.00206816
11 0.133582 0.374818 0.0439287 0.0356458 0.00202294
11 0.752166 0.361345 0.0306303 0.0465146 0.00200916
11 0.792931 0.49 0.0373381 0.0385976 0.00182797
11 0.740871 0.383845 0.0400969 0.0482733 0.00180954
11 0.205512 0.483058 0.0188146 0.0605991 0.0017434
11 0.127737 0.459099 0.0432479 0.0315144 0.00169917
11 0.148115 0.509702 0.0287727 0.0395638 0.0016868
11 0.532081 0.459481 0.0188306 0.107767 0.0016337
11 0.120393 0.37788 0.0358027 0.0415946 0.00163012
11 0.11882 0.491136 0.0310957 0.0327079 0.00157261
11 0.129738 0.490654 0.0447542 0.0390007 0.00156043
11 0.797385 0.366724 0.0310192 0.0313484 0.00154143
11 0.104525 0.390702 0.0266845 0.0599479 0.0015214
11 0.752663 0.407795 0.0424723 0.0525109 0.00146135
11 0.14028 0.380522 0.0407641 0.0380707 0.00144678
11 0.790447 0.409219 0.0378229 0.0506704 0.00144598
11 0.744968 0.411956 0.0416877 0.0467702 0.00143491
11 0.173707 0.418219 0.0277061 0.0556186 0.00136243
11 0.802507 0.405833 0.030684 0.0620083 0.00136131
11 0.725548 0.376536 0.0255558 0.0632059 0.00135525
11 0.136387 0.35672 0.0410171 0.0296943 0.001355
11 0.688793 0.490839 0.0167952 0.0804481 0.0013363
11 0.754419 0.384466 0.035188 0.0510337 0.00129849
11 0.151258 0.382671 0.0418504 0.0376839 0.00128409
11 0.12072 0.560141 0.0200324 0.0989054 0.0012833
11 0.139805 0.457989 0.0402076 0.0376171 0.00127259
11 0.138138 0.489889 0.0402448 0.0511542 0.00125498
11 0.1552 0.452983 0.032993 0.0523997 0.0012204
3 0.504823 0.506206 0.0349867 0.0858345 0.00120956
11 0.738557 0.362642 0.0390576 0.053017 0.00117224
11 0.131906 0.508053 0.0452085 0.0450387 0.00116817
11 0.773253 0.337367 0.0421644 0.0358428 0.00115843
11 0.113834 0.4424 0.0223416 0.0443539 0.00115806
11 0.513188 0.448767 0.0417647 0.120227 0.00115085
11 0.18984 0.347257 0.0415042 0.0166073 0.00112579
11 0.818834 0.372154 0.0250295 0.0473813 0.00109526
11 0.113282 0.45068 0.0261203 0.0558266 0.0010936
11 0.109996 0.400012 0.0208463 0.0675974 0.00109081
11 0.118083 0.515294 0.0256122 0.0533247 0.00106885
11 0.110944 0.428603 0.0222324 0.0660212 0.00105171
11 0.113241 0.496595 0.0235037 0.0333537 0.0010438
11 0.830736 0.445113 0.0168457 0.0772948 0.00102773
11 0.184905 0.492972 0.0327195 0.0599978 0.00102603
11 0.818277 0.466394 0.0232628 0.0556157 0.00101799
