4 0.517707 0.652564 0.475845 0.399598 0.855311
3 0.700205 0.734919 0.317641 0.288757 0.826349
8 0.58857 0.591767 0.524807 0.244342 0.11481
3 0.557783 0.586934 0.45693 0.264493 0.0360633
3 0.662094 0.77291 0.250701 0.213051 0.0118289
8 0.592631 0.663704 0.456889 0.241188 0.0117019
8 0.586841 0.613113 0.453889 0.323625 0.00588944
3 0.466394 0.555194 0.287312 0.235817 0.0054172
8 0.61123 0.628514 0.47766 0.234598 0.00482524
8 0.590404 0.611172 0.245333 0.231426 0.00345502
3 0.417661 0.582248 0.280117 0.187608 0.00236854
3 0.475887 0.572637 0.209914 0.228231 0.00207488
3 0.64387 0.745352 0.266018 0.272173 0.00204745
3 0.425438 0.672065 0.449423 0.220983 0.00187059
3 0.366615 0.682058 0.338313 0.200922 0.00119237
