9 0.525525 0.700307 0.32527 0.214453 0.923434
0 0.581025 0.81035 0.695794 0.115939 0.772978
0 0.26686 0.809387 0.18813 0.104326 0.333209
0 0.4545 0.797404 0.566223 0.135215 0.234741
0 0.386676 0.799368 0.429182 0.124781 0.225004
6 0.505746 0.760532 0.382647 0.20888 0.120703
6 0.501644 0.777298 0.487702 0.183454 0.112117
0 0.378292 0.773704 0.414485 0.187741 0.0520921
11 0.621808 0.722676 0.107556 0.116913 0.0280844
6 0.487748 0.815998 0.486457 0.115629 0.0276643
0 0.439027 0.765011 0.542671 0.202384 0.0105965
6 0.546775 0.745089 0.315663 0.183054 0.00531959
7 0.581775 0.72063 0.194648 0.108129 0.00525041
11 0.588748 0.729498 0.186856 0.126717 0.00315727
6 0.512654 0.720792 0.320153 0.129747 0.00294215
0 0.630632 0.801987 0.576988 0.0965418 0.00282028
7 0.483934 0.737948 0.241307 0.111223 0.002262
7 0.376012 0.839002 0.246288 0.0658722 0.0021061
6 0.586489 0.76603 0.364639 0.162475 0.00210459
0 0.615486 0.807187 0.63577 0.219652 0.00205396
7 0.552803 0.756297 0.263904 0.148669 0.00143183
7 0.552742 0.714693 0.226207 0.0930206 0.0013304
7 0.453756 0.822207 0.407208 0.105803 0.00112299
7 0.502158 0.724702 0.272269 0.0950394 0.00106676
7 0.611903 0.714678 0.131458 0.105924 0.00105781
6 0.491321 0.736266 0.312214 0.125378 0.00104016
