11 0.386517 0.555403 0.0645441 0.141092 0.0155349
11 0.390135 0.58913 0.0669276 0.134895 0.00963746
11 0.387615 0.535471 0.0576645 0.133352 0.00735404
11 0.60935 0.385719 0.105409 0.0616712 0.00691923
11 0.608011 0.39622 0.101343 0.0528519 0.00364197
11 0.611222 0.431957 0.103731 0.101447 0.00349417
11 0.395065 0.420182 0.102231 0.0738285 0.00347132
11 0.338894 0.365698 0.0911837 0.088557 0.00278539
11 0.377286 0.460354 0.0714737 0.108616 0.00243483
10 0.173407 0.763228 0.0811724 0.0428324 0.00204556
11 0.349409 0.436749 0.0638377 0.113126 0.00180767
11 0.613918 0.599004 0.0869911 0.085577 0.00160185
11 0.615749 0.35542 0.0992448 0.0839757 0.00153876
11 0.612164 0.615533 0.0928583 0.0861892 0.00151962
11 0.624848 0.301074 0.0486853 0.097886 0.00150693
11 0.629527 0.278686 0.0966465 0.0766371 0.00144606
11 0.628128 0.311429 0.0807574 0.0670754 0.00142432
11 0.616082 0.593887 0.0606609 0.0898449 0.00133933
11 0.618216 0.391712 0.0584578 0.065255 0.0012604
11 0.624023 0.288809 0.0561842 0.0882321 0.00121013
11 0.458994 0.618136 0.0853871 0.0868837 0.0011556
11 0.621933 0.582394 0.0444999 0.0976874 0.00109794
11 0.383257 0.511832 0.0552808 0.0980446 0.0010802
11 0.614938 0.608886 0.0689066 0.0855526 0.00106496
11 0.374942 0.788669 0.0629234 0.202768 0.00100223
