10 0.515887 0.502509 0.5975 0.206582 0.892883
4 0.604374 0.569299 0.428846 0.14969 0.30205
4 0.614158 0.594007 0.430758 0.0874804 0.0792395
4 0.527735 0.606173 0.242481 0.0549195 0.0705078
4 0.570942 0.60021 0.324762 0.0731736 0.027388
4 0.60067 0.573361 0.432931 0.217952 0.0207461
10 0.546729 0.537299 0.566463 0.134266 0.00577027
10 0.533809 0.604436 0.279386 0.0494321 0.00411242
10 0.573326 0.598007 0.278126 0.0597137 0.00394808
4 0.586251 0.589386 0.266294 0.0757641 0.00167199
4 0.565304 0.538655 0.572944 0.118842 0.00134027
4 0.559662 0.621088 0.32125 0.100965 0.00124739
