11 0.139695 0.708141 0.0476901 0.0959459 0.00892757
11 0.0678843 0.751367 0.046007 0.121846 0.00438634
11 0.388305 0.480332 0.0915724 0.034981 0.00428672
11 0.396763 0.476313 0.0987865 0.0383208 0.00398934
11 0.26734 0.517737 0.0601392 0.0400831 0.00376491
11 0.114293 0.694167 0.0358336 0.0701038 0.00362884
11 0.151908 0.703331 0.0658785 0.0951961 0.00352087
11 0.0729651 0.774571 0.0529418 0.0916534 0.00319088
11 0.0978157 0.691657 0.0356958 0.0607768 0.0027656
11 0.072889 0.691922 0.0397882 0.0599452 0.0023178
11 0.134319 0.688004 0.0420241 0.0712617 0.0022686
11 0.402979 0.48788 0.0768054 0.0294103 0.00201783
11 0.0678867 0.727952 0.0425536 0.0805387 0.0019896
11 0.379478 0.48886 0.0755922 0.0305398 0.00190182
11 0.0763157 0.760893 0.0778083 0.0897797 0.00188177
11 0.276428 0.556548 0.0593343 0.0437237 0.0017314
11 0.0881613 0.732562 0.0780418 0.0786386 0.00164377
11 0.0896352 0.712422 0.0497008 0.0844849 0.00160965
11 0.237513 0.515399 0.0585163 0.0485782 0.00146201
11 0.0691249 0.708098 0.0365078 0.0709725 0.00145366
11 0.169097 0.492331 0.0507108 0.0438413 0.00141736
11 0.26592 0.511548 0.0682577 0.0268428 0.00140193
11 0.0905584 0.700782 0.0457943 0.080118 0.00135597
11 0.231803 0.502584 0.046835 0.0426166 0.00131893
11 0.10769 0.483128 0.0371836 0.0548816 0.00129436
11 0.15502 0.484841 0.054671 0.0612015 0.00125775
11 0.274379 0.514745 0.065654 0.0319938 0.00125718
11 0.165002 0.466096 0.0733692 0.0369705 0.0011539
11 0.151543 0.468656 0.0651815 0.0558624 0.00112052
11 0.146665 0.690605 0.0600467 0.0858803 0.00111814
11 0.844859 0.73245 0.0534101 0.0672054 0.00111163
11 0.073461 0.67211 0.0446182 0.0966377 0.0010971
11 0.388681 0.466644 0.0967639 0.0359196 0.00102513
