3 0.344119 0.731099 0.370152 0.092195 0.816333
11 0.400126 0.376064 0.0805338 0.0534138 0.00316313
11 0.379891 0.373515 0.0934947 0.052571 0.00260682
11 0.469181 0.400794 0.0640325 0.0632911 0.00260179
11 0.450313 0.403448 0.0514984 0.0533569 0.00193533
11 0.414422 0.37666 0.0656488 0.0523061 0.00181338
3 0.448291 0.794494 0.454492 0.04902 0.00123758
11 0.453894 0.37623 0.0656396 0.0479075 0.00120322
11 0.663127 0.633995 0.173279 0.0220575 0.0010578
11 0.397813 0.385709 0.0693827 0.0576264 0.00104475
11 0.567124 0.507226 0.0738716 0.0515048 0.00103931
10 0.215054 0.816898 0.0658131 0.0715725 0.0010162
