6 0.827714 0.698539 0.229191 0.0980326 0.75714
6 0.416974 0.693203 0.158146 0.098819 0.0220949
10 0.285033 0.483712 0.116892 0.0954817 0.019393
10 0.416527 0.691154 0.14865 0.0933354 0.00790397
11 0.228444 0.338211 0.143588 0.0255808 0.00532886
11 0.458912 0.693145 0.0809597 0.0903374 0.00477465
11 0.416754 0.692557 0.154384 0.0929691 0.00441867
11 0.473107 0.692254 0.0811073 0.0896679 0.00332883
11 0.529367 0.77184 0.0732298 0.0317683 0.00311115
11 0.850135 0.819845 0.0574388 0.0751879 0.00270165
11 0.524079 0.775957 0.0611417 0.0405076 0.00194451
3 0.416983 0.69314 0.146757 0.0894847 0.00152366
11 0.519936 0.775797 0.0720257 0.0287767 0.00119804
11 0.314966 0.40467 0.0683295 0.0380549 0.00118193
11 0.348252 0.393252 0.0733298 0.0571054 0.00117705
6 0.817101 0.713042 0.183788 0.0736438 0.00112603
11 0.185756 0.744144 0.059648 0.0721167 0.00111858
11 0.571964 0.75743 0.0766886 0.0474049 0.00108743
11 0.247682 0.404484 0.0699008 0.043875 0.0010259
11 0.305094 0.406839 0.0836834 0.0402981 0.00100791
