9 0.243107 0.401738 0.264017 0.532524 0.944566
7 0.168601 0.529144 0.05459 0.159846 0.314455
7 0.165033 0.508716 0.0527592 0.228095 0.191426
7 0.16211 0.512674 0.049532 0.133557 0.00628087
7 0.179791 0.528215 0.0787527 0.163938 0.0051162
7 0.279862 0.300475 0.189857 0.0527344 0.00330509
7 0.164393 0.456311 0.0572022 0.296845 0.00242388
7 0.321916 0.296724 0.101875 0.0440495 0.0022829
7 0.30485 0.29704 0.140027 0.04585 0.00175423
7 0.314268 0.304555 0.118815 0.0603603 0.00162031
7 0.156923 0.46864 0.0589491 0.225059 0.00149967
7 0.25281 0.224128 0.0849081 0.0396473 0.00136184
7 0.202396 0.508506 0.147072 0.313264 0.00118156
