5 0.713786 0.729046 0.329332 0.227619 0.917892
5 0.1672 0.79178 0.150669 0.275355 0.915065
5 0.663781 0.540243 0.262469 0.199525 0.00543884
5 0.685339 0.507307 0.268574 0.196245 0.00469581
5 0.250077 0.708111 0.172227 0.155605 0.00372426
5 0.26151 0.633903 0.191092 0.188215 0.00355602
5 0.287588 0.653815 0.195326 0.187383 0.00329524
5 0.68452 0.464045 0.266569 0.188767 0.00317544
5 0.254839 0.665677 0.169847 0.17382 0.00309871
5 0.641831 0.507619 0.267596 0.183653 0.00296197
5 0.274841 0.594442 0.207171 0.185428 0.00242277
5 0.241664 0.606626 0.196829 0.187657 0.00206697
5 0.286468 0.694414 0.199111 0.175706 0.00195784
5 0.292739 0.621417 0.199488 0.197594 0.00179334
5 0.22967 0.653679 0.177087 0.17591 0.00162788
5 0.256469 0.750687 0.179083 0.18786 0.00162428
5 0.624605 0.581963 0.266134 0.196495 0.00159717
5 0.713033 0.553241 0.276189 0.204596 0.00140176
5 0.261429 0.783081 0.18424 0.186568 0.00127746
5 0.300939 0.748695 0.174824 0.182354 0.0012374
5 0.291057 0.723492 0.193144 0.178186 0.00107473
