4 0.365964 0.164802 0.14035 0.113852 0.0643507
4 0.258619 0.242968 0.0549222 0.199977 0.015059
10 0.258875 0.237924 0.0481743 0.197438 0.00657083
4 0.339448 0.169523 0.196698 0.108584 0.00430906
6 0.261641 0.228749 0.0547412 0.172473 0.00398624
4 0.243135 0.243996 0.0925944 0.204587 0.00398494
10 0.260562 0.191861 0.0483258 0.0959003 0.00315648
10 0.260859 0.214761 0.0487833 0.143374 0.00249968
4 0.32564 0.200407 0.166385 0.153103 0.00147778
11 0.260805 0.199 0.0479381 0.106447 0.00144141
10 0.366925 0.158894 0.139171 0.100415 0.00133114
11 0.303645 0.104223 0.0526968 0.0796052 0.00127134
