3 0.282189 0.490818 0.0817281 0.120288 0.807018
11 0.769097 0.341778 0.0620815 0.039113 0.0216234
11 0.765352 0.545121 0.0661166 0.0428072 0.0206913
11 0.776323 0.339144 0.0776647 0.0303713 0.0175341
11 0.757178 0.346469 0.0536489 0.0459631 0.016555
11 0.763563 0.345776 0.0622367 0.0377527 0.0148284
11 0.752478 0.352694 0.0603685 0.0461619 0.00872789
11 0.787727 0.421671 0.0767332 0.0311677 0.00831082
11 0.771629 0.485981 0.0603783 0.0909817 0.00823026
11 0.77069 0.539834 0.0681336 0.0476943 0.00774721
11 0.72809 0.349471 0.0346489 0.0622372 0.00620269
11 0.770087 0.422231 0.0741503 0.0343661 0.00610877
11 0.733859 0.352598 0.0493751 0.0618636 0.00595405
11 0.760468 0.419859 0.0730508 0.0358061 0.00529841
11 0.775969 0.340634 0.0907734 0.0373564 0.00513308
11 0.705429 0.523862 0.069606 0.0499435 0.00481361
11 0.800826 0.338148 0.0713561 0.0212524 0.00467991
11 0.755809 0.407108 0.0678751 0.0509108 0.00434135
11 0.773898 0.333754 0.0683916 0.036946 0.00415507
11 0.680527 0.338151 0.058687 0.0345138 0.00343314
11 0.75132 0.334497 0.0485096 0.0421596 0.00327323
11 0.745116 0.420573 0.0790851 0.0444483 0.00319344
11 0.764321 0.431597 0.0726729 0.0512667 0.00318475
11 0.681407 0.345182 0.0564218 0.0452779 0.0029583
11 0.799562 0.420626 0.0781416 0.0275604 0.00289095
11 0.684371 0.528424 0.0572756 0.0498039 0.00265084
11 0.75885 0.388008 0.0659098 0.0485962 0.00260796
11 0.781732 0.423886 0.078145 0.0391953 0.00258196
11 0.699932 0.332893 0.0680663 0.038885 0.00211988
11 0.768896 0.469779 0.0624421 0.109202 0.00211134
11 0.765807 0.521453 0.0680305 0.0810859 0.00200225
11 0.612346 0.397448 0.0274066 0.0794698 0.00191143
11 0.79255 0.330887 0.0832902 0.0314759 0.00184222
11 0.895712 0.406787 0.0389739 0.0485991 0.00176039
11 0.762264 0.412971 0.0668728 0.0371536 0.00172876
11 0.790735 0.344157 0.0851658 0.0279726 0.00159177
11 0.723718 0.326416 0.0362652 0.0287233 0.00154797
11 0.656489 0.342103 0.072304 0.0406585 0.00150355
11 0.763807 0.377082 0.0753719 0.0464288 0.00150247
11 0.767861 0.496329 0.0525282 0.0751803 0.00148833
11 0.739605 0.413338 0.0836486 0.0555782 0.00144399
11 0.745815 0.425991 0.0667356 0.0487168 0.00142097
11 0.723121 0.345509 0.0317406 0.0592877 0.00141894
11 0.753985 0.369207 0.0647562 0.0510156 0.00132484
11 0.769273 0.39312 0.0811599 0.0503115 0.00130868
11 0.678425 0.52296 0.0703793 0.0635416 0.00114965
11 0.62881 0.465396 0.0620155 0.0318696 0.00114585
11 0.897481 0.417493 0.0335495 0.0322117 0.0010723
11 0.705406 0.349776 0.0588949 0.0661887 0.00106691
11 0.804995 0.344713 0.0702463 0.0276902 0.00106587
11 0.676477 0.322039 0.0626245 0.0240854 0.00104863
