3 0.786264 0.427046 0.134013 0.0875056 0.726748
11 0.275521 0.736561 0.0796572 0.0453134 0.00234534
11 0.101983 0.653414 0.0363207 0.0793337 0.00199817
11 0.618806 0.808812 0.0258245 0.0864368 0.0017175
11 0.829613 0.417378 0.050154 0.0361747 0.00163781
11 0.321211 0.757127 0.101097 0.0214928 0.00162122
11 0.834952 0.404947 0.0598889 0.0222144 0.00147078
11 0.711155 0.579739 0.0745095 0.047268 0.00128323
11 0.291155 0.537579 0.0714246 0.0355564 0.00125746
11 0.299678 0.543933 0.0560386 0.0472422 0.00121143
11 0.821711 0.406919 0.0605156 0.0278855 0.00115828
11 0.27286 0.726805 0.0753285 0.0529867 0.00113025
11 0.22672 0.71556 0.0422659 0.0719466 0.00112951
11 0.293812 0.737419 0.0538137 0.0488632 0.00106539
11 0.268661 0.740675 0.115186 0.0506092 0.00103375
11 0.387747 0.69555 0.0824716 0.0861872 0.00102619
