3 0.705033 0.595389 0.135147 0.100597 0.254671
3 0.259675 0.630247 0.100569 0.033999 0.221915
3 0.275197 0.628274 0.0664114 0.0378549 0.00594623
11 0.340853 0.586322 0.0955722 0.0290212 0.00528378
3 0.715001 0.594054 0.0894584 0.102659 0.0049646
11 0.416289 0.512416 0.0853651 0.0386065 0.00419754
11 0.395814 0.511862 0.0806737 0.039477 0.00331606
11 0.394347 0.58788 0.0791286 0.0288971 0.00326524
11 0.151043 0.456775 0.0489565 0.0760274 0.00296082
11 0.449259 0.609908 0.0431376 0.0644873 0.00248234
11 0.40251 0.585896 0.107599 0.0282793 0.00194466
11 0.439229 0.604223 0.0430243 0.0552269 0.00180806
11 0.365797 0.510124 0.0917516 0.0345553 0.0017005
11 0.357406 0.585958 0.0940552 0.0282022 0.00158965
11 0.439485 0.593406 0.0716569 0.045265 0.001584
11 0.442522 0.609283 0.0453478 0.0698826 0.00154161
11 0.380154 0.586055 0.0902704 0.025473 0.00153026
11 0.427405 0.514163 0.0747982 0.03375 0.00150238
11 0.416041 0.597041 0.0700449 0.0401298 0.00144598
11 0.418637 0.462523 0.0623838 0.0431927 0.00136257
11 0.427351 0.50567 0.0757218 0.0393742 0.00135833
11 0.144992 0.450363 0.0534337 0.0599169 0.00113744
11 0.452144 0.594891 0.051333 0.0499768 0.00105324
