3 0.749259 0.545747 0.0921571 0.0679088 0.708742
11 0.241562 0.587078 0.0664377 0.0902151 0.0312511
11 0.187468 0.44994 0.121994 0.0364767 0.0267818
11 0.196676 0.486511 0.149974 0.0372113 0.0213395
11 0.198899 0.445079 0.155046 0.0326936 0.0154611
11 0.258689 0.58704 0.0747724 0.0856001 0.0124176
11 0.590812 0.349412 0.0962209 0.0507704 0.0121379
11 0.229965 0.59301 0.0743747 0.0746555 0.00988514
11 0.225728 0.634451 0.0778336 0.0445756 0.00895792
11 0.173036 0.447026 0.100528 0.0311892 0.00845867
11 0.589957 0.372905 0.0981979 0.0438065 0.00807765
11 0.331596 0.627895 0.0573566 0.0612242 0.00685739
11 0.170538 0.453215 0.0890701 0.0299232 0.00679685
11 0.26492 0.596296 0.074726 0.0618519 0.00330834
11 0.339929 0.629324 0.0461599 0.0609464 0.00306179
11 0.22699 0.624415 0.0771351 0.0548224 0.00246645
11 0.19846 0.62181 0.0591627 0.038834 0.00239451
11 0.139011 0.68386 0.0523656 0.029421 0.00228636
11 0.142205 0.693735 0.0694091 0.0359236 0.00225361
11 0.157583 0.686278 0.059863 0.028257 0.00223574
10 0.2048 0.492147 0.126271 0.0267241 0.00216424
11 0.218053 0.627405 0.0628913 0.051911 0.00203929
11 0.194342 0.46077 0.131196 0.0452965 0.00203695
11 0.2064 0.619001 0.0502791 0.0463918 0.00193827
11 0.272913 0.605322 0.0775955 0.0391695 0.00193166
11 0.112852 0.702498 0.0404506 0.0428668 0.00193123
11 0.207779 0.629799 0.045591 0.0477356 0.00191491
11 0.226784 0.448745 0.0904943 0.032851 0.00190411
3 0.674986 0.48857 0.0975447 0.0837883 0.0017974
11 0.227403 0.658474 0.0667865 0.0589779 0.00177864
11 0.205723 0.490702 0.126942 0.0263399 0.00173171
11 0.598902 0.356586 0.0838278 0.0358996 0.0016874
11 0.127489 0.694975 0.0561846 0.0379824 0.00167396
11 0.311022 0.613163 0.0669329 0.0378573 0.00165148
11 0.168961 0.446332 0.106209 0.0230328 0.00163138
11 0.110276 0.70933 0.0355295 0.050141 0.00159342
11 0.216917 0.603674 0.060659 0.0635943 0.00149911
11 0.133379 0.621661 0.0479175 0.039996 0.00142468
11 0.123478 0.628153 0.0559451 0.0492599 0.00139389
11 0.131595 0.663153 0.0479002 0.0359125 0.00137587
11 0.210562 0.611078 0.0553287 0.048719 0.00134569
11 0.129253 0.684394 0.0544789 0.0383097 0.00127331
11 0.256558 0.592527 0.0570879 0.0754324 0.00124794
11 0.105756 0.703236 0.0406296 0.0438301 0.0011749
11 0.321249 0.619513 0.0565543 0.0461756 0.00117468
11 0.296082 0.609475 0.0676052 0.0376428 0.00112377
11 0.237682 0.606705 0.0595957 0.0597122 0.00101397
