3 0.261066 0.493602 0.070125 0.126304 0.146892
3 0.250614 0.471016 0.085683 0.16748 0.121886
11 0.224629 0.601394 0.0241608 0.0486704 0.0361437
11 0.626854 0.437833 0.045291 0.0288512 0.0253178
11 0.630799 0.427939 0.048722 0.0540489 0.0190545
11 0.62814 0.417954 0.0409046 0.042533 0.0107996
11 0.868439 0.668378 0.0242267 0.0872385 0.0106229
3 0.135857 0.518676 0.0419823 0.0804249 0.00943043
11 0.0433039 0.401564 0.0337137 0.0447235 0.00903566
11 0.834321 0.377171 0.0461166 0.0257325 0.00859487
11 0.301339 0.481703 0.0180507 0.0905347 0.00848216
11 0.829907 0.388575 0.0395223 0.0252342 0.00734808
11 0.301683 0.467931 0.0180442 0.0718032 0.00730789
11 0.360455 0.509806 0.0443173 0.035173 0.00728951
11 0.35953 0.489882 0.0394677 0.0451239 0.00728335
11 0.792943 0.389523 0.0382737 0.0279048 0.00676925
11 0.833336 0.382876 0.0433682 0.0306364 0.00674402
11 0.860942 0.645041 0.0373604 0.050748 0.00664067
10 0.0570475 0.480352 0.018384 0.0921653 0.00642947
11 0.797507 0.393242 0.0408537 0.0260482 0.00599569
11 0.789527 0.704217 0.0560052 0.0628791 0.00596696
11 0.892703 0.377295 0.0461227 0.0264764 0.00592054
11 0.827018 0.377414 0.0436129 0.022488 0.00567428
11 0.195824 0.491852 0.0273615 0.0424632 0.0053812
11 0.854333 0.667377 0.0276541 0.0849165 0.00505401
11 0.820102 0.393686 0.0356937 0.0221147 0.00497364
11 0.887398 0.374493 0.0399078 0.0239096 0.00474784
11 0.797467 0.708471 0.0623861 0.0631675 0.00457158
11 0.872819 0.671408 0.0264401 0.0843395 0.00455601
11 0.139978 0.441079 0.0274229 0.0500396 0.00429988
11 0.349602 0.510053 0.0252407 0.0419165 0.00427087
11 0.808284 0.707345 0.0527615 0.0695615 0.00416418
11 0.14467 0.52186 0.0428204 0.0782837 0.00407343
11 0.132961 0.444472 0.0239543 0.047842 0.00393223
11 0.0567476 0.485824 0.0234241 0.108173 0.00384675
11 0.800325 0.378198 0.0487724 0.0231409 0.00380141
11 0.839032 0.593407 0.0385441 0.0419639 0.00375534
11 0.0393036 0.409507 0.03635 0.0498097 0.00374517
11 0.893397 0.394534 0.0413803 0.0280075 0.00365394
11 0.146862 0.43738 0.0298917 0.0479499 0.00351473
11 0.888576 0.396197 0.0351957 0.0273123 0.00345477
11 0.159323 0.521745 0.0294268 0.0601585 0.00343197
11 0.127249 0.570895 0.0484953 0.0427132 0.00328504
11 0.0419106 0.420063 0.0325637 0.0274489 0.0032818
11 0.294101 0.491986 0.0153995 0.109024 0.00324899
11 0.0229724 0.431155 0.0263287 0.0483528 0.00324758
11 0.824568 0.695651 0.0418354 0.0728196 0.00321143
11 0.789509 0.411966 0.0305828 0.0390365 0.00302646
11 0.428824 0.739112 0.0308146 0.0414788 0.00300583
11 0.813768 0.634276 0.0495906 0.0844999 0.00299328
11 0.873584 0.371875 0.0358975 0.0219662 0.00299008
11 0.813606 0.621171 0.0467054 0.0674667 0.00297095
11 0.0859827 0.400926 0.0415831 0.0256757 0.00293002
11 0.063131 0.491706 0.0180496 0.0901749 0.00291591
11 0.028623 0.426953 0.0219317 0.0380912 0.00284216
11 0.3511 0.525845 0.0274932 0.0489504 0.00279541
11 0.02809 0.433978 0.021722 0.0479707 0.00279452
11 0.0936805 0.403228 0.0450821 0.0252971 0.00274095
11 0.753843 0.713054 0.0187459 0.0633227 0.00273828
11 0.345108 0.587533 0.0170302 0.0713255 0.00270402
11 0.441965 0.740996 0.0162787 0.0489076 0.00265172
11 0.0852268 0.495709 0.029786 0.0632221 0.00256262
11 0.745669 0.386514 0.0335112 0.0389018 0.00255439
11 0.346449 0.59782 0.0182917 0.0719747 0.00250178
11 0.302375 0.458185 0.017421 0.0593266 0.00247305
11 0.779896 0.705116 0.0448267 0.0564122 0.00243718
11 0.0633685 0.510103 0.0216341 0.0832685 0.00241721
11 0.751676 0.37439 0.0419691 0.0301799 0.00239206
11 0.793561 0.407077 0.0344225 0.0357133 0.00235557
11 0.770742 0.565708 0.026661 0.0350978 0.00234404
11 0.839561 0.671909 0.0241856 0.0739094 0.00233591
11 0.773554 0.382901 0.0401892 0.033507 0.00231632
11 0.873264 0.436742 0.0239865 0.0520449 0.00228113
11 0.123399 0.561344 0.0397225 0.0380043 0.00227429
11 0.0485366 0.419544 0.0315081 0.0259465 0.0022679
11 0.85003 0.372555 0.0389252 0.024329 0.00224376
11 0.755625 0.38263 0.0390177 0.0347773 0.00222321
11 0.113816 0.403488 0.0305937 0.0274384 0.00222319
11 0.824642 0.664141 0.0406473 0.0718716 0.00219458
11 0.295771 0.466539 0.022105 0.0698154 0.00218197
11 0.806327 0.637569 0.0396866 0.0762273 0.00218116
11 0.345345 0.543651 0.0179995 0.0563668 0.00210006
11 0.0836819 0.485607 0.028558 0.0681024 0.0020988
3 0.25087 0.446263 0.0829413 0.128868 0.00209862
3 0.366388 0.37321 0.0846287 0.0655837 0.00208377
11 0.12949 0.520221 0.0367575 0.0817492 0.00202813
11 0.350487 0.489092 0.0247714 0.0433073 0.00202514
11 0.0573563 0.503265 0.0258269 0.0955747 0.00202394
11 0.193388 0.479336 0.0238762 0.0487504 0.00202324
11 0.842656 0.686907 0.0211987 0.0710114 0.0020008
11 0.349038 0.589295 0.0212567 0.0692258 0.00199087
11 0.18992 0.493795 0.0326541 0.0398662 0.00198734
11 0.350031 0.598464 0.0214854 0.0591871 0.00196446
11 0.876337 0.392705 0.0318304 0.0277 0.00195593
11 0.824566 0.565396 0.0401243 0.0236575 0.00195183
11 0.753106 0.726076 0.0225298 0.0788623 0.00190772
11 0.789322 0.376327 0.0461853 0.0249776 0.00188617
11 0.34477 0.575166 0.0171635 0.0627769 0.00187949
11 0.830715 0.670115 0.0333858 0.0641605 0.00187253
11 0.111392 0.559642 0.0341129 0.033396 0.00186216
11 0.129105 0.401533 0.0371079 0.0278883 0.0018235
11 0.849001 0.38363 0.0395969 0.0319673 0.00182108
11 0.22279 0.611218 0.0234589 0.0595595 0.00181997
11 0.847182 0.593183 0.0464578 0.0412281 0.00179639
11 0.577711 0.497442 0.0226151 0.0713173 0.00179117
11 0.138172 0.400681 0.0364279 0.0286099 0.00177716
11 0.281078 0.401942 0.0437004 0.0432534 0.00177686
11 0.816324 0.405533 0.0360276 0.0350046 0.00177572
11 0.775035 0.716568 0.0395204 0.0601475 0.00177521
11 0.0900157 0.423763 0.0421538 0.0373896 0.00174985
11 0.148877 0.514699 0.0410947 0.0702077 0.00172646
11 0.0644889 0.39919 0.0376668 0.0341599 0.00169863
11 0.802577 0.405956 0.0409924 0.0358628 0.0016974
11 0.871922 0.456731 0.0229611 0.0594884 0.00168474
11 0.151593 0.422711 0.0231304 0.0383988 0.00168055
11 0.824107 0.405464 0.0338749 0.0333797 0.0016803
11 0.875895 0.421772 0.0265381 0.0431991 0.00167487
11 0.820652 0.715464 0.0461109 0.0654458 0.00166819
11 0.836811 0.569087 0.0360496 0.0289089 0.00165957
11 0.783199 0.566098 0.0356842 0.0289101 0.00163765
11 0.154404 0.401539 0.0248373 0.0296301 0.00163533
11 0.44539 0.684183 0.0178423 0.0766094 0.00162267
11 0.368656 0.514882 0.0423308 0.031541 0.00159054
11 0.867329 0.69912 0.0299404 0.0521242 0.00158295
11 0.852467 0.614037 0.0440796 0.0270384 0.00158112
11 0.149854 0.464338 0.0344978 0.0497124 0.00156477
11 0.632381 0.40962 0.0360256 0.0422977 0.00154003
11 0.757717 0.373068 0.0424139 0.0272589 0.00153595
11 0.803868 0.56644 0.0341555 0.0245208 0.00153058
11 0.841912 0.607357 0.0402609 0.02886 0.00152819
11 0.81609 0.564769 0.0438074 0.0229081 0.00150837
11 0.141527 0.426196 0.0303599 0.0401587 0.00150679
11 0.87206 0.698553 0.0328201 0.067899 0.0014924
11 0.302366 0.505093 0.0157687 0.0970114 0.00146791
11 0.756452 0.538663 0.0253002 0.0451506 0.00144188
11 0.769102 0.540774 0.0249337 0.0358519 0.00144157
11 0.0858388 0.449435 0.0381434 0.0517715 0.00143216
11 0.73167 0.415945 0.0217456 0.0538692 0.00142741
11 0.0730171 0.423844 0.029522 0.0326729 0.00142174
11 0.816391 0.612926 0.0505878 0.0495181 0.00140483
11 0.644073 0.428781 0.0324286 0.066143 0.00140131
11 0.0857388 0.518692 0.030102 0.0729797 0.00138217
11 0.0900382 0.502509 0.0310399 0.0647355 0.00137278
11 0.882213 0.416745 0.0277661 0.0381012 0.00136754
11 0.180378 0.505914 0.0335078 0.0491734 0.00135147
3 0.800902 0.7056 0.0762355 0.0906195 0.00134836
11 0.892279 0.41561 0.0413204 0.0407022 0.00134457
11 0.858284 0.692774 0.0305393 0.0604841 0.00134322
11 0.132058 0.544671 0.0440853 0.0656487 0.00133294
11 0.870395 0.648543 0.0319542 0.0625371 0.00127143
11 0.0968299 0.557476 0.0336874 0.0346824 0.00126117
11 0.841136 0.716677 0.0235106 0.0606729 0.00125991
11 0.62865 0.406923 0.0332784 0.036156 0.0012542
11 0.596771 0.549662 0.0227092 0.0627235 0.00124112
11 0.618339 0.44353 0.0412955 0.0303602 0.00123993
11 0.110543 0.443432 0.0344912 0.0521282 0.00120049
11 0.230152 0.602942 0.0376926 0.0496087 0.00119186
11 0.288649 0.445238 0.0361935 0.0543193 0.00118625
11 0.819331 0.673725 0.0488857 0.0604124 0.00117915
11 0.865224 0.44156 0.0242115 0.0589713 0.00117843
11 0.0980701 0.526365 0.0364715 0.0620233 0.0011697
11 0.162032 0.508102 0.0275295 0.0569083 0.00115372
11 0.11273 0.527697 0.0358125 0.0685927 0.00115343
11 0.731215 0.445621 0.0204576 0.0609976 0.00114914
11 0.349525 0.61485 0.0224034 0.0640433 0.00114305
11 0.749286 0.717391 0.0208066 0.0722424 0.00113654
11 0.584654 0.52575 0.0186205 0.0788736 0.00111372
11 0.168877 0.399066 0.0309435 0.0272811 0.00111355
11 0.0673578 0.46358 0.0205889 0.0723527 0.00111147
11 0.348343 0.570168 0.0222502 0.0691727 0.0011032
11 0.598309 0.570357 0.0207058 0.0652822 0.00110247
11 0.806704 0.620309 0.0358419 0.0568226 0.00108999
11 0.346705 0.617021 0.0192326 0.0828182 0.00107585
11 0.625058 0.506465 0.0209132 0.0716832 0.00107469
11 0.767058 0.373484 0.0406382 0.0257511 0.00106908
11 0.734171 0.393939 0.023885 0.050464 0.00106646
11 0.868987 0.713925 0.0375941 0.056824 0.00106541
11 0.615025 0.624235 0.027533 0.0314164 0.00106361
11 0.134133 0.530169 0.0438218 0.0923228 0.00105987
11 0.783913 0.437958 0.0229122 0.0410573 0.00105563
11 0.117459 0.571714 0.0471513 0.0426299 0.0010505
11 0.777217 0.412365 0.0266523 0.0509618 0.00104885
11 0.6057 0.596091 0.0212255 0.0569554 0.00104814
11 0.599503 0.581527 0.0206613 0.0646292 0.00104385
11 0.783202 0.495907 0.0260079 0.0750461 0.00103682
11 0.112641 0.517349 0.0420613 0.0693816 0.00103348
11 0.0512913 0.484688 0.0214749 0.115273 0.00103344
11 0.88625 0.461484 0.0382202 0.0456418 0.0010247
11 0.363058 0.520637 0.0459309 0.0442659 0.00102364
11 0.859486 0.714908 0.0376263 0.0558704 0.00101457
11 0.604638 0.546643 0.0232969 0.0502006 0.00101196
11 0.0378532 0.466664 0.020759 0.0985562 0.00100393
