3 0.453651 0.700075 0.243866 0.160545 0.868038
8 0.766826 0.670851 0.127278 0.229174 0.857765
11 0.741325 0.887179 0.0515071 0.0908049 0.51813
11 0.64826 0.744935 0.0984729 0.100887 0.0255608
11 0.660585 0.76448 0.097472 0.0712462 0.0117968
11 0.635299 0.73933 0.0971596 0.0992271 0.0100373
11 0.745549 0.775089 0.0954174 0.105847 0.00780865
4 0.438395 0.687741 0.224155 0.153922 0.00631533
11 0.665523 0.775082 0.0877742 0.0540056 0.00499074
11 0.742868 0.758523 0.0790199 0.0969791 0.00369072
11 0.644396 0.734981 0.0739703 0.082936 0.00219728
11 0.765593 0.775017 0.0666676 0.100151 0.00191211
11 0.469892 0.715758 0.112659 0.11135 0.00178083
11 0.740567 0.744245 0.0685692 0.0834841 0.00136303
11 0.453254 0.714 0.0900244 0.101303 0.00129831
11 0.583973 0.756265 0.0733183 0.054455 0.00110937
