11 0.18399 0.674549 0.136803 0.0189242 0.110052
11 0.425408 0.641564 0.138899 0.03995 0.0941035
11 0.527613 0.688252 0.0656199 0.0709564 0.0314517
11 0.355777 0.520968 0.0966049 0.0387624 0.0289811
11 0.458452 0.556337 0.141462 0.0302319 0.0271344
11 0.352643 0.5467 0.0867353 0.0497851 0.0234522
11 0.345559 0.540906 0.0683705 0.0600473 0.0206679
11 0.534625 0.548675 0.11695 0.0244236 0.017194
11 0.315558 0.643729 0.137905 0.0294612 0.0161819
11 0.347848 0.531232 0.0781667 0.0527344 0.0151546
11 0.376895 0.649196 0.135882 0.0324413 0.0142794
11 0.54403 0.552575 0.126315 0.0293672 0.0133772
11 0.658316 0.418416 0.0864061 0.0325109 0.013264
11 0.484156 0.554628 0.148487 0.0330255 0.0114339
11 0.660817 0.564458 0.0972512 0.0366949 0.0112044
11 0.443371 0.638578 0.1278 0.0453972 0.010373
11 0.503488 0.642316 0.124903 0.0380557 0.00998933
11 0.326145 0.64731 0.142278 0.0366478 0.0099396
11 0.374162 0.521781 0.109194 0.0351177 0.00982833
11 0.363425 0.654755 0.121109 0.045266 0.00981463
11 0.349022 0.611594 0.0987986 0.0759216 0.00980335
11 0.607762 0.451881 0.0612539 0.0463879 0.00964946
11 0.646872 0.561601 0.116781 0.0329317 0.00941972
11 0.532283 0.544525 0.112121 0.0200525 0.00921737
3 0.517544 0.475062 0.0749696 0.0651556 0.0089859
11 0.64666 0.419843 0.0729565 0.0311596 0.00880637
11 0.51131 0.552752 0.149995 0.0331885 0.00877719
11 0.352696 0.65391 0.142937 0.0361833 0.00817558
11 0.516681 0.518492 0.0931405 0.035098 0.00811358
11 0.532847 0.655855 0.0615757 0.0657801 0.00777808
11 0.619965 0.446353 0.051617 0.043924 0.00626087
11 0.273226 0.491266 0.142922 0.0251556 0.00624016
11 0.47899 0.639113 0.138293 0.0434607 0.00615711
11 0.368327 0.467993 0.099096 0.015138 0.00598164
11 0.273862 0.487333 0.140082 0.0213016 0.00596341
11 0.520983 0.651384 0.0856813 0.0487066 0.00569688
11 0.351308 0.617475 0.0775824 0.0666302 0.00554144
11 0.644052 0.445235 0.0458803 0.0438501 0.00535759
11 0.673391 0.41294 0.0933433 0.0261931 0.00451981
11 0.601134 0.457637 0.0840095 0.0463252 0.00451597
11 0.349677 0.633176 0.0778953 0.0378392 0.00438882
11 0.552409 0.55626 0.118503 0.0373739 0.00429242
11 0.649265 0.564136 0.110936 0.045798 0.00422708
11 0.374793 0.541526 0.120456 0.0585646 0.00418586
11 0.64151 0.438156 0.052533 0.0378864 0.00415258
11 0.504035 0.515931 0.0995367 0.0399506 0.00400997
11 0.356246 0.557975 0.0962172 0.0403664 0.00400564
11 0.45562 0.602602 0.161951 0.0514832 0.00394319
11 0.378803 0.595396 0.122154 0.0510115 0.00383808
11 0.35023 0.592835 0.110239 0.0467388 0.00383163
11 0.52786 0.555738 0.14957 0.0354495 0.00380276
11 0.344753 0.515253 0.0910764 0.0470532 0.00371815
11 0.655017 0.444793 0.0498199 0.0417034 0.00366837
11 0.49473 0.663689 0.111476 0.0525812 0.00361009
11 0.387197 0.415044 0.10127 0.0194864 0.0036006
11 0.379271 0.613777 0.112712 0.0626455 0.00355324
11 0.514262 0.508413 0.0896214 0.0299553 0.00323717
11 0.465515 0.550886 0.14647 0.0397546 0.00317136
11 0.328267 0.638939 0.109945 0.0321272 0.00302664
11 0.532261 0.671432 0.0538711 0.0741379 0.00297572
11 0.358762 0.62592 0.062747 0.0492429 0.00288815
11 0.367875 0.408498 0.126141 0.016386 0.00283109
11 0.655347 0.428698 0.0619443 0.0355921 0.00272622
11 0.381245 0.407965 0.110713 0.0137463 0.00272483
11 0.376092 0.413026 0.110277 0.0195867 0.00263444
11 0.503873 0.505274 0.0987606 0.0336029 0.00258551
11 0.381938 0.603993 0.131516 0.0611853 0.00256654
11 0.428869 0.630905 0.150378 0.0503765 0.00255803
11 0.351444 0.637384 0.117689 0.0337642 0.00255101
11 0.344594 0.408752 0.103416 0.0184431 0.00255036
11 0.305859 0.644985 0.120984 0.0416035 0.00250777
11 0.361028 0.470824 0.112766 0.017887 0.00247872
11 0.347765 0.646602 0.118129 0.0222392 0.00245468
11 0.464308 0.616299 0.145796 0.0543566 0.00237341
11 0.622431 0.440216 0.051636 0.0395857 0.00235331
11 0.440081 0.455305 0.087492 0.0525049 0.0023371
11 0.183456 0.415865 0.085629 0.0219991 0.00231326
11 0.624852 0.424349 0.0526495 0.0347153 0.0023028
11 0.478515 0.506591 0.123248 0.0460281 0.00229052
11 0.610292 0.440529 0.0453892 0.0419646 0.00226311
11 0.398888 0.597988 0.127398 0.0575156 0.0022619
11 0.360304 0.53181 0.100394 0.0418645 0.00226146
10 0.204367 0.442251 0.0644112 0.0619166 0.00222296
11 0.533056 0.511923 0.0891816 0.0325601 0.00217668
11 0.339312 0.504303 0.0773429 0.0393053 0.00216748
11 0.441301 0.625246 0.150641 0.0521567 0.00216551
11 0.482459 0.648442 0.121977 0.0486973 0.00215543
11 0.696011 0.418128 0.0915602 0.0227763 0.00202613
11 0.374977 0.479015 0.112683 0.0267216 0.00200344
11 0.393585 0.48301 0.111044 0.0305419 0.00197319
11 0.413326 0.608395 0.128451 0.0509342 0.00194617
11 0.341227 0.601722 0.124418 0.064436 0.00193246
11 0.354184 0.503533 0.0945412 0.0407061 0.00189495
11 0.435268 0.605375 0.156814 0.0479179 0.00188491
11 0.513561 0.636293 0.106351 0.0418596 0.00186551
11 0.379355 0.647586 0.104474 0.0241549 0.00183171
11 0.445416 0.53991 0.131904 0.040538 0.00181583
11 0.681115 0.451143 0.0824564 0.0305373 0.001805
11 0.342692 0.413203 0.107971 0.020841 0.0017629
11 0.449824 0.567031 0.133138 0.0513714 0.0017511
11 0.318554 0.413303 0.083593 0.0204345 0.0017308
11 0.597969 0.449772 0.0758948 0.0457136 0.00171633
11 0.684625 0.44489 0.0771994 0.0378786 0.00171608
11 0.358553 0.479799 0.100678 0.0254143 0.0016948
11 0.391395 0.530576 0.119596 0.0479095 0.00165777
11 0.460438 0.470492 0.100913 0.0577464 0.00162639
11 0.514512 0.484128 0.0766083 0.0451773 0.00160528
11 0.411091 0.470839 0.118286 0.0317789 0.00154014
11 0.185218 0.671609 0.142665 0.0296315 0.00153641
11 0.338249 0.620266 0.0870095 0.0600686 0.00148796
11 0.422205 0.437185 0.0657149 0.0535507 0.00147083
11 0.317024 0.407629 0.0812064 0.0196653 0.00144893
11 0.392179 0.638386 0.128734 0.0331626 0.00143747
11 0.286103 0.494058 0.133825 0.0295468 0.00140959
11 0.52162 0.533363 0.0941351 0.0186155 0.00138375
11 0.442046 0.464202 0.0926279 0.0471085 0.00135324
11 0.36949 0.6214 0.0742279 0.0555417 0.00134833
11 0.625361 0.416177 0.0591281 0.0334716 0.00134458
11 0.405934 0.419604 0.0799342 0.0204133 0.00130253
11 0.323058 0.529721 0.124097 0.0310466 0.00129985
11 0.377836 0.630048 0.0795328 0.0473692 0.00125898
11 0.456158 0.590136 0.141565 0.062869 0.00125679
11 0.674371 0.427101 0.0890948 0.0400088 0.00125644
11 0.567258 0.617744 0.127245 0.0462869 0.00123724
11 0.624359 0.555049 0.138363 0.0336517 0.00120633
11 0.182672 0.411726 0.090808 0.0286823 0.00117565
11 0.316238 0.519256 0.13162 0.0264099 0.001146
11 0.344924 0.484475 0.100471 0.023968 0.00113531
11 0.269712 0.498508 0.135823 0.0316514 0.00112795
11 0.379708 0.49621 0.117926 0.0428441 0.00111251
11 0.458403 0.45669 0.0880177 0.0564127 0.00110142
11 0.502091 0.61703 0.129447 0.0648577 0.00108166
11 0.607416 0.426094 0.0531783 0.0406911 0.00107208
11 0.726878 0.409241 0.0922185 0.0164987 0.00106909
11 0.430737 0.592599 0.131242 0.0608945 0.00105655
11 0.298481 0.405593 0.0919519 0.0206963 0.00102329
11 0.411872 0.485469 0.118887 0.0326745 0.00100866
