11 0.270098 0.48006 0.1277 0.0316187 0.314717
11 0.286033 0.483113 0.152433 0.0417241 0.0361782
11 0.264393 0.489357 0.120834 0.0497841 0.0228523
11 0.244748 0.546084 0.0587862 0.0874107 0.0221003
11 0.234789 0.542687 0.0537254 0.081467 0.0170332
11 0.278827 0.493629 0.149687 0.0582448 0.00298381
11 0.258374 0.473434 0.106597 0.0307066 0.0020868
11 0.24847 0.5037 0.0907784 0.074052 0.001819
11 0.306274 0.492524 0.17603 0.0494219 0.00140565
11 0.25384 0.466377 0.101225 0.0287328 0.00103703
11 0.246194 0.515998 0.0774916 0.0977638 0.00101901
