3 0.547478 0.365859 0.333929 0.132177 0.643071
11 0.214646 0.643996 0.0526703 0.0932007 0.0145056
11 0.210936 0.655347 0.0586739 0.0993254 0.00870316
11 0.226969 0.639946 0.0586211 0.0815649 0.00372782
11 0.201158 0.65349 0.075814 0.112589 0.00304563
11 0.209167 0.676063 0.0655138 0.115403 0.00240672
11 0.514205 0.665841 0.204782 0.0869302 0.0023659
11 0.524069 0.754316 0.292424 0.0392174 0.0021484
11 0.561744 0.76397 0.201782 0.0427653 0.00184504
11 0.367709 0.634019 0.166142 0.0688897 0.00176202
11 0.383216 0.746384 0.232742 0.0379287 0.00168434
11 0.44182 0.755197 0.295595 0.0289278 0.00161978
11 0.423644 0.744413 0.262031 0.0345073 0.0013942
11 0.226525 0.72744 0.118607 0.0227425 0.00138814
3 0.601762 0.445857 0.314342 0.144033 0.00124615
11 0.536592 0.748867 0.230667 0.0354556 0.00110597
11 0.221969 0.747457 0.1336 0.0295093 0.00108231
11 0.273898 0.739373 0.0631156 0.0475394 0.00107353
11 0.450491 0.763183 0.292364 0.037714 0.00102183
