10 0.623544 0.488279 0.0835898 0.0582239 0.0478547
10 0.630499 0.488524 0.071133 0.0456399 0.030799
11 0.565333 0.505722 0.0493774 0.034057 0.0212683
11 0.562599 0.494986 0.0489366 0.0389332 0.0179325
11 0.653966 0.5075 0.0477596 0.0565134 0.0178537
11 0.0666845 0.492973 0.0474979 0.0347541 0.0144481
11 0.867846 0.346671 0.030073 0.0324463 0.0132229
11 0.603908 0.450891 0.0517657 0.0661292 0.0130607
11 0.558547 0.479955 0.046983 0.0417449 0.0115231
11 0.873894 0.348992 0.0335751 0.0406144 0.0114109
11 0.645937 0.510681 0.049046 0.055571 0.0111695
11 0.04478 0.555972 0.0223236 0.0676055 0.0106684
11 0.55774 0.512153 0.04757 0.0385877 0.0100684
11 0.860129 0.342913 0.0292192 0.0300782 0.00808238
11 0.113887 0.791786 0.0550957 0.0231931 0.00745418
11 0.0992376 0.793196 0.0512268 0.0250935 0.00731042
11 0.106491 0.574669 0.0394863 0.0322643 0.00652885
11 0.087511 0.70544 0.0369341 0.051542 0.00625411
11 0.124422 0.595393 0.0196799 0.0630493 0.00624716
11 0.831002 0.381135 0.0334083 0.0561617 0.00607248
11 0.850754 0.403045 0.0354004 0.0572382 0.00600733
11 0.837594 0.323362 0.0440106 0.0268904 0.0059119
11 0.84249 0.38246 0.0413321 0.0412624 0.00585687
11 0.825773 0.317078 0.0459442 0.032356 0.00570062
11 0.789314 0.359274 0.0401495 0.0572086 0.00562027
11 0.0774186 0.704052 0.0411408 0.0472134 0.00538883
11 0.653353 0.493947 0.0480791 0.0440966 0.00513708
11 0.0700349 0.699781 0.0421429 0.0427089 0.00512916
11 0.610399 0.45405 0.0373817 0.0702594 0.00510161
11 0.854037 0.33206 0.0380783 0.0310916 0.00503736
11 0.840877 0.462406 0.0643812 0.0337583 0.00478573
11 0.808944 0.366414 0.0420933 0.048811 0.00473166
11 0.588404 0.498702 0.0469931 0.0413822 0.00472356
11 0.111546 0.59368 0.035746 0.0596978 0.00471795
11 0.0685479 0.500163 0.0452777 0.0357873 0.00462761
11 0.842891 0.400198 0.0456056 0.0591263 0.00451121
11 0.587705 0.505887 0.0407169 0.0360925 0.00450595
11 0.865406 0.33556 0.0350358 0.036324 0.00440488
10 0.637819 0.481904 0.0620919 0.0435396 0.00420756
10 0.626668 0.496304 0.0763988 0.0532225 0.00416846
11 0.85113 0.413291 0.0377865 0.0612095 0.00411221
11 0.10246 0.704333 0.0315413 0.0557608 0.00400007
11 0.877454 0.360711 0.02946 0.0282888 0.00377884
11 0.832917 0.39642 0.0419262 0.0646432 0.00377565
11 0.120436 0.58424 0.0225681 0.0436165 0.00358366
11 0.0466949 0.673277 0.0201635 0.0538357 0.00354807
11 0.826297 0.311389 0.0395598 0.0268107 0.00354207
11 0.819345 0.366145 0.0340759 0.0453952 0.00353458
11 0.783797 0.35546 0.0352335 0.060472 0.00351061
11 0.817861 0.38452 0.0338175 0.0685352 0.00348295
10 0.639719 0.490292 0.0571749 0.0369337 0.0034663
11 0.100809 0.564517 0.0350639 0.0346018 0.00342935
11 0.595 0.455502 0.0663654 0.0711349 0.00324978
11 0.0585697 0.501768 0.0393401 0.040271 0.0032012
11 0.871031 0.356808 0.0285747 0.0280343 0.00309782
11 0.586912 0.484071 0.0641153 0.0542326 0.00304715
11 0.0929117 0.573558 0.0237681 0.0490018 0.00299759
11 0.807655 0.386315 0.0344139 0.0611742 0.00299335
11 0.12037 0.602406 0.0217091 0.0676736 0.00298926
11 0.0872123 0.713658 0.0316793 0.044082 0.00294284
11 0.125461 0.787569 0.0466801 0.0229574 0.00292214
11 0.833352 0.312738 0.0427151 0.0275346 0.00290687
11 0.0537642 0.561143 0.0217251 0.0783504 0.00274052
11 0.844702 0.36179 0.041958 0.0351696 0.00273509
11 0.654791 0.464467 0.0521656 0.0397557 0.00267941
11 0.848508 0.340764 0.0378731 0.0299649 0.00266204
11 0.852803 0.461931 0.0473892 0.0366666 0.00254333
11 0.861859 0.357645 0.0345143 0.0314048 0.00250607
11 0.0564073 0.69355 0.0271285 0.0401077 0.00248594
11 0.639772 0.504313 0.0523902 0.0475134 0.00246668
11 0.112074 0.572419 0.0355634 0.0308483 0.00244288
11 0.100545 0.71251 0.0373153 0.0478985 0.00243577
11 0.0805418 0.713173 0.0322348 0.0372354 0.00236253
11 0.056414 0.673258 0.0289585 0.0446061 0.00233147
11 0.798299 0.408488 0.0441087 0.0481045 0.00228141
11 0.81779 0.39982 0.0310425 0.0595858 0.00223681
10 0.60846 0.498345 0.0631309 0.0520519 0.00221467
11 0.045529 0.540113 0.0227617 0.0435934 0.00219935
11 0.846278 0.415427 0.0371544 0.0541297 0.00219755
11 0.0481386 0.688129 0.0195592 0.0510523 0.00217696
11 0.0880705 0.601271 0.0212308 0.0561594 0.00217252
11 0.0796817 0.791106 0.0326535 0.0256831 0.00215759
11 0.0517553 0.738936 0.020917 0.0751625 0.00212319
11 0.675933 0.497057 0.0402073 0.0381683 0.00209042
11 0.0654937 0.672735 0.0291294 0.0387771 0.00208466
11 0.642913 0.472692 0.0574081 0.0503718 0.00204312
11 0.0978095 0.555993 0.0307214 0.0556664 0.00201489
11 0.0455278 0.621401 0.0242752 0.0502313 0.00199582
11 0.85747 0.410246 0.0405754 0.0535823 0.00199539
11 0.862122 0.402101 0.0384428 0.0502588 0.00197435
11 0.0734684 0.711649 0.0344268 0.0371813 0.00192628
11 0.865288 0.452493 0.0258387 0.0445495 0.00190775
11 0.0567 0.744386 0.0231753 0.057739 0.00189416
11 0.0445514 0.585207 0.0231061 0.0924853 0.00188834
11 0.85248 0.378355 0.0354408 0.0295167 0.00187057
11 0.0570785 0.564459 0.0148835 0.0884416 0.00186667
11 0.793421 0.412986 0.0408052 0.0433978 0.00186517
11 0.642037 0.518111 0.0465893 0.0521644 0.00184628
11 0.805731 0.401863 0.0333496 0.0530506 0.00183941
11 0.795025 0.377935 0.0408145 0.0607008 0.00183088
11 0.0749263 0.672066 0.0350686 0.0531121 0.00180694
11 0.679343 0.505851 0.0407233 0.0433261 0.00179546
11 0.884378 0.391689 0.0232326 0.0486052 0.00178509
11 0.829084 0.363278 0.0262733 0.0365951 0.00178285
11 0.653017 0.473369 0.0558911 0.0327523 0.00177212
11 0.154856 0.760443 0.0300218 0.0513629 0.00172475
11 0.0756685 0.505588 0.04943 0.0300054 0.00171552
11 0.101345 0.504032 0.0418613 0.0277179 0.00170826
11 0.0488263 0.709941 0.0184945 0.0542097 0.00170131
3 0.621082 0.488247 0.10181 0.0718438 0.00169105
11 0.598075 0.444469 0.0629683 0.0593935 0.00166142
10 0.59666 0.503517 0.0480265 0.039357 0.00165685
11 0.640095 0.526932 0.0526554 0.0654241 0.00160558
11 0.150652 0.507374 0.0469848 0.0336172 0.00159999
11 0.571108 0.516903 0.0402464 0.0501078 0.00159998
11 0.838762 0.453938 0.0507851 0.0333817 0.00157869
11 0.874235 0.450757 0.0346874 0.0525852 0.00157451
11 0.802571 0.320325 0.0507459 0.0359487 0.00155637
11 0.835544 0.408856 0.0394259 0.0555966 0.00154676
11 0.888394 0.389712 0.0257122 0.0491921 0.00154496
11 0.8055 0.40747 0.0414931 0.0502753 0.00153764
11 0.0893963 0.7966 0.0520372 0.0295155 0.00152927
11 0.123898 0.575981 0.0216241 0.0398815 0.00149606
11 0.863356 0.458187 0.0303834 0.0450373 0.00147525
11 0.679593 0.454629 0.0229912 0.045898 0.00146105
11 0.110567 0.505818 0.0453783 0.02989 0.00143485
11 0.858086 0.452728 0.0312946 0.0356475 0.00142977
11 0.792765 0.402675 0.0405905 0.048212 0.00142436
11 0.0906978 0.682518 0.0337964 0.0606587 0.00141123
11 0.880141 0.405516 0.0295471 0.0533018 0.00140174
11 0.0401135 0.675812 0.0204638 0.0602594 0.00140128
11 0.563305 0.517729 0.0468785 0.0485462 0.00138539
11 0.80646 0.336817 0.0507405 0.0318966 0.00138388
10 0.600228 0.496444 0.0536719 0.0443941 0.00136271
11 0.0459181 0.505627 0.0240106 0.0386093 0.00134621
11 0.0889086 0.727512 0.0259427 0.0549026 0.00132835
11 0.572846 0.46579 0.0517792 0.0552611 0.00130689
11 0.114022 0.702134 0.0246559 0.0580482 0.0013011
11 0.635769 0.476298 0.0622686 0.059444 0.00129944
11 0.887971 0.405325 0.026678 0.0651755 0.00128291
11 0.104431 0.689972 0.0298434 0.0718912 0.00126855
11 0.853587 0.433861 0.0333175 0.038285 0.00126821
11 0.785612 0.337038 0.0321369 0.0412566 0.00126729
11 0.0421252 0.566542 0.025636 0.0893629 0.00126339
11 0.0560688 0.710238 0.025182 0.0460496 0.00125254
11 0.607539 0.43705 0.0495334 0.052308 0.00125021
11 0.134331 0.505465 0.0363231 0.0339066 0.0012278
3 0.300568 0.676998 0.0564228 0.177231 0.00122714
11 0.110754 0.71495 0.0339517 0.0423896 0.00122488
11 0.537911 0.525306 0.0238777 0.0659399 0.00121896
11 0.696139 0.525523 0.0220356 0.0714054 0.00121606
11 0.818874 0.407919 0.0343784 0.0534797 0.00116946
11 0.884603 0.378802 0.0234965 0.0357504 0.00115593
11 0.0543226 0.544002 0.027785 0.0531765 0.00112313
11 0.0597247 0.569157 0.0149363 0.102372 0.00111722
11 0.103157 0.493906 0.0380441 0.0295592 0.00111518
11 0.109911 0.526938 0.0473364 0.0289206 0.0011098
11 0.920675 0.511101 0.0268425 0.0475434 0.00108175
11 0.817465 0.340925 0.0436655 0.0316624 0.00107944
11 0.548713 0.52602 0.0319824 0.0630646 0.00107777
11 0.848758 0.563223 0.0228768 0.0577175 0.00107551
11 0.828386 0.342056 0.0356865 0.0300449 0.00106856
11 0.693321 0.500564 0.0279231 0.0359581 0.00104574
11 0.845566 0.431463 0.0312351 0.0380738 0.00104469
11 0.67029 0.469368 0.0359939 0.027548 0.00104286
11 0.790999 0.331466 0.0339773 0.0372286 0.00104179
11 0.0599433 0.488387 0.0314635 0.03646 0.0010282
11 0.0503508 0.719895 0.0190998 0.0562574 0.00102686
11 0.0630562 0.622065 0.0201385 0.0586907 0.00102322
11 0.578823 0.519705 0.0409502 0.0563797 0.00102273
11 0.100233 0.532642 0.0491332 0.0377129 0.00101629
11 0.0913605 0.506634 0.043854 0.0295802 0.00101571
11 0.877602 0.443822 0.0324024 0.0525277 0.0010074
11 0.692463 0.507977 0.0259111 0.0426519 0.00100701
