9 0.73891 0.579355 0.254188 0.245793 0.908887
6 0.611571 0.504663 0.226903 0.247615 0.814048
7 0.714178 0.608842 0.0599688 0.199873 0.025971
6 0.669677 0.509552 0.0973398 0.236732 0.0185495
6 0.698424 0.51993 0.173551 0.215793 0.0115247
7 0.679076 0.480567 0.0854894 0.188656 0.0052494
6 0.678245 0.501341 0.0893169 0.190577 0.00515615
7 0.707654 0.591387 0.0740906 0.233494 0.00470918
6 0.655495 0.505097 0.18115 0.203576 0.00397264
7 0.683707 0.586789 0.125347 0.242721 0.00153822
6 0.667215 0.52415 0.12111 0.271861 0.00139965
