2 0.780997 0.44524 0.37476 0.288917 0.91063
5 0.66782 0.539506 0.1498 0.355506 0.873904
2 0.231662 0.684719 0.353627 0.321649 0.858204
5 0.171439 0.7164 0.232342 0.121261 0.812542
1 0.0914342 0.532122 0.0782042 0.166583 0.00265288
1 0.084341 0.561859 0.0882267 0.311542 0.00260794
5 0.0918867 0.578276 0.0826424 0.0987945 0.00216204
5 0.0871145 0.537343 0.0651609 0.193709 0.00189529
1 0.0887376 0.52194 0.0831601 0.24074 0.00167232
2 0.615421 0.466947 0.0512447 0.250684 0.00145754
2 0.247402 0.736695 0.321671 0.216085 0.00110435
