7 0.566221 0.410163 0.02956 0.0530805 0.246711
7 0.397831 0.766615 0.0590053 0.0205984 0.0935142
7 0.798961 0.368061 0.0756767 0.0261634 0.0802524
7 0.558647 0.417275 0.028723 0.0720967 0.0397715
7 0.799438 0.372656 0.079801 0.0375959 0.0168538
7 0.554419 0.420798 0.0323673 0.0826094 0.0114824
7 0.841622 0.340022 0.0452454 0.0460752 0.0110104
7 0.827458 0.360383 0.0481339 0.0221207 0.0108468
7 0.397291 0.762675 0.0625432 0.0209032 0.00753449
7 0.577773 0.412325 0.0610504 0.0578683 0.00745699
7 0.395103 0.760735 0.062823 0.0290309 0.00721797
7 0.844303 0.345961 0.0521183 0.0443572 0.00390722
7 0.795224 0.388238 0.0701422 0.0667303 0.00388476
7 0.540356 0.403056 0.0336368 0.0662906 0.00259109
7 0.565226 0.422131 0.0399338 0.0836662 0.00210903
7 0.550065 0.413731 0.0388708 0.0715006 0.00149125
7 0.541591 0.414166 0.0423479 0.0890439 0.00145991
7 0.250493 0.695483 0.107296 0.0420789 0.00144009
7 0.834891 0.342429 0.040334 0.0521248 0.00116096
7 0.393091 0.749049 0.0610708 0.0453559 0.00111102
