9 0.615151 0.614828 0.625099 0.432261 0.940406
7 0.568552 0.739655 0.266488 0.126211 0.264345
7 0.529241 0.75415 0.328331 0.114017 0.114072
7 0.503553 0.757977 0.391027 0.144063 0.113925
7 0.53036 0.748295 0.246826 0.11325 0.104989
6 0.514936 0.630932 0.238163 0.241828 0.00664604
7 0.523172 0.734202 0.191075 0.156898 0.00308371
11 0.288037 0.40005 0.141255 0.164845 0.00293308
6 0.519869 0.676376 0.265512 0.164121 0.00258917
6 0.490394 0.642776 0.177393 0.265222 0.00172262
7 0.482741 0.762379 0.329056 0.114134 0.00144901
