5 0.622366 0.718984 0.458053 0.308211 0.937661
2 0.380751 0.535406 0.311013 0.284938 0.929019
3 0.557686 0.691281 0.427538 0.235407 0.641371
1 0.528176 0.722473 0.430182 0.274712 0.572864
1 0.59565 0.727129 0.414302 0.298984 0.0436093
1 0.634067 0.699398 0.42197 0.261171 0.00940566
2 0.580373 0.714759 0.508743 0.280075 0.00510146
2 0.543347 0.75209 0.473121 0.221513 0.00199188
2 0.51255 0.688692 0.482298 0.316414 0.00156186
2 0.490818 0.61806 0.444826 0.387157 0.00133317
3 0.505081 0.706719 0.376214 0.255638 0.00127825
1 0.455642 0.754192 0.3076 0.219633 0.00117556
3 0.663681 0.436125 0.405309 0.197104 0.00109804
