6 0.916818 0.354377 0.105195 0.444346 0.85753
6 0.835948 0.724851 0.236553 0.0563337 0.832588
7 0.915106 0.222637 0.0703925 0.183958 0.0401743
6 0.915249 0.223658 0.0717647 0.185407 0.0237194
7 0.919164 0.214282 0.0645149 0.144099 0.0101751
7 0.909948 0.223627 0.0504448 0.19234 0.00836784
7 0.90098 0.21973 0.0387106 0.18205 0.00617621
6 0.924068 0.243946 0.0814953 0.15775 0.00338751
6 0.928004 0.279146 0.0832346 0.113654 0.00307968
6 0.897726 0.222567 0.0468431 0.187813 0.00212024
7 0.920794 0.217143 0.0627859 0.0979159 0.00131492
6 0.923499 0.33597 0.0950083 0.117094 0.00124334
6 0.916673 0.346672 0.0741886 0.153047 0.00113793
