3 0.363963 0.679165 0.161485 0.13992 0.835793
11 0.746548 0.561942 0.113958 0.0287459 0.0114494
11 0.837186 0.720024 0.0854652 0.047683 0.00880354
11 0.826932 0.71213 0.0921183 0.0471006 0.00646647
10 0.7934 0.625635 0.111736 0.0490689 0.00520023
11 0.844422 0.729217 0.0708064 0.0459708 0.00381124
11 0.834042 0.726313 0.0960245 0.0539392 0.00248642
11 0.766044 0.561996 0.0968399 0.0251433 0.00154163
11 0.814464 0.707529 0.0852608 0.0434961 0.00146937
10 0.805753 0.631378 0.0851721 0.0452375 0.00136574
