5 0.626724 0.310526 0.116463 0.438578 0.887347
2 0.286457 0.48315 0.303688 0.378245 0.886065
5 0.241561 0.35841 0.216082 0.164 0.879729
2 0.72309 0.756774 0.119822 0.325147 0.863946
10 0.162457 0.401187 0.0529395 0.262848 0.00667839
5 0.159412 0.405956 0.0519189 0.252237 0.00264645
2 0.199743 0.410493 0.129087 0.258107 0.0017179
2 0.269698 0.4007 0.269342 0.420629 0.00137891
2 0.159481 0.407043 0.0512042 0.254719 0.00113757
7 0.709161 0.88585 0.0912695 0.0571451 0.00101253
5 0.70947 0.898432 0.0943928 0.0843936 0.00100178
