0 0.638725 0.508412 0.394351 0.0874026 0.407157
0 0.677572 0.513308 0.255769 0.083552 0.0522006
0 0.641708 0.51822 0.229537 0.0728819 0.0399531
6 0.654228 0.517929 0.202963 0.0741766 0.0272013
0 0.569311 0.51469 0.378999 0.0848422 0.0153667
0 0.606349 0.494865 0.473763 0.114679 0.0105443
2 0.591369 0.553792 0.508009 0.207269 0.00313167
2 0.522241 0.566364 0.525831 0.287776 0.00250544
0 0.589075 0.462138 0.511292 0.19893 0.00157204
2 0.57432 0.612573 0.53212 0.29976 0.0013871
6 0.655894 0.536834 0.213404 0.12209 0.00132073
2 0.595612 0.451264 0.554563 0.199241 0.00121335
