3 0.765857 0.574422 0.0703756 0.13077 0.492496
3 0.80277 0.583713 0.0395372 0.0922306 0.277678
3 0.0569473 0.477709 0.0595392 0.0896901 0.189997
3 0.451926 0.548473 0.043866 0.122677 0.150327
3 0.0604507 0.492082 0.0663585 0.119609 0.0626805
3 0.788487 0.576806 0.0654072 0.114733 0.0577093
3 0.0601694 0.514743 0.0665624 0.139795 0.0186244
3 0.446597 0.55968 0.0416823 0.093687 0.00999436
11 0.356446 0.401729 0.0429688 0.037492 0.00817588
11 0.326886 0.40189 0.0309965 0.0308268 0.0074799
11 0.375037 0.486629 0.0275023 0.0324972 0.0074025
11 0.365035 0.402448 0.0334538 0.0457886 0.00706867
11 0.988392 0.419017 0.0232154 0.030507 0.00684318
3 0.0631039 0.76132 0.0509598 0.135086 0.00677446
11 0.340652 0.401589 0.0337522 0.0316572 0.00677078
11 0.974568 0.444672 0.0390576 0.0382366 0.0066771
3 0.0602865 0.778811 0.0439842 0.0950276 0.00542138
11 0.330899 0.539472 0.030675 0.0488784 0.0054098
11 0.312799 0.39793 0.0369895 0.027626 0.00529674
11 0.377688 0.471238 0.0267036 0.0208601 0.00521816
11 0.981573 0.439679 0.036854 0.0334983 0.00480801
11 0.318102 0.400248 0.0343695 0.0277987 0.00467397
3 0.449908 0.529275 0.0448412 0.0781553 0.00431685
11 0.769909 0.753397 0.025343 0.0647079 0.00422923
11 0.987579 0.423259 0.0248412 0.0298565 0.00421582
11 0.361618 0.444001 0.0399443 0.0240224 0.00421375
11 0.985132 0.436323 0.0297356 0.0377652 0.00415977
11 0.321075 0.542327 0.0229879 0.0435425 0.00405039
11 0.314628 0.413514 0.0346805 0.0407267 0.00390202
3 0.0616009 0.531401 0.0671328 0.0977269 0.00385856
11 0.306371 0.638603 0.0357362 0.043077 0.0038121
11 0.360417 0.422439 0.0409871 0.0293191 0.00379137
11 0.33941 0.503401 0.0314753 0.031459 0.00362125
11 0.312451 0.379501 0.042195 0.0312049 0.00360764
11 0.308688 0.651299 0.0344482 0.0413524 0.00346052
11 0.273591 0.401281 0.0342998 0.0301397 0.00343234
11 0.265526 0.433954 0.0411492 0.0519658 0.00341708
11 0.342154 0.535896 0.027828 0.0472062 0.00331408
3 0.797808 0.375126 0.0574204 0.0365508 0.00324545
3 0.746632 0.677492 0.0294659 0.100972 0.00323417
11 0.377666 0.596226 0.0317726 0.0444565 0.00321574
11 0.267102 0.406083 0.0392485 0.0358543 0.00309829
11 0.353872 0.47007 0.0352564 0.0319324 0.00297746
11 0.312849 0.657498 0.0341489 0.0364289 0.00294739
11 0.29836 0.396431 0.032927 0.0280005 0.00288221
11 0.336144 0.506757 0.0298746 0.0343538 0.0028781
11 0.330262 0.379104 0.032631 0.0287984 0.00286717
11 0.735347 0.766548 0.0223597 0.094018 0.00272481
11 0.367203 0.507557 0.0275865 0.0460847 0.00271942
11 0.311299 0.443339 0.0308634 0.0355094 0.00270718
11 0.793589 0.708688 0.0284537 0.0405748 0.00267011
11 0.256363 0.436288 0.0377971 0.0565283 0.00266988
11 0.37719 0.605045 0.0343346 0.0533138 0.00266415
11 0.854657 0.738503 0.0203844 0.0744631 0.00263938
11 0.372709 0.593956 0.037475 0.0417699 0.00245329
11 0.808918 0.71497 0.0324432 0.0396085 0.00243855
11 0.355667 0.5052 0.0310874 0.0334419 0.00243244
11 0.817974 0.717034 0.0332726 0.046892 0.00237259
11 0.384132 0.612634 0.0269989 0.0530744 0.00234197
11 0.368727 0.421813 0.0361834 0.0366376 0.00232717
11 0.370095 0.604018 0.0381135 0.0520395 0.00232232
11 0.371366 0.405805 0.0294455 0.0540713 0.00230435
11 0.801047 0.378186 0.0615687 0.0388479 0.00229932
11 0.77631 0.382235 0.0459869 0.0351167 0.00226873
11 0.368167 0.487354 0.0317575 0.0303915 0.00225418
11 0.32742 0.410604 0.032492 0.0410451 0.0022407
11 0.35638 0.531566 0.0252443 0.0505427 0.00223936
11 0.365123 0.469395 0.0431938 0.0208955 0.00221793
11 0.268297 0.420704 0.0374045 0.0417061 0.00221775
11 0.977075 0.426008 0.0449402 0.0309113 0.00220892
11 0.79569 0.374757 0.0566694 0.0351296 0.00217675
11 0.320539 0.411451 0.0332336 0.0421884 0.00213709
3 0.443002 0.567679 0.0396377 0.0759467 0.00212994
11 0.301225 0.380207 0.0370161 0.0338982 0.00212119
11 0.815417 0.737061 0.0294374 0.0421077 0.00210931
11 0.234021 0.439315 0.0179544 0.0577219 0.00207712
11 0.352466 0.445616 0.0342312 0.0257463 0.00203941
11 0.269889 0.441742 0.0377594 0.0419692 0.00203275
3 0.0676902 0.712415 0.060152 0.0859312 0.00199339
11 0.314656 0.634073 0.0332014 0.0401108 0.00196343
11 0.760373 0.382051 0.0426279 0.0390915 0.00194687
11 0.781073 0.374283 0.0478426 0.0358058 0.00193672
11 0.346541 0.474536 0.0319516 0.0423627 0.00190601
11 0.808259 0.740302 0.0247494 0.0443274 0.00188427
11 0.345306 0.413983 0.0323981 0.0340959 0.00186305
11 0.301195 0.482994 0.0341259 0.0359055 0.00185911
11 0.258104 0.424046 0.0412036 0.0480667 0.00182475
11 0.383429 0.596976 0.0270167 0.0484224 0.00181638
11 0.300334 0.418373 0.0327282 0.0420684 0.00180742
11 0.309305 0.539969 0.0232043 0.0355726 0.00180739
3 0.0507841 0.773762 0.0262203 0.105974 0.00179549
11 0.325067 0.605741 0.0313165 0.0374715 0.00179242
11 0.346527 0.376521 0.0360508 0.0278548 0.00176593
11 0.32788 0.440092 0.033348 0.037188 0.0017513
11 0.268705 0.388651 0.0388645 0.0465688 0.00174512
11 0.234716 0.427772 0.0192252 0.058209 0.00173549
11 0.373451 0.503257 0.0263222 0.0491645 0.00173069
11 0.750851 0.680945 0.0318207 0.0934839 0.001721
11 0.967368 0.446781 0.0301171 0.0430407 0.00171493
11 0.34927 0.488395 0.0392864 0.0314702 0.0017039
11 0.330523 0.603023 0.0331463 0.0408332 0.00166647
11 0.759769 0.375787 0.0451776 0.0383284 0.00166638
11 0.317247 0.48383 0.0324984 0.0331811 0.00166067
11 0.283352 0.385055 0.0332557 0.0408914 0.0016418
11 0.263002 0.443897 0.0411229 0.0569853 0.00163931
11 0.815736 0.380559 0.0678486 0.0368595 0.00163148
11 0.320079 0.439275 0.0318145 0.0429463 0.00158526
11 0.781211 0.705249 0.0306826 0.049007 0.00157765
11 0.777552 0.738059 0.0266951 0.0497532 0.00154818
11 0.312564 0.612619 0.0306947 0.0385899 0.00153748
11 0.848534 0.736528 0.024731 0.0604214 0.00149319
11 0.812248 0.772255 0.0242563 0.0715586 0.00148833
11 0.320328 0.555584 0.0249106 0.0465195 0.00146107
11 0.385668 0.472732 0.0251436 0.0250569 0.00145896
11 0.36494 0.521741 0.0292112 0.0589407 0.00144369
11 0.340354 0.49039 0.0325614 0.0382179 0.00144048
11 0.359779 0.606194 0.0333105 0.0479973 0.00142581
11 0.384708 0.622254 0.0306234 0.0629034 0.00142009
11 0.357884 0.590854 0.0343187 0.0376953 0.00141376
11 0.80924 0.748142 0.0217253 0.053187 0.00141103
11 0.259113 0.40694 0.0475746 0.0410614 0.00140782
11 0.335776 0.467743 0.032025 0.032448 0.00140487
11 0.31159 0.585846 0.0233153 0.038321 0.00139929
11 0.378299 0.62035 0.0364451 0.0665082 0.00137613
11 0.776674 0.766375 0.0260986 0.0689129 0.00137316
11 0.337505 0.604578 0.0304015 0.0413756 0.00136124
11 0.292005 0.489151 0.0346603 0.0362532 0.00134599
11 0.798167 0.736898 0.0240465 0.0426239 0.00134342
11 0.769084 0.737073 0.0231873 0.0576505 0.00134306
11 0.390887 0.490493 0.0201375 0.0418068 0.00133042
11 0.985146 0.499788 0.0247051 0.0685432 0.00133039
11 0.738174 0.749738 0.0222321 0.0721105 0.0013151
11 0.323773 0.593952 0.0274921 0.0345232 0.00131415
11 0.317907 0.46074 0.0319261 0.0329486 0.00131205
11 0.367474 0.446775 0.042418 0.0253807 0.00130931
11 0.343242 0.557155 0.0276063 0.042073 0.00129623
11 0.339032 0.592949 0.0287059 0.0354154 0.00127921
11 0.846297 0.744093 0.0231899 0.0674125 0.00127532
3 0.046447 0.761364 0.0182876 0.130706 0.0012727
11 0.356283 0.376222 0.0372497 0.0276628 0.00127221
11 0.286957 0.62969 0.0244152 0.0466204 0.00124908
11 0.79976 0.747373 0.0233843 0.050089 0.00124314
11 0.856807 0.727907 0.0238829 0.0620703 0.00124218
11 0.30798 0.465942 0.0299447 0.0363159 0.00123664
11 0.330783 0.557325 0.0337209 0.041886 0.00119438
11 0.784742 0.45898 0.0416477 0.0379902 0.00117041
11 0.970491 0.466611 0.0247001 0.0472717 0.00114671
11 0.829075 0.718037 0.0316923 0.0522104 0.00113802
11 0.829541 0.73425 0.0314429 0.0456707 0.00113185
11 0.771245 0.809848 0.0239782 0.038728 0.00112445
11 0.324549 0.513278 0.0239576 0.0381908 0.00110828
11 0.276492 0.460242 0.0322031 0.0367485 0.00110528
11 0.427759 0.578951 0.0228251 0.0648588 0.00109281
11 0.778356 0.456235 0.0407208 0.047313 0.00107868
11 0.334219 0.660447 0.0276775 0.0406475 0.00106745
3 0.797212 0.574387 0.0486071 0.100498 0.00106061
11 0.365705 0.567125 0.0345729 0.0324877 0.00105074
11 0.332067 0.62869 0.0330952 0.0359863 0.00102378
11 0.852395 0.763608 0.0192125 0.0998112 0.00101957
11 0.847151 0.724035 0.0300512 0.0575354 0.00101939
11 0.760915 0.752835 0.0355021 0.0728719 0.00101626
