11 0.0963958 0.598664 0.0291626 0.0747611 0.126267
11 0.0912877 0.577693 0.0253439 0.0928551 0.0300023
11 0.156817 0.335491 0.0632024 0.0368299 0.0174609
11 0.236704 0.376228 0.0521993 0.0463227 0.0170815
11 0.209374 0.350659 0.0577212 0.0359107 0.0153601
11 0.224217 0.361516 0.0520726 0.0430869 0.0147983
11 0.231291 0.366425 0.0466955 0.0477237 0.0130664
11 0.245736 0.38533 0.044863 0.044584 0.0127203
11 0.217397 0.35613 0.0596098 0.0372696 0.00963738
11 0.691025 0.386698 0.0472021 0.0279354 0.00865012
11 0.142613 0.402108 0.0392995 0.0548729 0.00804896
11 0.249146 0.391277 0.0416641 0.0414306 0.00791118
11 0.254595 0.396243 0.0388799 0.0477096 0.00755762
11 0.152157 0.376655 0.0561309 0.0242935 0.00696039
11 0.147019 0.381199 0.0465591 0.0344713 0.00691878
11 0.171845 0.336861 0.0684599 0.0295569 0.00667829
11 0.698018 0.387546 0.0434693 0.0275092 0.00633573
11 0.140262 0.383624 0.035347 0.0461727 0.00618652
11 0.692289 0.430197 0.0393918 0.0252667 0.00613135
11 0.163797 0.32652 0.0607007 0.0324728 0.00575443
11 0.722771 0.410279 0.0414844 0.0240948 0.00543473
11 0.141864 0.391226 0.0376572 0.0621292 0.00528519
11 0.170407 0.350112 0.0661103 0.0328984 0.00487162
11 0.671457 0.390053 0.047489 0.0370204 0.00467084
11 0.690122 0.434457 0.0390808 0.0266775 0.00464698
11 0.698577 0.331901 0.0633829 0.0265151 0.00453505
11 0.198334 0.344403 0.0522826 0.035869 0.00446706
11 0.676152 0.526517 0.0602398 0.0268985 0.00443328
11 0.184401 0.318251 0.0496116 0.0384437 0.00433749
11 0.709648 0.389599 0.0388315 0.0268982 0.00413159
11 0.170576 0.319672 0.0554019 0.0351843 0.00411196
11 0.791577 0.558347 0.0266105 0.0683882 0.00404051
11 0.697788 0.428332 0.041822 0.0261484 0.0038277
11 0.727704 0.41223 0.0423348 0.0260576 0.00368453
11 0.257974 0.413151 0.0434173 0.0694122 0.00344357
11 0.0898631 0.564041 0.0236531 0.0873787 0.00315926
11 0.693164 0.399888 0.0426747 0.0399942 0.00282719
11 0.241855 0.372237 0.0493408 0.0593915 0.00281123
11 0.232883 0.355648 0.042359 0.0470252 0.00278142
11 0.186041 0.345768 0.0494146 0.0377982 0.00273013
11 0.0978105 0.568241 0.0306719 0.0795937 0.00271532
11 0.729618 0.424684 0.0473745 0.0264117 0.00265158
11 0.141776 0.340633 0.0592472 0.0302263 0.0026415
11 0.706942 0.40499 0.0376424 0.0281984 0.00260951
11 0.655023 0.388275 0.0501991 0.0433767 0.00259381
11 0.061784 0.369168 0.0394826 0.0467544 0.00216978
11 0.146845 0.406888 0.0401763 0.0420499 0.00214624
11 0.271656 0.432824 0.0189304 0.0595497 0.00203799
11 0.702079 0.328181 0.0646484 0.0270207 0.00194891
11 0.184262 0.326364 0.0490865 0.0435888 0.0018964
11 0.135062 0.509337 0.0242072 0.0600764 0.00186783
11 0.151926 0.404542 0.0441811 0.0507194 0.00185186
11 0.11885 0.343133 0.0470978 0.0272663 0.00177931
11 0.207181 0.454801 0.043014 0.060311 0.00170839
11 0.134693 0.492856 0.0250657 0.0634996 0.00170574
11 0.756856 0.344457 0.0575695 0.0281948 0.00170554
11 0.154048 0.353651 0.0607047 0.0325236 0.00161949
11 0.196279 0.458806 0.0279954 0.054502 0.00156745
11 0.755018 0.337859 0.0611803 0.0357515 0.00156496
11 0.66057 0.372642 0.0636379 0.031639 0.00153609
11 0.684916 0.39841 0.0440578 0.039629 0.00153233
11 0.721235 0.424215 0.0467903 0.0265983 0.00146967
11 0.199797 0.315361 0.0497521 0.0520688 0.0014473
11 0.119583 0.375018 0.0427638 0.0412444 0.00143217
11 0.22411 0.303643 0.0314674 0.0519041 0.0014225
11 0.199776 0.46361 0.024793 0.0553792 0.00141424
11 0.679949 0.43429 0.058216 0.0285038 0.00136596
11 0.131457 0.385003 0.0409122 0.0592398 0.00134316
11 0.108515 0.348033 0.0509366 0.0322743 0.00129444
11 0.180413 0.496071 0.0328814 0.0684093 0.00124339
11 0.694627 0.335714 0.0611078 0.0239063 0.00124261
11 0.185955 0.579165 0.0486597 0.0499027 0.00116616
11 0.194498 0.474007 0.0213747 0.039481 0.00115166
11 0.195127 0.336649 0.0513148 0.0541818 0.00113644
11 0.751462 0.341929 0.0549756 0.0267007 0.00113235
11 0.743292 0.432189 0.0233824 0.0295663 0.00108977
11 0.122618 0.336577 0.0477626 0.0384899 0.00108285
11 0.671952 0.512427 0.0587072 0.0238976 0.00107751
11 0.108152 0.595858 0.0314785 0.071423 0.00105726
11 0.67027 0.399504 0.0359821 0.0427517 0.00105315
11 0.134579 0.397287 0.0439119 0.0588861 0.00104891
11 0.155528 0.383095 0.05646 0.033608 0.00103729
11 0.139699 0.414632 0.0386751 0.0459846 0.00103026
11 0.71514 0.471804 0.046864 0.0284097 0.00100764
