9 0.539344 0.376263 0.387108 0.1453 0.904692
7 0.538746 0.401566 0.15629 0.0230751 0.0486137
7 0.553321 0.401797 0.135061 0.0192198 0.0468576
7 0.526831 0.397122 0.184347 0.0303279 0.0152959
6 0.591374 0.33833 0.411987 0.223361 0.00958086
9 0.575883 0.33854 0.440587 0.218974 0.00476043
7 0.572248 0.372929 0.266796 0.074468 0.00283514
7 0.533803 0.417138 0.184219 0.0518042 0.00241068
7 0.520436 0.397523 0.198511 0.0530892 0.00173302
6 0.51805 0.415217 0.210659 0.0591474 0.00155511
7 0.517606 0.382716 0.214281 0.0623441 0.00148116
6 0.533073 0.375172 0.227446 0.0793673 0.00130671
