8 0.633371 0.416873 0.300467 0.356551 0.94164
11 0.721285 0.488443 0.11243 0.130496 0.898456
3 0.542566 0.670572 0.288604 0.307699 0.882157
4 0.567404 0.682755 0.245514 0.294651 0.313558
4 0.57418 0.638321 0.234586 0.288074 0.178903
4 0.651896 0.557862 0.240775 0.308309 0.0208361
4 0.680584 0.537031 0.203214 0.294532 0.0182771
4 0.706297 0.466486 0.214897 0.307728 0.00650287
5 0.0218131 0.790487 0.0432685 0.130246 0.00406158
4 0.708742 0.517007 0.206449 0.281544 0.00380314
11 0.682112 0.295006 0.113373 0.116255 0.00207497
8 0.771366 0.433972 0.212635 0.247443 0.00200268
5 0.01979 0.769092 0.0395801 0.175573 0.00123713
