3 0.429977 0.490573 0.278766 0.0823505 0.0806854
11 0.476664 0.44998 0.190208 0.0499786 0.0438632
11 0.421313 0.451363 0.155774 0.0466812 0.0305774
11 0.447639 0.45107 0.135197 0.048207 0.0214918
11 0.382326 0.445752 0.16236 0.0401213 0.0127081
11 0.322204 0.537735 0.162889 0.0333844 0.0125856
11 0.479131 0.457563 0.196755 0.0401544 0.0122506
11 0.528305 0.444667 0.144371 0.0389208 0.00924124
11 0.500694 0.4599 0.181133 0.0347544 0.00906762
11 0.269922 0.668744 0.205682 0.0336029 0.00889609
11 0.489149 0.443656 0.178175 0.0437585 0.00871931
11 0.559268 0.468495 0.135547 0.0309855 0.00775099
11 0.546613 0.439615 0.134784 0.0295252 0.00758015
11 0.591076 0.449306 0.156365 0.0357427 0.00702764
11 0.351831 0.445025 0.183456 0.0384658 0.00591883
11 0.543992 0.464832 0.144792 0.0313028 0.00488754
11 0.578561 0.470551 0.147135 0.0271234 0.00417705
11 0.618198 0.45412 0.136189 0.0411926 0.00394517
11 0.523393 0.462561 0.161611 0.0323418 0.00370308
11 0.594713 0.456275 0.168889 0.0379198 0.00336604
11 0.561273 0.435554 0.143345 0.0242514 0.00323288
11 0.567729 0.475555 0.0865227 0.030463 0.00322486
11 0.584803 0.473544 0.119025 0.0254457 0.0027045
11 0.525555 0.454718 0.162177 0.0414516 0.00267212
3 0.448154 0.454529 0.315156 0.0593643 0.00242124
11 0.55527 0.667073 0.215556 0.0376804 0.00206792
11 0.547665 0.499488 0.0609295 0.060903 0.00197274
11 0.561936 0.503378 0.0536351 0.05722 0.00190152
11 0.328568 0.669634 0.248041 0.0309984 0.00184826
11 0.551451 0.474321 0.0960404 0.0410586 0.00162979
11 0.453138 0.454936 0.179782 0.0459684 0.00156881
11 0.648559 0.508577 0.0768162 0.051474 0.00140402
11 0.66664 0.48882 0.0558312 0.0657177 0.00138909
11 0.657536 0.494669 0.059564 0.0742102 0.00121928
11 0.576526 0.496655 0.0845113 0.0579126 0.00116792
