1 0.651451 0.577781 0.21186 0.345246 0.907044
5 0.107269 0.55261 0.0799715 0.404639 0.819949
3 0.155351 0.458549 0.170124 0.235983 0.685413
5 0.151058 0.489338 0.166389 0.490763 0.0830513
3 0.158921 0.412185 0.155496 0.336833 0.0588041
5 0.192194 0.414757 0.0855075 0.342799 0.00994871
1 0.195349 0.411859 0.0838258 0.337576 0.00945917
2 0.466557 0.391774 0.605689 0.288327 0.0074041
5 0.110648 0.502048 0.0725154 0.316918 0.0021654
5 0.156105 0.465794 0.163572 0.239469 0.00157437
3 0.197591 0.439373 0.086305 0.303375 0.00144501
3 0.181555 0.450047 0.115763 0.267566 0.00111828
