3 0.0816188 0.570631 0.0676054 0.100164 0.384598
3 0.0628222 0.757748 0.040454 0.101089 0.252426
3 0.569255 0.675352 0.0416384 0.143398 0.135326
3 0.561935 0.671947 0.0519375 0.150366 0.0390152
3 0.0791199 0.555375 0.0590535 0.105031 0.0277931
11 0.522923 0.507532 0.0456051 0.0616906 0.0243369
11 0.52776 0.492529 0.0359419 0.0457892 0.0194031
11 0.524861 0.497717 0.0380466 0.0526167 0.017436
11 0.519118 0.51525 0.0384882 0.0580151 0.015979
11 0.528131 0.478656 0.0354031 0.0350653 0.0122501
11 0.206218 0.640188 0.0200477 0.0973149 0.0100186
3 0.069655 0.5506 0.0377996 0.0963114 0.00904304
11 0.532742 0.498071 0.0334395 0.0411411 0.00892858
11 0.207025 0.594433 0.0191099 0.0725977 0.00882234
3 0.0696524 0.579537 0.0488241 0.0921255 0.00875465
3 0.549446 0.667257 0.037726 0.132365 0.00840509
11 0.201287 0.673772 0.0234881 0.0842579 0.00815599
11 0.202101 0.658716 0.0233462 0.0871135 0.00782271
11 0.205876 0.659163 0.0207614 0.0851879 0.00754374
11 0.205367 0.673429 0.0211099 0.0815724 0.00741766
3 0.0697004 0.749896 0.052611 0.11619 0.0071022
11 0.206426 0.606053 0.0197129 0.0767645 0.00656942
11 0.153386 0.68407 0.0188689 0.0886932 0.00627435
11 0.201818 0.638139 0.0220632 0.0920643 0.00582448
11 0.238352 0.660955 0.019578 0.0570494 0.00561325
11 0.544522 0.513889 0.0217194 0.05164 0.00553512
11 0.747356 0.367846 0.0469443 0.0226938 0.00526823
11 0.202758 0.608706 0.0232903 0.0684272 0.00458374
11 0.512569 0.498072 0.0457443 0.0508723 0.00450825
11 0.73729 0.370445 0.0404998 0.0244845 0.00423643
11 0.238538 0.681517 0.0207765 0.0861373 0.00417576
11 0.512103 0.514177 0.0406866 0.0540211 0.00390394
11 0.203516 0.593989 0.0255972 0.0647224 0.00371273
11 0.204159 0.686922 0.0200059 0.0723459 0.00366515
11 0.154129 0.66243 0.0219318 0.0501028 0.00361938
11 0.2116 0.646855 0.0185947 0.0496917 0.0035154
11 0.20176 0.71375 0.0189217 0.0907417 0.00345983
11 0.765931 0.386329 0.0291411 0.045387 0.00344112
11 0.731022 0.402437 0.0257505 0.0584639 0.00343082
11 0.0489283 0.583427 0.0180235 0.0790069 0.00339555
11 0.553353 0.522382 0.0291344 0.0638201 0.00331575
11 0.231721 0.674933 0.0173263 0.0745072 0.00329982
11 0.719351 0.403106 0.0246572 0.0561272 0.00318675
11 0.151487 0.781678 0.0370439 0.0724592 0.00309335
11 0.521763 0.474889 0.0447485 0.0306686 0.00307097
11 0.720184 0.434763 0.0263243 0.0499115 0.00298797
11 0.555573 0.531731 0.0264772 0.073399 0.00298422
11 0.778869 0.38799 0.0305886 0.0427987 0.00291661
11 0.758889 0.369255 0.0382171 0.0232184 0.00284929
11 0.155256 0.69901 0.0182059 0.0959536 0.00281872
11 0.23334 0.689264 0.0172872 0.0736945 0.00270381
11 0.212041 0.660464 0.0185482 0.0648277 0.00263544
11 0.148863 0.681398 0.0165103 0.0837216 0.00262871
11 0.161239 0.613331 0.0317016 0.033038 0.00259089
11 0.211286 0.671853 0.0203924 0.0754981 0.00258454
11 0.753215 0.411837 0.0216704 0.0639197 0.00257719
3 0.988856 0.497873 0.0215694 0.195134 0.0025733
11 0.23069 0.657112 0.023561 0.0511738 0.00240459
11 0.145899 0.546299 0.0342943 0.0535864 0.00237931
3 0.0881493 0.561808 0.0526705 0.0986072 0.00236933
11 0.694481 0.404662 0.0185081 0.0612112 0.00231132
11 0.690599 0.445101 0.014887 0.0602658 0.00229938
3 0.558694 0.674046 0.0296161 0.151624 0.00224357
11 0.157143 0.730042 0.0210957 0.0408996 0.00223573
11 0.754313 0.392335 0.0280153 0.0457546 0.00221927
11 0.781642 0.404394 0.0235189 0.06285 0.00215535
11 0.749926 0.357238 0.0462421 0.0272451 0.00202387
11 0.722664 0.373692 0.0286752 0.0276423 0.00199246
3 0.0688836 0.5644 0.0430581 0.0997221 0.00198648
11 0.511054 0.470441 0.0410475 0.0291973 0.00197266
11 0.200193 0.693644 0.0230487 0.0712536 0.0019609
11 0.499099 0.504462 0.0273848 0.0490278 0.00195721
11 0.228168 0.644306 0.0335084 0.036371 0.00193434
11 0.239652 0.642829 0.0195698 0.0328258 0.00193356
11 0.560913 0.552912 0.0238632 0.0889883 0.00185245
11 0.752616 0.436299 0.0202078 0.048334 0.00184526
11 0.765258 0.405978 0.0243263 0.0636672 0.00182589
11 0.744291 0.396527 0.0290062 0.0465782 0.00182212
11 0.688925 0.451704 0.0176897 0.0567578 0.00179454
11 0.558515 0.525676 0.0293713 0.062206 0.00172304
11 0.693512 0.424423 0.0163021 0.0651276 0.0017016
11 0.149096 0.668202 0.0187077 0.0627978 0.00168499
11 0.787502 0.392506 0.0324595 0.040779 0.0016368
11 0.0531899 0.687698 0.0245039 0.0836922 0.00163078
11 0.137475 0.765536 0.0329786 0.0700999 0.00161394
11 0.199595 0.736759 0.0221653 0.0678871 0.00160303
11 0.200719 0.583325 0.0287718 0.0628719 0.00157398
11 0.721451 0.45541 0.0265477 0.0381838 0.00156786
11 0.0681475 0.547135 0.037273 0.086898 0.00152851
11 0.213193 0.681416 0.017979 0.0766957 0.00149346
11 0.557047 0.542789 0.0248129 0.0875071 0.00145939
11 0.727012 0.435482 0.0296765 0.045355 0.00142053
11 0.156143 0.633005 0.0300228 0.0385393 0.00141407
11 0.768625 0.443106 0.0191742 0.0441245 0.00135404
11 0.712293 0.404789 0.0220969 0.0592278 0.00134167
11 0.0508703 0.676327 0.0217261 0.0719423 0.001306
11 0.21019 0.582097 0.0226863 0.0659642 0.00124095
11 0.161517 0.651725 0.0313309 0.0404849 0.00123821
11 0.724877 0.475651 0.0260919 0.0519435 0.00123249
11 0.494583 0.514595 0.0170543 0.0500857 0.00117122
11 0.120475 0.738397 0.0251161 0.0496177 0.00116256
11 0.739499 0.355455 0.044965 0.024459 0.00116161
11 0.781173 0.441977 0.0196472 0.043462 0.00111489
11 0.196919 0.748463 0.0250259 0.0651198 0.00109367
11 0.155427 0.61521 0.0359099 0.0322316 0.00106568
11 0.552299 0.545148 0.0292284 0.0967688 0.00105793
11 0.151832 0.63625 0.0279809 0.0329951 0.00105006
11 0.149289 0.695302 0.015912 0.0884124 0.00104679
11 0.73679 0.484908 0.0200367 0.0487999 0.00104233
11 0.161528 0.729471 0.0267625 0.0404767 0.00103724
11 0.131179 0.746871 0.0243348 0.0515998 0.00103194
11 0.771432 0.373805 0.038416 0.0287028 0.00103136
11 0.24318 0.593436 0.0243872 0.0625935 0.00102181
11 0.733376 0.465888 0.0239191 0.0297916 0.00100745
