4 0.493671 0.45998 0.580675 0.119352 0.443381
4 0.486653 0.459334 0.600501 0.182273 0.0237769
0 0.486073 0.444842 0.615773 0.174182 0.0108427
0 0.483966 0.46455 0.624827 0.245833 0.00754046
7 0.414654 0.418706 0.115763 0.07242 0.00460238
7 0.348603 0.452822 0.122586 0.0426969 0.00422116
7 0.294106 0.459488 0.0460169 0.0291214 0.00365655
7 0.341578 0.459713 0.128696 0.0313524 0.00320691
7 0.388524 0.423062 0.163718 0.0690697 0.00250603
7 0.355988 0.439368 0.110716 0.0703856 0.0024881
7 0.29371 0.464861 0.0411484 0.0386425 0.00231109
4 0.480331 0.466355 0.617398 0.263579 0.00224969
4 0.507814 0.455746 0.488153 0.0955027 0.00156883
