4 0.418588 0.66437 0.259068 0.0757419 0.400118
4 0.419335 0.656015 0.257434 0.111317 0.373969
4 0.420302 0.690458 0.2599 0.201231 0.0480508
4 0.419887 0.639114 0.258505 0.172754 0.0430767
1 0.440995 0.661682 0.212377 0.0654514 0.0190776
3 0.423615 0.66217 0.243365 0.0711669 0.00625029
4 0.357279 0.689354 0.361878 0.111357 0.00613234
10 0.413189 0.663742 0.271632 0.0744089 0.00161589
3 0.462312 0.723158 0.282639 0.159127 0.00130862
4 0.357821 0.700235 0.386509 0.182028 0.00115022
4 0.451998 0.719 0.332782 0.252454 0.0010057
