3 0.230082 0.731857 0.197064 0.154043 0.794805
11 0.543327 0.413455 0.137883 0.0652908 0.00347255
11 0.528083 0.406237 0.148668 0.0649489 0.00324451
11 0.560915 0.418596 0.108258 0.0613155 0.00279938
11 0.662707 0.654293 0.130761 0.0515306 0.00225676
11 0.571873 0.41916 0.158047 0.0559111 0.00223591
11 0.635788 0.652651 0.124379 0.0454052 0.00159404
3 0.432227 0.584867 0.254802 0.167035 0.00131346
11 0.593242 0.425558 0.143551 0.0637981 0.00130827
11 0.676821 0.671052 0.101193 0.0510857 0.00124418
3 0.380543 0.776421 0.172444 0.0891319 0.0011155
11 0.509866 0.394975 0.135729 0.0519718 0.00105549
11 0.722727 0.783449 0.0765861 0.0687717 0.00105271
11 0.569027 0.404657 0.174676 0.0630301 0.00100905
