7 0.484901 0.408337 0.107973 0.034238 0.614128
7 0.614258 0.57965 0.10173 0.041861 0.29139
7 0.610456 0.599213 0.0946335 0.0314817 0.0936151
7 0.610792 0.586194 0.104926 0.0451236 0.0149567
7 0.677893 0.57611 0.0924211 0.0319096 0.010965
7 0.633211 0.577925 0.122627 0.0353142 0.0102519
7 0.654791 0.576818 0.131203 0.0331284 0.00756557
7 0.618036 0.605331 0.0722352 0.0342356 0.00331727
7 0.475743 0.384957 0.0884866 0.0699094 0.00283924
7 0.621983 0.619816 0.0603872 0.0539427 0.00270984
11 0.703473 0.594631 0.10447 0.096738 0.00235915
7 0.685008 0.571242 0.0816435 0.0521889 0.00207381
11 0.694139 0.593403 0.0745325 0.0974042 0.00200084
7 0.597337 0.52258 0.0841888 0.0652083 0.00129808
7 0.583413 0.527476 0.0531751 0.0646757 0.00106013
7 0.49644 0.386069 0.0789286 0.0741984 0.00104547
