9 0.558374 0.607623 0.483468 0.328256 0.923313
0 0.684262 0.616815 0.234879 0.173629 0.0119008
0 0.481765 0.591256 0.287222 0.205859 0.00990666
0 0.716201 0.624653 0.171758 0.190168 0.00664134
6 0.494402 0.566795 0.339242 0.207189 0.00522441
6 0.48358 0.594789 0.300502 0.20551 0.0036754
6 0.517052 0.583739 0.398582 0.161828 0.00259625
11 0.713987 0.614095 0.153152 0.157998 0.00257158
6 0.54572 0.617363 0.368839 0.171632 0.0025636
6 0.510238 0.606632 0.378089 0.117427 0.00129669
6 0.470046 0.541315 0.297352 0.230502 0.00128152
0 0.528278 0.78357 0.943443 0.43286 0.0011502
0 0.519586 0.603814 0.220178 0.213565 0.00108877
