7 0.316222 0.670993 0.028686 0.0572052 0.467405
7 0.340063 0.428183 0.0534602 0.0388415 0.405669
7 0.343723 0.420063 0.0582428 0.0424408 0.0848093
7 0.3389 0.421681 0.0538886 0.0291561 0.0552577
7 0.341846 0.412109 0.0575931 0.0401391 0.0499348
7 0.346975 0.405386 0.0698973 0.0419628 0.0396808
7 0.309197 0.413158 0.0680293 0.0342713 0.0233978
7 0.322266 0.730552 0.0565971 0.0378842 0.00537646
7 0.297175 0.411962 0.042314 0.0356938 0.00462712
7 0.305076 0.547677 0.0747288 0.052138 0.00430179
7 0.311114 0.671888 0.0433964 0.0614082 0.00336481
7 0.319296 0.682631 0.0385187 0.0680834 0.00281184
7 0.34858 0.413774 0.0760407 0.0628943 0.00257351
7 0.353546 0.415015 0.0685666 0.0441134 0.00187443
7 0.348037 0.667405 0.0513447 0.0501668 0.00177552
7 0.3183 0.694782 0.0429429 0.0557064 0.00110537
