1 0.485089 0.548534 0.346312 0.158222 0.638659
1 0.48987 0.570003 0.388868 0.189772 0.222441
1 0.560569 0.557965 0.190004 0.107492 0.0394046
1 0.53207 0.569769 0.309843 0.167446 0.0360062
1 0.523805 0.554803 0.270087 0.115075 0.029203
1 0.468546 0.591653 0.324995 0.163364 0.0232872
1 0.591235 0.600245 0.25408 0.111266 0.0169402
1 0.575265 0.653659 0.376918 0.209814 0.0157758
1 0.55732 0.570536 0.249655 0.133383 0.0144561
1 0.484201 0.595437 0.242625 0.121072 0.0143934
1 0.55501 0.62325 0.404382 0.236685 0.0129353
5 0.475034 0.59725 0.329202 0.166792 0.00905113
1 0.399393 0.561192 0.231279 0.108837 0.00851118
1 0.488098 0.567662 0.305556 0.13405 0.00819625
1 0.521167 0.593028 0.403066 0.205362 0.00620808
1 0.478726 0.682906 0.294911 0.176915 0.00561019
1 0.532129 0.59092 0.280493 0.126587 0.00527216
1 0.459342 0.58265 0.299474 0.117227 0.00513241
1 0.410128 0.543769 0.265226 0.127162 0.00446745
5 0.406451 0.566145 0.244375 0.122065 0.00413602
1 0.415245 0.566111 0.28322 0.137204 0.00405334
5 0.434355 0.578273 0.257281 0.135503 0.00318599
1 0.584805 0.58516 0.267296 0.162505 0.00313238
1 0.459112 0.534356 0.278695 0.130105 0.00293
1 0.446646 0.602999 0.361254 0.226605 0.00226795
1 0.469546 0.631224 0.329023 0.243595 0.00201804
5 0.553801 0.642044 0.212911 0.119722 0.00196339
5 0.617232 0.646997 0.149618 0.0571775 0.00170932
5 0.610107 0.637111 0.165259 0.0793423 0.00150905
5 0.601004 0.66349 0.308633 0.185817 0.00140965
1 0.611035 0.612959 0.21789 0.112063 0.00132796
1 0.562044 0.65176 0.211152 0.129457 0.00120382
5 0.581407 0.626689 0.242896 0.122114 0.00110892
1 0.404193 0.58978 0.290297 0.166898 0.00108694
5 0.539541 0.62644 0.22531 0.127136 0.0010773
