1 0.448556 0.621084 0.201338 0.0686826 0.417054
1 0.447213 0.824822 0.174278 0.172166 0.308756
5 0.451232 0.823408 0.166483 0.16803 0.259881
5 0.394548 0.828128 0.0692395 0.173143 0.0678818
1 0.413251 0.82835 0.11113 0.172002 0.0671584
1 0.451764 0.605144 0.212213 0.0861962 0.0147849
1 0.455688 0.566349 0.216355 0.0513277 0.0104234
5 0.470496 0.600663 0.168966 0.082888 0.00446556
5 0.454819 0.824257 0.124587 0.149038 0.00428664
5 0.486003 0.594148 0.226718 0.0867329 0.00382439
1 0.686786 0.555509 0.177919 0.0522114 0.00314376
1 0.439613 0.626109 0.228989 0.0880572 0.0030479
5 0.614541 0.555033 0.224923 0.0411493 0.00301295
1 0.280667 0.829065 0.176356 0.0465523 0.00299643
5 0.582321 0.561036 0.214671 0.0455597 0.00277501
5 0.504422 0.603127 0.159905 0.0780694 0.00258658
1 0.636527 0.555667 0.287601 0.0726973 0.00258622
1 0.25047 0.827528 0.134967 0.0498015 0.00241718
5 0.458403 0.579244 0.210217 0.0746697 0.00237997
1 0.439732 0.877757 0.160793 0.0634878 0.0023563
5 0.28784 0.856839 0.225331 0.0491741 0.0022492
5 0.459533 0.630462 0.205729 0.0550411 0.00201651
5 0.458463 0.619865 0.169136 0.0557154 0.0015866
1 0.430029 0.8298 0.168839 0.136637 0.0015779
1 0.396076 0.82798 0.0960615 0.156936 0.0015774
5 0.624661 0.554735 0.300753 0.0726387 0.00149095
1 0.395499 0.619078 0.307757 0.0680111 0.0014745
5 0.445866 0.607293 0.20157 0.0736762 0.00142095
5 0.391321 0.844477 0.0552687 0.138138 0.00129894
5 0.415663 0.819839 0.119258 0.14769 0.00123966
1 0.406342 0.862129 0.0867026 0.0990391 0.00120928
5 0.373296 0.729954 0.197168 0.0643797 0.00118378
1 0.668891 0.551442 0.210889 0.0642807 0.00116532
1 0.447775 0.727019 0.161895 0.0638854 0.00115301
1 0.462941 0.585226 0.221138 0.0761171 0.00110734
5 0.425078 0.804373 0.128492 0.123388 0.00109273
5 0.458291 0.562748 0.211612 0.0409396 0.00106754
5 0.286433 0.845513 0.214965 0.06059 0.00102459
