1 0.493396 0.815202 0.155832 0.091206 0.32233
1 0.380896 0.795476 0.135921 0.0787599 0.170497
1 0.477782 0.782663 0.176022 0.0719589 0.0823297
5 0.410112 0.898852 0.100208 0.0412403 0.0368151
1 0.445119 0.785141 0.121309 0.0626143 0.0277951
1 0.471245 0.822273 0.171305 0.0663835 0.0275708
5 0.381735 0.8016 0.144092 0.0685485 0.0255248
1 0.408876 0.796 0.170477 0.0781582 0.0212632
5 0.430856 0.804088 0.116678 0.0550196 0.0207264
1 0.484981 0.814089 0.178767 0.115311 0.0207023
5 0.440906 0.793941 0.12215 0.0584813 0.0136569
5 0.507513 0.785562 0.124978 0.0666954 0.0129092
5 0.411789 0.908705 0.0976527 0.0486191 0.0104639
1 0.376917 0.782097 0.143423 0.0607383 0.0103898
5 0.467105 0.791787 0.161356 0.0613957 0.00869827
1 0.444114 0.814603 0.134271 0.0683265 0.00850595
1 0.458302 0.798884 0.137631 0.0799706 0.00683853
5 0.411136 0.804075 0.146584 0.0629041 0.00635176
1 0.457613 0.806101 0.164083 0.0523911 0.00631014
1 0.48021 0.795755 0.175799 0.0646755 0.00623227
5 0.354998 0.876148 0.0956213 0.0525556 0.00534597
1 0.358408 0.779414 0.134146 0.0531065 0.00497977
5 0.310814 0.812838 0.10921 0.065995 0.00495045
5 0.371511 0.812549 0.130781 0.0554396 0.00444202
5 0.398215 0.885546 0.115086 0.0517152 0.00408326
1 0.441575 0.834023 0.130693 0.080565 0.00400555
5 0.372372 0.872664 0.12324 0.0601077 0.00378403
1 0.486662 0.773322 0.150057 0.0750638 0.0035875
5 0.496265 0.796034 0.147336 0.0645083 0.00325113
1 0.335556 0.781634 0.112189 0.0513247 0.00318433
1 0.434391 0.846235 0.120698 0.0857136 0.00315819
1 0.345305 0.693548 0.111022 0.0592044 0.00308796
5 0.377013 0.778356 0.120023 0.0527063 0.00307622
1 0.482387 0.794569 0.186329 0.183572 0.00307202
1 0.377901 0.861068 0.117867 0.070874 0.00272787
5 0.356356 0.86353 0.0946605 0.0646606 0.00268629
1 0.338464 0.701703 0.126182 0.0623746 0.00254401
5 0.418307 0.925977 0.0833921 0.0410496 0.00245731
5 0.34253 0.886622 0.0817412 0.0469932 0.00245595
5 0.334542 0.854251 0.0686427 0.0592487 0.00238794
1 0.325167 0.738616 0.126657 0.0606767 0.00234111
5 0.500539 0.809233 0.134979 0.0730135 0.00203475
5 0.38632 0.8962 0.129579 0.0538314 0.00195247
5 0.316663 0.799783 0.108223 0.0603412 0.00192392
5 0.345594 0.815854 0.10478 0.0598456 0.00192249
1 0.509305 0.773572 0.115765 0.0809076 0.00183232
1 0.466991 0.80899 0.177828 0.0878898 0.00174275
5 0.319705 0.738173 0.123576 0.0604496 0.00173483
5 0.360373 0.775953 0.120173 0.0473423 0.0016625
4 0.834657 0.671649 0.0528696 0.0178088 0.00165627
5 0.405654 0.902332 0.112871 0.0557692 0.00155629
5 0.341618 0.8627 0.0805374 0.0605239 0.00150852
5 0.333872 0.837789 0.0699919 0.0539341 0.00147371
5 0.361648 0.889606 0.112527 0.051719 0.00140734
5 0.634712 0.877113 0.497764 0.223457 0.00140399
4 0.911869 0.453836 0.0634426 0.0303424 0.00126597
5 0.382303 0.814188 0.133281 0.0698098 0.00120198
5 0.489509 0.830019 0.13701 0.0820013 0.00117906
1 0.327382 0.762296 0.126986 0.036461 0.00117448
1 0.385421 0.848868 0.10077 0.0548319 0.00111948
1 0.357341 0.806074 0.134572 0.0772246 0.00110627
5 0.421904 0.858621 0.116533 0.0769918 0.00106378
5 0.512323 0.793077 0.117418 0.0500497 0.00101141
1 0.392602 0.815944 0.132538 0.076835 0.00100262
