1 0.7786 0.422418 0.181585 0.263008 0.431899
1 0.75268 0.422892 0.148541 0.250598 0.180023
5 0.81154 0.432722 0.130651 0.229134 0.0900918
1 0.78679 0.438835 0.143343 0.179495 0.0663988
5 0.74772 0.446578 0.134499 0.23356 0.0652696
5 0.821092 0.465512 0.110883 0.164355 0.0399049
5 0.819009 0.432625 0.0678219 0.18559 0.022075
1 0.811384 0.425519 0.0657478 0.188211 0.0208224
1 0.809184 0.415856 0.129204 0.257911 0.0151146
1 0.76426 0.427354 0.114224 0.19438 0.0148243
5 0.757681 0.461252 0.0789475 0.17187 0.0107646
1 0.792812 0.416692 0.102906 0.187886 0.00891619
1 0.822723 0.441646 0.0743399 0.181576 0.00862421
5 0.82988 0.486004 0.0888996 0.111682 0.0068464
4 0.229405 0.275718 0.0501238 0.0411315 0.00564943
5 0.829896 0.442951 0.0879217 0.174641 0.00474554
1 0.75979 0.45352 0.0800911 0.18521 0.00417086
1 0.803762 0.407844 0.0593996 0.209712 0.00289235
5 0.791533 0.357608 0.0672623 0.142966 0.00236145
1 0.752404 0.387884 0.133099 0.199905 0.00223535
4 0.228719 0.266608 0.0512188 0.0433953 0.002235
5 0.790504 0.45987 0.164165 0.185185 0.00204776
5 0.74477 0.380646 0.109076 0.161164 0.00203458
5 0.832372 0.505634 0.0767588 0.0923643 0.00200152
1 0.747936 0.450784 0.116062 0.168333 0.00170019
5 0.797242 0.374567 0.0575123 0.171633 0.0015062
5 0.842948 0.477164 0.135236 0.143058 0.0012628
5 0.774935 0.427568 0.182603 0.248963 0.00107992
