1 0.633296 0.453712 0.119004 0.188579 0.497285
1 0.621709 0.468364 0.090672 0.147097 0.0533367
1 0.832413 0.636905 0.139416 0.0794947 0.0479553
1 0.834306 0.650286 0.14272 0.12084 0.0373942
5 0.82972 0.646606 0.142215 0.0852106 0.0312865
5 0.755372 0.743452 0.0689758 0.0860308 0.0302015
1 0.646386 0.419823 0.123313 0.133878 0.0190058
5 0.619001 0.473195 0.0776899 0.138755 0.0151319
5 0.815806 0.634538 0.101887 0.0674646 0.0116267
1 0.84279 0.7494 0.0966583 0.108028 0.0108267
5 0.138571 0.65983 0.0338893 0.166006 0.0098544
1 0.848527 0.765376 0.0955326 0.0872775 0.00954666
5 0.825786 0.661061 0.149254 0.0987417 0.00952976
1 0.834491 0.628118 0.138615 0.128166 0.00822423
5 0.84218 0.768996 0.0870747 0.0853433 0.00398704
1 0.662151 0.413586 0.125373 0.107711 0.00389598
5 0.76014 0.732077 0.0837236 0.08088 0.00284645
5 0.801913 0.638122 0.0739239 0.0658203 0.00266093
5 0.846128 0.637171 0.117264 0.0941358 0.00249865
1 0.670656 0.379157 0.12078 0.180363 0.00237672
5 0.150964 0.62901 0.0547742 0.145705 0.00231369
1 0.85761 0.750474 0.0958696 0.0892388 0.00223508
1 0.811634 0.63098 0.0967243 0.0755363 0.00211099
5 0.148494 0.659801 0.0533278 0.203306 0.00210084
1 0.850266 0.73599 0.0839719 0.0931571 0.00204923
1 0.651021 0.435731 0.145571 0.170045 0.00192752
5 0.74945 0.75147 0.072414 0.10508 0.00169807
1 0.854339 0.624817 0.102549 0.113097 0.00158375
1 0.784137 0.742163 0.128864 0.0891696 0.00146733
5 0.660229 0.413746 0.124994 0.0727646 0.00146511
1 0.862543 0.518667 0.093845 0.270483 0.00146143
5 0.667673 0.41423 0.110706 0.0563002 0.00145818
1 0.844944 0.381958 0.0777456 0.137403 0.00135607
5 0.149023 0.61445 0.057582 0.104044 0.00131462
1 0.802429 0.752988 0.16958 0.101506 0.00124288
5 0.850489 0.772393 0.0908016 0.0685024 0.00121286
1 0.830312 0.706186 0.141447 0.136777 0.00116027
1 0.8345 0.606754 0.138729 0.186441 0.00109266
5 0.865954 0.765646 0.110275 0.0660177 0.00103212
