6 0.222645 0.396107 0.257609 0.267348 0.779623
10 0.565903 0.708517 0.38627 0.403522 0.498609
5 0.141953 0.509665 0.161445 0.264786 0.400342
5 0.224084 0.440238 0.327287 0.338808 0.373259
10 0.330417 0.410838 0.514731 0.318782 0.195167
5 0.132652 0.462476 0.136095 0.168373 0.192262
1 0.157258 0.415531 0.202667 0.278979 0.177126
5 0.255794 0.466496 0.275633 0.263136 0.129045
10 0.377799 0.444703 0.592952 0.389749 0.0791045
1 0.183833 0.438891 0.250933 0.326806 0.0535493
10 0.223885 0.466836 0.321164 0.366774 0.0347158
5 0.163637 0.475176 0.199884 0.28708 0.0337011
5 0.286287 0.409325 0.199248 0.373574 0.0278066
10 0.227436 0.572783 0.315043 0.556146 0.0231573
5 0.171525 0.4281 0.203467 0.276984 0.0185296
10 0.62437 0.49839 0.238417 0.401793 0.01438
10 0.657351 0.433248 0.325411 0.26632 0.0123088
5 0.296641 0.450953 0.171143 0.290064 0.00690136
10 0.47139 0.410651 0.763419 0.343541 0.00686409
5 0.314677 0.399989 0.148251 0.396059 0.00572476
10 0.306249 0.406667 0.318098 0.378539 0.00559094
6 0.148642 0.409136 0.192414 0.253961 0.00549334
10 0.189439 0.425632 0.223254 0.302605 0.00548228
1 0.660512 0.442299 0.332911 0.26316 0.00534884
5 0.289091 0.494731 0.189528 0.295271 0.0041363
5 0.18763 0.502186 0.244516 0.30777 0.00363562
10 0.296059 0.400127 0.219657 0.38792 0.00362152
5 0.322703 0.495105 0.0756216 0.285441 0.00356956
5 0.338084 0.503468 0.0684399 0.263143 0.00309869
6 0.226407 0.369176 0.233681 0.165874 0.00299746
10 0.319751 0.392739 0.39197 0.293154 0.00271465
5 0.307597 0.493217 0.0857429 0.299751 0.00263678
5 0.350219 0.509676 0.0606576 0.261277 0.00232698
10 0.660251 0.481506 0.305177 0.337275 0.00209264
5 0.326255 0.446478 0.120704 0.311188 0.00191252
5 0.310016 0.492954 0.154699 0.231801 0.00186702
10 0.157598 0.412036 0.131873 0.305064 0.00185443
5 0.14705 0.413876 0.139487 0.274363 0.00178978
10 0.558824 0.463854 0.254187 0.372116 0.00165683
6 0.207538 0.342597 0.252092 0.153919 0.00162785
10 0.405961 0.45484 0.388826 0.313353 0.00153732
10 0.282153 0.447215 0.414451 0.366896 0.00143759
10 0.226898 0.531081 0.241785 0.373262 0.00131601
10 0.208735 0.453352 0.192103 0.205742 0.00126658
1 0.13266 0.44954 0.169536 0.349726 0.00120367
6 0.202632 0.45509 0.182468 0.193891 0.00111217
10 0.189597 0.518455 0.216814 0.343837 0.00108554
6 0.115368 0.357887 0.126293 0.141306 0.00107105
6 0.245362 0.388407 0.213574 0.159432 0.00105971
