4 0.534413 0.692168 0.237064 0.150401 0.432731
4 0.501677 0.699968 0.238413 0.152158 0.213498
4 0.429635 0.729697 0.171028 0.171066 0.113724
4 0.408811 0.688128 0.257934 0.0987953 0.0203018
4 0.412829 0.710321 0.234813 0.137961 0.0108858
4 0.436359 0.71378 0.183616 0.118158 0.00427088
4 0.442426 0.721547 0.268927 0.193277 0.00240346
4 0.486738 0.706752 0.211695 0.119209 0.00142113
4 0.420137 0.670065 0.292413 0.130223 0.00129504
4 0.371897 0.691266 0.195358 0.107325 0.00125185
4 0.360221 0.674143 0.17957 0.0861734 0.00103133
