5 0.206463 0.616781 0.211838 0.327669 0.89906
1 0.213371 0.366806 0.346139 0.245134 0.856186
10 0.411301 0.557318 0.53596 0.526309 0.838076
6 0.654805 0.650066 0.195274 0.244265 0.803864
10 0.361971 0.52212 0.374809 0.448312 0.00802662
5 0.237668 0.573744 0.282687 0.29789 0.0070405
5 0.268074 0.540777 0.326037 0.274501 0.00598891
1 0.20104 0.501633 0.300876 0.29149 0.00483591
5 0.295793 0.571728 0.356837 0.307788 0.00389625
10 0.319884 0.55645 0.373126 0.324985 0.00287033
10 0.395691 0.498461 0.246298 0.47522 0.00242994
5 0.230924 0.51678 0.317338 0.276661 0.00240091
10 0.430104 0.503676 0.167935 0.506358 0.00230346
10 0.299766 0.518981 0.304306 0.30451 0.00179263
10 0.476213 0.531713 0.154436 0.530663 0.00174101
