5 0.277974 0.687835 0.115232 0.2888 0.330512
4 0.186457 0.580583 0.0410777 0.100076 0.199271
4 0.178191 0.588014 0.0603366 0.109601 0.131671
4 0.16905 0.600325 0.0477064 0.0854562 0.123449
4 0.162639 0.589894 0.0436116 0.0856074 0.118153
4 0.156428 0.576895 0.029874 0.0998415 0.0446893
4 0.155743 0.589036 0.0353585 0.086495 0.0336196
4 0.193407 0.576792 0.0372895 0.0998267 0.020763
4 0.18994 0.565847 0.0378757 0.0951675 0.0158989
4 0.171613 0.612604 0.0528031 0.0854519 0.0152754
4 0.169539 0.550041 0.0362031 0.0900701 0.0148016
4 0.178903 0.557613 0.038852 0.0925398 0.0138653
4 0.16872 0.497322 0.0308984 0.115327 0.0129043
4 0.154333 0.599432 0.0473281 0.0754258 0.011806
4 0.172179 0.502045 0.0329524 0.0938803 0.0090598
11 0.0766983 0.681288 0.050633 0.0471125 0.00598451
5 0.685899 0.39544 0.0894924 0.0708015 0.00464006
4 0.156916 0.561657 0.0283863 0.094311 0.00420305
1 0.675387 0.254033 0.0932946 0.0943557 0.00406312
1 0.733229 0.285771 0.079367 0.0597176 0.00400341
1 0.345951 0.53912 0.0725787 0.124171 0.00342769
4 0.169353 0.468848 0.0329418 0.068359 0.0033056
4 0.164045 0.611747 0.0446884 0.0762179 0.00326367
1 0.683439 0.234513 0.0845347 0.0615897 0.00281471
4 0.129507 0.603849 0.0468455 0.0646922 0.00258995
5 0.80124 0.314335 0.0629345 0.0742593 0.00251536
5 0.805856 0.303712 0.067993 0.0712218 0.00242658
5 0.684481 0.393029 0.103525 0.0878624 0.00222568
1 0.352411 0.531159 0.0673561 0.0973095 0.00205734
1 0.736171 0.298255 0.0795868 0.0780821 0.0020477
1 0.758184 0.243856 0.0817862 0.0779506 0.00180753
1 0.690405 0.330609 0.102519 0.0576704 0.00171838
4 0.118326 0.604495 0.0303079 0.0603796 0.00168102
4 0.166556 0.482371 0.0356154 0.0920138 0.00162266
4 0.878693 0.628942 0.0258087 0.0989802 0.00156714
4 0.136921 0.608798 0.076639 0.0713045 0.00123004
1 0.451473 0.457078 0.0578077 0.0483528 0.00112534
11 0.0766212 0.671643 0.0525541 0.0466504 0.0011009
1 0.721072 0.299963 0.105357 0.0748059 0.00109852
4 0.170076 0.56119 0.0442692 0.144882 0.0010885
1 0.738306 0.260118 0.0768902 0.066853 0.00101893
