5 0.667054 0.640591 0.360515 0.311524 0.850543
1 0.35185 0.501472 0.18751 0.283003 0.305359
1 0.50203 0.65673 0.350766 0.288631 0.087085
1 0.575116 0.496117 0.154441 0.282586 0.0819845
1 0.378236 0.523036 0.22247 0.320843 0.0301821
1 0.634736 0.495969 0.277711 0.287245 0.0280228
1 0.412844 0.577126 0.257693 0.426749 0.0142461
1 0.522306 0.691192 0.342938 0.182363 0.00989694
1 0.445126 0.6309 0.238102 0.340359 0.00953006
5 0.566337 0.631967 0.481412 0.333229 0.00792216
1 0.519897 0.594707 0.426469 0.410864 0.00757526
1 0.425328 0.515174 0.333019 0.301189 0.00587142
5 0.394277 0.624156 0.124829 0.351071 0.00492767
1 0.423698 0.604606 0.182109 0.369634 0.00310604
5 0.631975 0.669616 0.275865 0.250323 0.00215895
1 0.551707 0.681879 0.271643 0.215811 0.00183022
1 0.478853 0.531241 0.354397 0.339215 0.00161852
5 0.543802 0.680345 0.230134 0.213832 0.0013543
5 0.675474 0.575436 0.280429 0.167228 0.00134493
5 0.398495 0.676356 0.10312 0.23463 0.00101222
