5 0.145913 0.502949 0.135271 0.558941 0.830814
5 0.327069 0.463406 0.415422 0.59624 0.730377
10 0.366477 0.450017 0.589924 0.526171 0.635794
10 0.442341 0.503119 0.673626 0.463922 0.45613
5 0.435512 0.528743 0.670404 0.491711 0.413291
6 0.366178 0.472188 0.465502 0.458754 0.298517
10 0.397394 0.43439 0.392078 0.517619 0.240184
5 0.145195 0.546168 0.117498 0.443812 0.236677
6 0.342546 0.353767 0.385795 0.382884 0.175113
6 0.393896 0.487479 0.53795 0.345567 0.142903
10 0.383862 0.416131 0.285594 0.491903 0.10676
10 0.149975 0.500215 0.139492 0.579114 0.10619
5 0.364305 0.414612 0.355937 0.505265 0.0883591
6 0.226649 0.546192 0.363801 0.379465 0.08823
10 0.0860472 0.549778 0.108308 0.368827 0.0807427
10 0.487008 0.439257 0.588037 0.387368 0.0385545
10 0.439627 0.503633 0.599755 0.325544 0.0127103
6 0.184318 0.549388 0.230932 0.431027 0.00764311
10 0.140367 0.564942 0.161448 0.448043 0.00390537
10 0.314874 0.499468 0.460051 0.573568 0.00386668
6 0.263047 0.599847 0.202182 0.210071 0.00274454
6 0.370293 0.517859 0.25513 0.148331 0.00265448
6 0.296254 0.532422 0.49064 0.408844 0.0025669
10 0.319257 0.426975 0.353173 0.516272 0.00224514
5 0.125872 0.550652 0.163266 0.379564 0.00209725
6 0.33406 0.369436 0.258686 0.197068 0.0019939
10 0.744334 0.431081 0.152502 0.326568 0.00192938
6 0.190818 0.608602 0.303532 0.17644 0.00167136
6 0.309808 0.353556 0.252327 0.15799 0.00161954
6 0.323003 0.410727 0.393454 0.415022 0.00154688
5 0.334916 0.527724 0.489629 0.522697 0.00148082
6 0.084085 0.55334 0.10659 0.370841 0.00122328
6 0.370425 0.320959 0.232662 0.315284 0.00108417
10 0.0886398 0.637765 0.0819816 0.172672 0.00105792
10 0.461999 0.416769 0.386623 0.438624 0.00105684
6 0.369875 0.351377 0.262186 0.217741 0.00103978
