1 0.66703 0.833866 0.210886 0.131553 0.360455
1 0.756405 0.827028 0.188836 0.148143 0.313648
1 0.736261 0.790874 0.259572 0.139609 0.090425
1 0.65483 0.809434 0.164122 0.0876111 0.0900551
1 0.737326 0.832385 0.158919 0.116108 0.0602672
1 0.787948 0.751842 0.206835 0.107845 0.0575162
1 0.680009 0.80813 0.193911 0.101655 0.0519472
5 0.798304 0.770269 0.190993 0.0975515 0.0498908
1 0.719947 0.820474 0.203863 0.115389 0.0443464
1 0.798921 0.765431 0.186263 0.100505 0.0430443
1 0.786751 0.835021 0.178687 0.0897803 0.0386465
1 0.830937 0.741636 0.14431 0.0802831 0.0310935
1 0.759992 0.79809 0.204349 0.107847 0.0307809
1 0.780786 0.822612 0.20017 0.0908658 0.027908
1 0.771487 0.772599 0.178363 0.112027 0.0275472
1 0.673858 0.777728 0.12776 0.0791807 0.0257804
1 0.759748 0.839556 0.145606 0.101608 0.0173194
1 0.818025 0.750467 0.156471 0.0732187 0.0135741
1 0.706286 0.834986 0.200638 0.094461 0.0135326
1 0.686211 0.783189 0.16311 0.0928151 0.0123294
5 0.805375 0.77364 0.177531 0.0685825 0.0121632
1 0.706238 0.792465 0.20991 0.115212 0.0118421
1 0.812916 0.781849 0.168107 0.0708427 0.0117624
1 0.820522 0.766695 0.144217 0.0414629 0.0114532
1 0.822949 0.759657 0.138539 0.0457205 0.0100083
5 0.815685 0.840012 0.100834 0.0758678 0.00967918
1 0.813195 0.751086 0.17184 0.0965671 0.00928965
5 0.825913 0.743219 0.14151 0.0847929 0.00904592
1 0.789414 0.813439 0.193726 0.13717 0.00735882
5 0.816793 0.785588 0.170399 0.0683834 0.00731684
1 0.757893 0.806502 0.23625 0.154451 0.0069494
1 0.766608 0.723904 0.244461 0.116341 0.00667869
1 0.806218 0.839258 0.121978 0.0805729 0.00576241
1 0.758278 0.762311 0.256735 0.171244 0.00457525
4 0.835512 0.759479 0.111439 0.0386879 0.00428322
1 0.787138 0.735317 0.228285 0.0937204 0.00418428
1 0.762299 0.752683 0.147711 0.0997241 0.00392545
1 0.742126 0.785828 0.1847 0.0962423 0.00366053
1 0.806124 0.827373 0.173279 0.10435 0.0031183
5 0.636804 0.816332 0.154838 0.0711737 0.00274277
1 0.682487 0.822421 0.210072 0.0974083 0.00262176
1 0.798834 0.787395 0.218456 0.0960666 0.00249067
5 0.810752 0.80167 0.182476 0.0987331 0.00241006
5 0.786792 0.87485 0.106858 0.0708346 0.00234959
1 0.689422 0.841647 0.149088 0.0956338 0.0022213
1 0.709214 0.803055 0.233504 0.151237 0.00218481
1 0.839203 0.744732 0.1199 0.0578951 0.0021574
5 0.83962 0.789676 0.117812 0.0539654 0.00207243
5 0.789707 0.754052 0.177947 0.0997259 0.00182865
1 0.784304 0.856273 0.123608 0.101369 0.00134075
1 0.780234 0.779237 0.224775 0.142471 0.00127558
1 0.664101 0.78966 0.147387 0.0849527 0.00127295
1 0.832301 0.783436 0.125036 0.053669 0.00125152
1 0.779259 0.8694 0.125453 0.0781572 0.00124563
5 0.66734 0.767503 0.110318 0.057673 0.0011155
