1 0.367756 0.814852 0.233455 0.157424 0.825559
5 0.830078 0.753902 0.171366 0.252296 0.481916
1 0.691961 0.665575 0.137811 0.147436 0.416494
1 0.830315 0.753245 0.168669 0.246005 0.0735916
5 0.863405 0.691479 0.0906128 0.119953 0.00841106
5 0.85987 0.702774 0.106652 0.148938 0.00573519
1 0.824785 0.735504 0.132661 0.134843 0.00553782
5 0.832022 0.644258 0.107084 0.142309 0.00354109
1 0.834689 0.645316 0.107052 0.142065 0.00315388
1 0.827111 0.664196 0.0990535 0.0970498 0.00291165
5 0.845561 0.734483 0.138004 0.214073 0.0022619
5 0.363826 0.788613 0.187368 0.0653944 0.00221147
1 0.836369 0.720426 0.143629 0.124264 0.00121264
