1 0.430286 0.806501 0.065766 0.152925 0.701968
4 0.869126 0.523585 0.0463112 0.136928 0.0729016
4 0.869802 0.583979 0.0349888 0.094004 0.0382326
4 0.871494 0.609242 0.0367373 0.0809417 0.0317813
4 0.161172 0.454202 0.0584401 0.0956205 0.029353
4 0.235108 0.544196 0.0585426 0.0695737 0.028183
4 0.236786 0.532487 0.0617473 0.0633174 0.022407
1 0.419873 0.794629 0.0617959 0.131722 0.0214531
4 0.232258 0.630001 0.0477738 0.104247 0.021453
1 0.237385 0.538489 0.0607434 0.0650132 0.0205142
4 0.811255 0.539184 0.0502052 0.0789755 0.0195369
4 0.187757 0.611738 0.0751728 0.0786713 0.0121451
4 0.865964 0.576197 0.0365318 0.0931005 0.010771
1 0.235089 0.528631 0.0601914 0.0702301 0.0105958
1 0.164548 0.451831 0.0609574 0.090551 0.0101951
4 0.168763 0.461988 0.0627733 0.0844662 0.00997092
4 0.198605 0.634561 0.0477866 0.101919 0.00894432
4 0.227564 0.582355 0.0451939 0.0903057 0.00839558
4 0.81273 0.553998 0.0514855 0.0540513 0.00789565
4 0.22861 0.609324 0.0464302 0.0975784 0.00787586
4 0.8726 0.499626 0.0488907 0.0927789 0.00768866
1 0.417571 0.773827 0.065767 0.129812 0.00702786
4 0.540929 0.624125 0.0461817 0.0809356 0.0052406
4 0.874765 0.467899 0.0443342 0.130692 0.00421723
1 0.955788 0.438864 0.028821 0.14582 0.00392644
4 0.22945 0.563107 0.0494247 0.08729 0.00387087
4 0.20085 0.64426 0.038961 0.0892061 0.00380807
4 0.648488 0.698312 0.0375121 0.0816592 0.00344154
1 0.233719 0.55315 0.0558416 0.0709456 0.00331914
4 0.203085 0.611907 0.066945 0.0775355 0.00331462
4 0.807679 0.52857 0.0396727 0.0809238 0.00328533
5 0.52769 0.715707 0.0600086 0.0412436 0.00299608
4 0.226287 0.640952 0.0587203 0.104634 0.00277282
4 0.209353 0.644315 0.0536471 0.0926461 0.00249863
4 0.210825 0.594948 0.0593067 0.0764899 0.0023754
1 0.161365 0.440795 0.050569 0.084665 0.00226958
1 0.435014 0.712782 0.0385572 0.072179 0.0022325
4 0.17657 0.46898 0.0650941 0.075267 0.00221836
5 0.43123 0.761038 0.0540226 0.129173 0.00217812
5 0.955194 0.443709 0.0350668 0.151984 0.00217042
5 0.43588 0.714734 0.0408207 0.0770358 0.00213925
4 0.190812 0.641394 0.0528183 0.097201 0.00191276
4 0.64824 0.6827 0.0315058 0.075226 0.00189744
5 0.409414 0.784646 0.072789 0.109773 0.00178634
4 0.875892 0.442535 0.0458999 0.141475 0.00176452
4 0.178364 0.599577 0.0696043 0.0686542 0.00154747
1 0.407495 0.792377 0.0704243 0.104353 0.00154716
4 0.432022 0.708251 0.0378013 0.0720645 0.00139269
4 0.653964 0.705409 0.0421142 0.0682277 0.00138042
4 0.546587 0.619575 0.0474304 0.0705287 0.00128507
4 0.53567 0.634158 0.0505427 0.0912118 0.00125183
4 0.812038 0.522715 0.0389067 0.0761338 0.00124103
1 0.428099 0.714313 0.0459115 0.0721341 0.00120951
1 0.243385 0.545107 0.0697854 0.0697443 0.00118582
4 0.879606 0.600117 0.0425655 0.0774955 0.00102778
1 0.421551 0.720209 0.0569021 0.0778793 0.00102491
