10 0.291134 0.50489 0.505706 0.458002 0.941531
6 0.188844 0.683812 0.109726 0.195189 0.833089
10 0.220099 0.449077 0.347929 0.294429 0.801217
6 0.0980635 0.712356 0.0398091 0.212942 0.732352
10 0.282607 0.377881 0.354523 0.210811 0.707791
10 0.220809 0.387542 0.338945 0.198713 0.0106431
10 0.301111 0.555467 0.405778 0.346389 0.00629359
10 0.232408 0.460846 0.326476 0.215699 0.00422483
10 0.272501 0.307391 0.372461 0.173941 0.0032728
10 0.236371 0.510722 0.363283 0.333147 0.00315989
10 0.214726 0.363218 0.263704 0.0814942 0.00277843
6 0.227586 0.703164 0.0930473 0.161968 0.00139835
6 0.231852 0.741422 0.139491 0.18521 0.00109314
