5 0.778252 0.774078 0.249603 0.179681 0.710223
5 0.850734 0.784065 0.100933 0.146741 0.628791
5 0.840462 0.810665 0.0792396 0.0880683 0.0598251
5 0.843648 0.796658 0.0863874 0.11969 0.0450781
5 0.841044 0.845585 0.0691932 0.0722347 0.0148444
5 0.845545 0.860121 0.0641312 0.0899641 0.0133885
5 0.828538 0.841644 0.0848528 0.0731834 0.00990155
5 0.806238 0.840399 0.120354 0.0729399 0.00703939
5 0.835724 0.825496 0.0728918 0.0744915 0.00450336
1 0.82264 0.820907 0.0961623 0.0760076 0.0040433
1 0.852961 0.802316 0.104668 0.109404 0.00308298
5 0.73561 0.821275 0.10445 0.0679743 0.00276739
1 0.798244 0.845008 0.132789 0.0829138 0.00249014
5 0.846338 0.87387 0.0594162 0.130473 0.00238479
1 0.842069 0.777789 0.0879022 0.141266 0.00192053
5 0.833164 0.853241 0.0796615 0.0821031 0.00183979
1 0.759136 0.849189 0.10212 0.0827576 0.00183658
5 0.732868 0.834755 0.0843624 0.0526545 0.00181297
1 0.826092 0.798826 0.0941773 0.112365 0.0011393
5 0.848942 0.757311 0.106802 0.123487 0.00105611
