6 0.156996 0.747628 0.30152 0.286218 0.82993
10 0.500726 0.538359 0.678198 0.326134 0.817271
5 0.323269 0.875427 0.423557 0.187653 0.663338
10 0.420102 0.868124 0.61938 0.181805 0.133708
10 0.662259 0.716775 0.514234 0.338128 0.126027
5 0.301299 0.856952 0.391192 0.144757 0.111366
10 0.470645 0.913755 0.552982 0.0893376 0.11129
10 0.432297 0.884097 0.599083 0.13021 0.0771986
10 0.475372 0.904289 0.514853 0.0667514 0.0460641
10 0.661097 0.656046 0.472642 0.207509 0.0390123
5 0.46334 0.856938 0.558665 0.0947877 0.0365565
10 0.298994 0.853031 0.402435 0.132014 0.0326519
6 0.323309 0.871376 0.370013 0.169146 0.0195331
6 0.340042 0.872887 0.290719 0.10825 0.0167689
5 0.433623 0.873406 0.513401 0.144077 0.0165488
5 0.489921 0.900851 0.567723 0.0888209 0.014516
10 0.50897 0.762716 0.611 0.326007 0.0136231
10 0.479476 0.861604 0.522596 0.0697724 0.0126471
5 0.23605 0.910044 0.308592 0.107461 0.0084236
10 0.347125 0.878346 0.477681 0.174402 0.00778614
5 0.385951 0.891033 0.514963 0.137247 0.00731472
1 0.73684 0.725968 0.399766 0.263371 0.00668096
10 0.554969 0.874067 0.454136 0.116798 0.00645
10 0.486023 0.929395 0.593005 0.106014 0.00607419
1 0.308813 0.888007 0.432922 0.161128 0.00447119
5 0.506537 0.915457 0.579598 0.0948731 0.0040244
10 0.274387 0.859414 0.332326 0.0852449 0.00362859
10 0.488803 0.83978 0.543696 0.0586914 0.00310523
10 0.428807 0.825083 0.64932 0.249868 0.00204507
10 0.29951 0.82993 0.431237 0.151485 0.00178369
10 0.679129 0.661013 0.441018 0.28315 0.00172726
5 0.499384 0.929969 0.621248 0.103248 0.00168115
10 0.409416 0.786862 0.274687 0.0797073 0.00159473
10 0.430441 0.766837 0.315173 0.0774551 0.00150254
10 0.642866 0.62176 0.432208 0.22199 0.00142175
10 0.728978 0.690807 0.403424 0.224569 0.00141831
5 0.386878 0.93169 0.60479 0.0755329 0.00106289
5 0.506853 0.828001 0.473932 0.0762761 0.00104254
5 0.513336 0.782455 0.437064 0.080756 0.00103678
