1 0.36572 0.563331 0.0694196 0.318974 0.107488
10 0.718727 0.284382 0.0512556 0.213929 0.0685939
10 0.691796 0.540651 0.141736 0.758606 0.0443909
10 0.721518 0.363134 0.0526302 0.374192 0.0313546
11 0.603347 0.430995 0.0353159 0.12831 0.0140679
10 0.712144 0.451358 0.0766369 0.55682 0.00889398
4 0.613123 0.786201 0.028351 0.107041 0.00668892
4 0.180042 0.734929 0.0937209 0.0810847 0.00498247
4 0.616948 0.790476 0.0244335 0.0975485 0.00442814
10 0.697908 0.488881 0.107068 0.647614 0.00271724
11 0.624102 0.596539 0.0361198 0.0943838 0.00260197
11 0.616031 0.802384 0.0255963 0.0984034 0.00212072
11 0.61424 0.808294 0.0334111 0.10035 0.0014617
3 0.268727 0.17131 0.295259 0.296156 0.00131047
2 0.903046 0.574334 0.193909 0.851333 0.00117046
4 0.587061 0.541767 0.022342 0.109839 0.00111438
2 0.860345 0.561377 0.27931 0.832892 0.00110586
10 0.608032 0.778552 0.03981 0.108243 0.00108015
