4 0.673239 0.496576 0.185723 0.210177 0.321027
10 0.664487 0.669744 0.196093 0.1007 0.196884
4 0.658874 0.670841 0.209668 0.107288 0.11249
4 0.169535 0.892039 0.0893587 0.0572147 0.0973379
10 0.741825 0.85474 0.215588 0.0935573 0.0132088
4 0.171149 0.901551 0.0846764 0.0614979 0.00860147
4 0.169579 0.906577 0.0924225 0.0933802 0.00409977
1 0.125585 0.818631 0.0471808 0.159164 0.00397419
4 0.126707 0.807264 0.0515638 0.156911 0.00327314
4 0.194871 0.871107 0.138181 0.0943629 0.0027299
4 0.186378 0.886932 0.121764 0.0664419 0.00246787
4 0.146767 0.835679 0.0613833 0.16583 0.00176766
4 0.71938 0.460354 0.0953988 0.137051 0.00173746
4 0.157414 0.876379 0.0799131 0.0841529 0.00100399
