1 0.307931 0.331947 0.418243 0.159167 0.703872
1 0.383379 0.815178 0.380287 0.162638 0.176068
5 0.61646 0.768054 0.231389 0.19361 0.0394186
1 0.477162 0.752091 0.306643 0.165902 0.0158536
1 0.625926 0.764948 0.220529 0.182573 0.0140296
1 0.424644 0.755541 0.332155 0.162982 0.00935545
1 0.349276 0.814473 0.325525 0.137798 0.00289799
1 0.38562 0.776942 0.355981 0.130801 0.00274954
1 0.589034 0.785135 0.175164 0.137183 0.00269849
1 0.420203 0.77333 0.405484 0.200521 0.00242727
5 0.472793 0.84738 0.194245 0.0739014 0.00234278
1 0.508529 0.736812 0.294607 0.165859 0.00191073
5 0.312513 0.314664 0.33474 0.0757777 0.00181807
5 0.520033 0.849458 0.124682 0.0543055 0.00115643
1 0.525743 0.759729 0.415252 0.210556 0.00111716
5 0.544381 0.841953 0.113777 0.0557126 0.00109776
1 0.581476 0.759769 0.223936 0.17748 0.00104754
1 0.350271 0.31358 0.289034 0.0941871 0.00101485
1 0.644159 0.739519 0.162284 0.120871 0.00100314
