1 0.288388 0.269106 0.084065 0.20074 0.758777
1 0.199538 0.45224 0.156665 0.143936 0.264072
4 0.200441 0.44858 0.158539 0.147157 0.0434919
1 0.849386 0.353543 0.110676 0.105172 0.00731153
1 0.804081 0.371845 0.0834084 0.0785045 0.00622941
1 0.192964 0.437186 0.137817 0.117492 0.0046944
1 0.834476 0.361029 0.105667 0.0890369 0.00432346
4 0.253919 0.41762 0.163328 0.176848 0.00421012
1 0.816382 0.37566 0.0745306 0.0698447 0.00348871
1 0.823274 0.369057 0.0901849 0.0737307 0.00347112
1 0.839601 0.379517 0.0946219 0.0612689 0.00336577
5 0.860331 0.372244 0.0938694 0.0640579 0.0032245
1 0.292861 0.279797 0.0616415 0.169795 0.00197822
1 0.274621 0.231982 0.081235 0.124706 0.00169936
1 0.836796 0.350279 0.131866 0.128121 0.00162888
4 0.220202 0.437433 0.196798 0.163527 0.00146767
1 0.812265 0.360588 0.129221 0.127008 0.00124346
1 0.839156 0.341374 0.100314 0.126024 0.00113085
