1 0.632441 0.605496 0.0847789 0.233007 0.67383
1 0.715087 0.667396 0.261979 0.263557 0.56192
5 0.754677 0.777102 0.114437 0.202583 0.0557634
1 0.756385 0.774724 0.12804 0.211451 0.0135412
1 0.688716 0.717766 0.149903 0.19321 0.0104798
5 0.764943 0.575446 0.101635 0.183853 0.007074
5 0.680216 0.735724 0.175141 0.163209 0.00706711
1 0.629944 0.64336 0.0869257 0.17662 0.00701562
1 0.698131 0.708476 0.194207 0.214657 0.00644305
1 0.740178 0.759086 0.12669 0.212823 0.0058527
1 0.678559 0.686878 0.191331 0.252126 0.00537586
5 0.750046 0.784167 0.0784857 0.193865 0.00416542
1 0.727582 0.576249 0.15213 0.19941 0.00376543
5 0.773151 0.596425 0.143855 0.131124 0.00368092
1 0.659863 0.693383 0.139436 0.211129 0.00365356
1 0.708137 0.632467 0.273117 0.185034 0.00307636
5 0.677161 0.726638 0.105676 0.165365 0.00279938
5 0.744164 0.584527 0.155799 0.199301 0.00268419
1 0.727793 0.595992 0.213836 0.181008 0.00258138
1 0.632013 0.678629 0.112766 0.194258 0.00228904
1 0.73643 0.758511 0.202368 0.249228 0.00224977
1 0.784356 0.542244 0.149688 0.125847 0.00224869
5 0.772813 0.559577 0.127893 0.162516 0.00211856
5 0.778194 0.618223 0.128912 0.0924551 0.00204212
1 0.753547 0.568336 0.0961678 0.176481 0.00190418
5 0.769145 0.581078 0.149179 0.194603 0.00190307
5 0.728602 0.605409 0.241236 0.168786 0.00146055
1 0.705262 0.741276 0.179488 0.15247 0.0012051
5 0.759096 0.701575 0.131219 0.161717 0.00117075
5 0.667836 0.708781 0.0827549 0.223257 0.00115701
1 0.659622 0.649283 0.202106 0.164764 0.00100629
