6 0.5971 0.824566 0.223257 0.190034 0.753354
6 0.551018 0.715391 0.141118 0.30972 0.624354
6 0.153563 0.246857 0.189737 0.426611 0.0764507
6 0.606296 0.804981 0.200262 0.145848 0.0238842
6 0.558268 0.821077 0.141935 0.0951573 0.0133498
5 0.560196 0.811542 0.155935 0.112914 0.00934157
6 0.566144 0.735516 0.1099 0.272698 0.00719056
6 0.294632 0.659041 0.336969 0.264338 0.00605686
6 0.576435 0.813837 0.190524 0.107173 0.00425244
6 0.556129 0.660121 0.128037 0.146005 0.00369255
6 0.558952 0.701055 0.124881 0.212563 0.00128436
5 0.528284 0.677037 0.178137 0.113412 0.00127027
5 0.387764 0.78325 0.167576 0.0896974 0.00100487
