1 0.315685 0.716309 0.271262 0.151057 0.556493
5 0.582045 0.762184 0.20377 0.0877869 0.0329289
1 0.532942 0.737905 0.30995 0.163659 0.0257293
5 0.560371 0.763178 0.264192 0.131947 0.0203115
5 0.610607 0.787997 0.172169 0.075293 0.0101106
5 0.584881 0.785053 0.237167 0.129529 0.00853368
5 0.598975 0.776061 0.197763 0.0912297 0.00838632
5 0.53376 0.748933 0.307956 0.144353 0.00732611
5 0.636435 0.793532 0.176222 0.0704059 0.00350268
1 0.527263 0.717627 0.365281 0.234519 0.00338278
5 0.303476 0.642543 0.090784 0.240156 0.00323368
5 0.608309 0.808326 0.177425 0.0822657 0.00280163
1 0.553747 0.742249 0.223103 0.0976234 0.00266654
1 0.604151 0.772278 0.208955 0.0918466 0.00238208
5 0.627945 0.81907 0.157429 0.0793058 0.00219182
1 0.54662 0.698071 0.276135 0.192249 0.00210038
1 0.37361 0.700192 0.240879 0.10004 0.00172152
5 0.644173 0.804994 0.170126 0.0796765 0.00158415
5 0.561667 0.75328 0.216758 0.0913365 0.00144039
5 0.519594 0.75896 0.386856 0.190055 0.00137891
1 0.619548 0.78312 0.198013 0.0830825 0.00129244
5 0.473532 0.764185 0.208033 0.0774017 0.00119013
5 0.452576 0.748363 0.249448 0.0768091 0.00115027
1 0.463235 0.720296 0.413265 0.155094 0.00114513
