5 0.479373 0.688062 0.617234 0.623876 0.818409
5 0.216447 0.350298 0.226388 0.488177 0.743247
6 0.242559 0.535683 0.32664 0.305694 0.717031
4 0.415835 0.205054 0.40268 0.253996 0.60227
10 0.336406 0.421665 0.149972 0.60888 0.516706
10 0.25006 0.588974 0.253478 0.340227 0.278408
10 0.443249 0.214278 0.318187 0.204556 0.262504
10 0.27696 0.530928 0.213045 0.456157 0.166201
10 0.308557 0.425869 0.188939 0.627441 0.126429
10 0.233049 0.417367 0.228134 0.625004 0.10409
5 0.318683 0.454832 0.200284 0.563263 0.0565638
10 0.229217 0.637701 0.291916 0.248837 0.0451354
5 0.344276 0.419143 0.172871 0.587434 0.030312
6 0.296511 0.553196 0.251355 0.372929 0.0153019
10 0.320905 0.494801 0.251628 0.496076 0.00763547
4 0.380698 0.268108 0.44215 0.337109 0.00716721
10 0.435281 0.197599 0.381106 0.269509 0.00600215
5 0.68538 0.964732 0.629241 0.0705352 0.0039904
10 0.221699 0.316497 0.133821 0.377178 0.00393577
10 0.31793 0.556953 0.225827 0.434777 0.00359605
4 0.403199 0.214706 0.459997 0.350601 0.00328237
4 0.308338 0.388711 0.148131 0.531629 0.00302762
6 0.338362 0.53127 0.16688 0.406617 0.00296859
10 0.368883 0.445598 0.300087 0.524604 0.00294926
10 0.227609 0.285377 0.107133 0.328029 0.00279954
10 0.294581 0.418827 0.122237 0.606028 0.00279519
5 0.676467 0.932546 0.646896 0.134908 0.00260735
5 0.358062 0.515187 0.277585 0.487482 0.00214692
10 0.2921 0.566776 0.313154 0.3193 0.00203211
10 0.560212 0.747126 0.415715 0.416858 0.00171751
6 0.308356 0.511414 0.313153 0.278053 0.00148892
5 0.773408 0.923535 0.451346 0.15293 0.00132864
5 0.233883 0.27462 0.187189 0.329191 0.00130932
5 0.875976 0.954621 0.248048 0.0907573 0.00113192
6 0.255506 0.520557 0.31141 0.225717 0.00108804
