6 0.719737 0.645712 0.278568 0.188971 0.772679
11 0.106925 0.186773 0.0404108 0.101922 0.00672804
11 0.11413 0.189418 0.0376533 0.101345 0.00429827
6 0.513917 0.586459 0.269113 0.113607 0.00234854
11 0.249731 0.379032 0.0857766 0.122678 0.00225501
11 0.122314 0.189226 0.0422907 0.103542 0.00196013
11 0.0944198 0.186941 0.0438145 0.0998793 0.00177018
6 0.477871 0.564875 0.194684 0.064028 0.00154689
6 0.508414 0.54884 0.252217 0.107299 0.00133419
11 0.0600643 0.165273 0.0233301 0.0557505 0.00116251
6 0.423825 0.980344 0.228628 0.0393114 0.00104846
