1 0.403789 0.603854 0.151178 0.333848 0.764058
5 0.421826 0.623584 0.104604 0.353472 0.0774334
1 0.414781 0.673566 0.0776264 0.209605 0.0380556
5 0.428081 0.646949 0.0781264 0.323224 0.0174839
1 0.415534 0.710013 0.0998434 0.228664 0.00813137
1 0.400418 0.651996 0.0985471 0.214953 0.00600366
1 0.406885 0.72729 0.107017 0.179883 0.00346518
1 0.431542 0.691428 0.0664051 0.243096 0.00312502
1 0.433352 0.728911 0.0586518 0.18012 0.00287092
5 0.409666 0.541659 0.105898 0.198137 0.00206639
5 0.433812 0.684699 0.0550413 0.259758 0.00169654
5 0.420789 0.563493 0.103493 0.219892 0.00134823
