5 0.264407 0.749492 0.136523 0.155304 0.783365
1 0.26757 0.768046 0.154014 0.142726 0.0351035
5 0.271297 0.767949 0.1221 0.117916 0.0214061
1 0.259898 0.748494 0.134687 0.15002 0.0129712
5 0.26924 0.771401 0.181169 0.118484 0.00540369
1 0.229916 0.744366 0.121341 0.126447 0.00383046
5 0.304899 0.774002 0.149199 0.112408 0.00215619
1 0.287445 0.758008 0.135949 0.135857 0.00208485
5 0.299633 0.76942 0.0861727 0.117565 0.00203493
5 0.288452 0.755831 0.132991 0.148484 0.00201791
5 0.247331 0.739475 0.114792 0.130558 0.00196552
1 0.237791 0.774495 0.133054 0.133519 0.00186612
5 0.318913 0.785169 0.117111 0.101904 0.00162193
5 0.22663 0.794835 0.130447 0.104543 0.00147669
5 0.360989 0.844603 0.0968777 0.0943239 0.00120211
