1 0.731078 0.455901 0.207624 0.0581541 0.452954
1 0.767386 0.460449 0.289748 0.065222 0.346364
1 0.731495 0.502875 0.19391 0.0532771 0.167257
1 0.776506 0.486546 0.284644 0.0458162 0.0721298
1 0.731643 0.502407 0.146925 0.0476085 0.0391103
1 0.72888 0.443342 0.203604 0.0420454 0.0223201
1 0.770832 0.453521 0.301569 0.100503 0.020776
1 0.732376 0.474996 0.200955 0.0628315 0.00951545
1 0.719936 0.463761 0.189352 0.0408193 0.00835077
1 0.738287 0.464215 0.210468 0.0537261 0.00800285
5 0.632812 0.509416 0.140589 0.0473774 0.00774769
1 0.739815 0.488358 0.207252 0.0414165 0.00653367
1 0.635678 0.509108 0.136344 0.0459917 0.00305185
1 0.77601 0.508771 0.263791 0.071848 0.00304219
5 0.703918 0.468031 0.167507 0.0339817 0.00235822
4 0.471193 0.889023 0.0919138 0.0377058 0.00147891
5 0.811355 0.457984 0.218476 0.0729655 0.00145937
1 0.706089 0.507349 0.149646 0.0481832 0.00139479
1 0.751763 0.494403 0.20765 0.0621142 0.00136542
4 0.666004 0.508111 0.0811088 0.0454158 0.00128019
1 0.667934 0.507948 0.076451 0.0459997 0.00119218
1 0.763887 0.474008 0.243139 0.0539503 0.00108051
