5 0.222164 0.804582 0.280046 0.0874996 0.817917
1 0.166163 0.684553 0.101982 0.14108 0.259745
1 0.683425 0.212136 0.206853 0.184402 0.188944
1 0.721527 0.219202 0.14096 0.159339 0.182051
1 0.174458 0.667115 0.12781 0.174027 0.084904
1 0.883484 0.283632 0.0895519 0.117897 0.0758609
1 0.877851 0.265271 0.0836542 0.123676 0.0603548
1 0.740957 0.298136 0.118542 0.157594 0.0440475
5 0.103959 0.670264 0.0723422 0.139017 0.0287686
1 0.865225 0.264474 0.0538356 0.1239 0.0245996
1 0.109802 0.665427 0.0949417 0.150283 0.0215644
1 0.89367 0.291412 0.0734833 0.110816 0.0182115
5 0.109801 0.730364 0.0543781 0.169866 0.017274
1 0.72703 0.28393 0.144101 0.134175 0.0121664
1 0.911951 0.293332 0.0833946 0.103732 0.00972466
1 0.187483 0.629625 0.136879 0.181585 0.00905402
1 0.137725 0.668342 0.129014 0.158942 0.00733035
1 0.684754 0.207525 0.158377 0.141932 0.00711698
1 0.887234 0.28107 0.0673167 0.0998433 0.00531925
1 0.85909 0.257864 0.0408374 0.130966 0.00522087
5 0.119942 0.736203 0.0846143 0.159554 0.00520969
1 0.741699 0.249401 0.108677 0.10355 0.00427729
5 0.10858 0.649561 0.0915695 0.103021 0.00401492
5 0.254099 0.812482 0.210075 0.0678478 0.00381046
5 0.114235 0.713234 0.121145 0.200674 0.00339747
1 0.833998 0.260822 0.0903845 0.127218 0.00316881
1 0.109869 0.646658 0.104905 0.120001 0.00303913
1 0.747944 0.227513 0.112995 0.13791 0.00298591
1 0.178158 0.700018 0.131047 0.136366 0.00268214
1 0.663253 0.236645 0.229074 0.229896 0.00239533
5 0.111862 0.679167 0.0844632 0.176081 0.00227011
5 0.115102 0.709968 0.0855719 0.210707 0.00225956
1 0.729678 0.262729 0.130565 0.098418 0.00221333
1 0.858358 0.271053 0.0366519 0.102065 0.00188522
1 0.761982 0.288241 0.136192 0.159123 0.0018585
1 0.918953 0.302685 0.073622 0.0829085 0.00178042
1 0.157876 0.706819 0.0927554 0.126801 0.00177404
1 0.719427 0.244706 0.147651 0.137041 0.00169139
1 0.123931 0.73 0.0905287 0.165392 0.00168067
1 0.885661 0.295048 0.107569 0.118563 0.00167269
1 0.774535 0.257015 0.165729 0.148892 0.00155499
1 0.134244 0.678251 0.100143 0.145466 0.0015538
1 0.146282 0.648049 0.119491 0.120638 0.0014605
5 0.105781 0.631408 0.096821 0.0793254 0.00143229
1 0.848154 0.272564 0.102282 0.135193 0.00140229
1 0.761683 0.287728 0.176088 0.132801 0.00126761
5 0.131327 0.67723 0.130389 0.18532 0.00117032
5 0.922468 0.302291 0.0683873 0.0845944 0.00115627
1 0.902975 0.283377 0.0807168 0.0997208 0.00109056
1 0.165205 0.653612 0.0969698 0.120215 0.00107559
5 0.244116 0.802744 0.239781 0.0561429 0.00100565
