1 0.288215 0.747337 0.197804 0.194145 0.685903
1 0.267204 0.744083 0.106218 0.164249 0.0409581
1 0.229579 0.740492 0.142939 0.242355 0.0194222
1 0.272075 0.718733 0.0929941 0.157983 0.00725335
1 0.265997 0.753792 0.138546 0.17355 0.00594487
1 0.24576 0.739504 0.120069 0.157976 0.00577113
1 0.216774 0.751731 0.113748 0.212052 0.00551883
1 0.21235 0.739157 0.0852301 0.158958 0.00335305
1 0.466527 0.86852 0.286881 0.128631 0.00316767
1 0.296016 0.733872 0.169793 0.15791 0.00269964
1 0.249584 0.780557 0.163924 0.172481 0.00242391
1 0.269665 0.741362 0.185989 0.241348 0.00230168
5 0.218394 0.719738 0.0803445 0.15921 0.00181474
1 0.243858 0.789245 0.143409 0.132101 0.00103327
1 0.190649 0.740792 0.16264 0.214941 0.0010223
1 0.240928 0.762909 0.133131 0.162798 0.00100369
