10 0.431044 0.610863 0.455692 0.370281 0.854386
5 0.736271 0.523444 0.264104 0.467737 0.751828
5 0.786704 0.653001 0.355406 0.300769 0.535603
6 0.853976 0.62458 0.233532 0.253807 0.384918
1 0.786425 0.693547 0.33741 0.250843 0.192369
5 0.780171 0.581719 0.352705 0.398082 0.100944
10 0.780468 0.532419 0.329626 0.459517 0.0667203
10 0.779587 0.642497 0.343455 0.288857 0.0619045
6 0.845527 0.605439 0.179762 0.190863 0.0203611
6 0.850908 0.638793 0.165056 0.296811 0.0185129
6 0.813206 0.671726 0.293994 0.283932 0.0184442
10 0.778142 0.481825 0.237014 0.407881 0.0150048
10 0.752159 0.606982 0.309108 0.162178 0.00754842
6 0.819463 0.606048 0.248869 0.270654 0.00595966
10 0.832754 0.661161 0.229046 0.278222 0.00572678
1 0.774863 0.739355 0.283822 0.163391 0.00551698
6 0.846758 0.627236 0.229982 0.174549 0.00437253
6 0.870953 0.706027 0.182607 0.194933 0.00376329
10 0.77194 0.584871 0.310523 0.186156 0.00361559
6 0.80904 0.616111 0.328871 0.195543 0.00291274
10 0.740322 0.637302 0.295408 0.202361 0.00284298
10 0.792983 0.588096 0.357954 0.340167 0.00260303
10 0.876765 0.700113 0.18851 0.1945 0.00258062
1 0.803888 0.663425 0.392224 0.308648 0.00256472
10 0.746881 0.461168 0.235317 0.348381 0.00196223
10 0.829287 0.620024 0.16823 0.25131 0.00195257
10 0.729336 0.589131 0.248832 0.139805 0.00170174
10 0.799908 0.460212 0.355829 0.535215 0.0016324
10 0.769022 0.670728 0.3287 0.152356 0.00157344
10 0.857237 0.635114 0.173968 0.307734 0.00152673
6 0.78225 0.626594 0.326845 0.158319 0.00142166
10 0.771238 0.567388 0.26675 0.240096 0.00127254
6 0.837473 0.673968 0.219932 0.254824 0.00124228
