4 0.726124 0.343469 0.0664416 0.0501299 0.189024
4 0.784389 0.216653 0.03952 0.15487 0.138681
4 0.831699 0.28656 0.0290158 0.0982821 0.117587
4 0.830751 0.311651 0.0256584 0.146261 0.115074
1 0.889962 0.453569 0.0406685 0.142367 0.0997305
4 0.831621 0.748935 0.0413703 0.091932 0.0833371
1 0.426973 0.50112 0.0802376 0.0866709 0.0638627
4 0.890608 0.450604 0.0378169 0.133718 0.0588973
1 0.890612 0.481685 0.0603355 0.196127 0.0559508
4 0.71967 0.348205 0.058383 0.0455285 0.0516355
10 0.783862 0.217212 0.0425469 0.163289 0.0294816
4 0.724292 0.335474 0.0668718 0.0536959 0.027913
1 0.880202 0.526327 0.0776737 0.123447 0.0235722
1 0.43397 0.510361 0.0775403 0.0847516 0.0197872
4 0.723271 0.327053 0.0698033 0.049586 0.0188793
4 0.788418 0.204183 0.0321227 0.144379 0.0187003
4 0.826319 0.739148 0.0444113 0.107379 0.0151284
1 0.852862 0.519131 0.0752357 0.10817 0.0132567
1 0.839371 0.52015 0.0526706 0.108151 0.00913605
4 0.418786 0.490625 0.0668801 0.0778176 0.00755694
4 0.719231 0.290263 0.0634452 0.0459139 0.00678101
4 0.713078 0.354937 0.0444439 0.0545985 0.00626978
4 0.882789 0.447326 0.0459202 0.124145 0.00620414
4 0.835994 0.281206 0.0358264 0.0968543 0.00617792
4 0.430802 0.49593 0.0924053 0.0960326 0.00550653
4 0.782909 0.240414 0.0396184 0.101636 0.00495003
1 0.877864 0.493706 0.0547871 0.154794 0.00449029
4 0.726983 0.393499 0.0486118 0.0431526 0.00445196
4 0.705426 0.351556 0.0466595 0.0488536 0.00435974
1 0.887477 0.508987 0.0697374 0.159902 0.00359736
1 0.877617 0.518034 0.0928951 0.17214 0.00318251
4 0.836303 0.747639 0.057444 0.097225 0.00280657
1 0.881327 0.463149 0.048165 0.155987 0.00261959
4 0.834676 0.72986 0.0539634 0.0981026 0.0025843
1 0.871675 0.541599 0.0637684 0.139147 0.00256118
5 0.403544 0.682793 0.0615597 0.0855853 0.00244631
4 0.719223 0.392254 0.0520527 0.0450543 0.00237157
4 0.411585 0.482852 0.0561523 0.0751139 0.00228261
1 0.459833 0.698565 0.0526861 0.171825 0.00211503
4 0.726968 0.412863 0.0379262 0.0461199 0.00210875
4 0.834693 0.516522 0.0521736 0.108909 0.00199342
4 0.717049 0.33287 0.056552 0.0777637 0.00191328
5 0.457889 0.709531 0.0464338 0.156053 0.00177804
4 0.792276 0.179056 0.0280408 0.0973873 0.00175621
4 0.720168 0.410613 0.0420446 0.0493725 0.00162702
8 0.098621 0.76225 0.0674529 0.164686 0.00155254
4 0.728211 0.297024 0.061759 0.0346358 0.00145528
4 0.715263 0.277914 0.0588577 0.0515712 0.00127852
1 0.863636 0.541062 0.0579859 0.12578 0.00123714
4 0.826901 0.270706 0.0284676 0.0750938 0.00116668
4 0.751974 0.470808 0.041164 0.0313776 0.00103742
3 0.0993902 0.764096 0.0681452 0.167055 0.00101563
