4 0.514581 0.552287 0.181538 0.109191 0.76798
4 0.60977 0.810249 0.108455 0.101898 0.365388
4 0.453085 0.641397 0.10429 0.0616983 0.26003
1 0.598596 0.809891 0.13807 0.105211 0.113393
1 0.71337 0.645587 0.133392 0.141725 0.0552202
1 0.4922 0.639581 0.154166 0.0561245 0.0421497
4 0.487726 0.526252 0.125354 0.0534706 0.0400923
4 0.492164 0.663582 0.177129 0.0886198 0.0361106
4 0.479386 0.63867 0.1502 0.0575308 0.0337612
4 0.499842 0.67796 0.144737 0.0713947 0.0210292
4 0.438481 0.64224 0.0891267 0.0682852 0.0156836
4 0.491875 0.539465 0.133827 0.0745689 0.0122079
4 0.442587 0.634902 0.0876358 0.0513802 0.0118913
4 0.621957 0.814525 0.0789926 0.0909058 0.00909076
4 0.492949 0.64665 0.151459 0.0611509 0.0057461
4 0.518447 0.549695 0.130709 0.0948787 0.00476704
4 0.702915 0.648259 0.113583 0.13137 0.00359433
1 0.611742 0.807163 0.106548 0.0919922 0.0035086
11 0.922333 0.549015 0.0350738 0.0477266 0.00166827
4 0.482214 0.676933 0.184706 0.0902407 0.00163968
4 0.509203 0.636443 0.143366 0.0519583 0.00159603
4 0.529619 0.528873 0.114321 0.0628187 0.00132345
4 0.678497 0.65288 0.0542675 0.118618 0.00130467
1 0.517062 0.640917 0.130773 0.049296 0.00122432
1 0.719364 0.633377 0.119161 0.103211 0.00118055
4 0.479551 0.670696 0.148113 0.0731247 0.00108469
