6 0.144746 0.744037 0.153462 0.138674 0.849933
10 0.311034 0.294857 0.488997 0.22045 0.844791
6 0.0860587 0.745231 0.091772 0.131013 0.0520355
10 0.27208 0.302684 0.340964 0.0663594 0.0332515
6 0.0654306 0.754771 0.0542389 0.114397 0.0290623
6 0.0704146 0.742501 0.0609007 0.139364 0.0127167
6 0.113929 0.746144 0.0953746 0.128873 0.0116544
10 0.250414 0.293957 0.324754 0.0642225 0.0108849
10 0.31642 0.316813 0.453812 0.163117 0.00726986
10 0.240047 0.251445 0.312825 0.0662091 0.00369039
10 0.269235 0.269184 0.335582 0.089323 0.00248763
6 0.099241 0.755182 0.124281 0.11379 0.00199347
10 0.311074 0.268595 0.457522 0.13529 0.00160979
6 0.0788018 0.763242 0.0816615 0.0989856 0.00136147
6 0.0587261 0.767844 0.0511589 0.0906176 0.00108398
