10 0.289707 0.640455 0.48629 0.315676 0.860497
6 0.191984 0.491526 0.106411 0.149282 0.852337
6 0.0956087 0.436127 0.0373192 0.176177 0.744881
10 0.277971 0.743295 0.415011 0.13405 0.573422
10 0.294883 0.792703 0.42815 0.181337 0.133751
10 0.239144 0.728818 0.338771 0.143108 0.0850732
10 0.239819 0.731954 0.33592 0.0948105 0.0805796
10 0.291316 0.802492 0.414831 0.127231 0.0292158
10 0.290192 0.683183 0.436799 0.268611 0.0287728
10 0.288942 0.755535 0.41766 0.0980487 0.0162407
10 0.25482 0.656362 0.374904 0.236678 0.010518
10 0.282141 0.735448 0.255119 0.0892724 0.00638746
10 0.22155 0.711379 0.275487 0.0816464 0.00457883
6 0.966721 0.410577 0.0665573 0.281945 0.00405001
6 0.964577 0.365585 0.0708455 0.319627 0.00392545
10 0.303065 0.840889 0.448892 0.130704 0.00391234
10 0.298442 0.75222 0.44201 0.181033 0.00304026
6 0.970851 0.4545 0.0581287 0.338709 0.00267705
10 0.289213 0.675376 0.368075 0.125935 0.00198268
10 0.369547 0.761091 0.2824 0.0869825 0.00194571
10 0.289652 0.757184 0.291811 0.0993075 0.00168185
1 0.96482 0.411591 0.0699684 0.234911 0.00115218
10 0.235715 0.699833 0.347561 0.172688 0.0010666
