1 0.421114 0.797305 0.229494 0.204043 0.592685
1 0.307268 0.769023 0.1572 0.121498 0.493094
1 0.406318 0.757612 0.288163 0.183267 0.353206
1 0.318173 0.759494 0.155018 0.15409 0.267121
1 0.34289 0.765745 0.162748 0.140657 0.172906
1 0.373322 0.768427 0.165995 0.157734 0.153727
1 0.419364 0.774589 0.19203 0.191134 0.113238
1 0.376315 0.759309 0.215309 0.152316 0.0857914
5 0.43871 0.779206 0.129007 0.201093 0.0736572
5 0.460034 0.788661 0.0806636 0.223429 0.0322984
5 0.76809 0.838396 0.107252 0.159271 0.0266165
1 0.422733 0.814812 0.192381 0.177517 0.0264929
1 0.334482 0.752659 0.101872 0.163331 0.0210614
1 0.47433 0.817018 0.155683 0.177157 0.0184869
1 0.426419 0.838931 0.234788 0.125341 0.0159776
5 0.567122 0.836231 0.13423 0.165556 0.013812
1 0.443819 0.755658 0.117117 0.145905 0.0115596
1 0.288104 0.77003 0.107974 0.118847 0.0106007
5 0.460035 0.758039 0.0767575 0.148769 0.00952553
1 0.530014 0.831596 0.119179 0.147713 0.00939519
1 0.401401 0.806814 0.21865 0.141561 0.00860427
1 0.556621 0.833088 0.146585 0.149869 0.00732175
1 0.560736 0.753862 0.165597 0.157383 0.00693459
1 0.522242 0.754624 0.215901 0.15853 0.00492491
1 0.718499 0.841336 0.15308 0.130279 0.00407786
1 0.562407 0.774182 0.195754 0.201581 0.00383041
1 0.353421 0.754472 0.407301 0.179242 0.00382473
1 0.437886 0.784661 0.143531 0.237646 0.00344675
10 0.337973 0.743751 0.0783386 0.146473 0.00337795
1 0.480074 0.784093 0.257295 0.215228 0.00326081
5 0.744734 0.838477 0.117327 0.158674 0.00304706
1 0.341843 0.740559 0.0818451 0.138367 0.00298999
10 0.338517 0.71845 0.0735996 0.094951 0.00189416
5 0.282995 0.774845 0.0875727 0.106074 0.0014525
1 0.435478 0.745779 0.272403 0.142822 0.00128049
5 0.722894 0.836089 0.126424 0.160723 0.00122598
1 0.417029 0.737121 0.157022 0.122532 0.00108015
1 0.270017 0.770309 0.153012 0.122766 0.0010664
