10 0.047648 0.644048 0.0946835 0.204917 0.511096
10 0.0442219 0.66408 0.0880651 0.145516 0.0916947
10 0.0498735 0.598446 0.0984929 0.282681 0.0235413
10 0.042494 0.70481 0.0845916 0.180655 0.021318
10 0.0430814 0.69092 0.0860037 0.106517 0.0202655
10 0.0680876 0.467177 0.136175 0.160978 0.0190457
10 0.05969 0.567736 0.119257 0.310105 0.0115349
10 0.0678606 0.417868 0.135721 0.228511 0.00958144
10 0.0542728 0.515508 0.108546 0.248627 0.00788539
10 0.0347585 0.637973 0.0690135 0.201959 0.00667947
10 0.0176951 0.630889 0.0352552 0.177413 0.00623344
10 0.0722311 0.467093 0.142394 0.111107 0.00408086
10 0.00893375 0.61048 0.0176304 0.202072 0.00329493
10 0.0142802 0.592022 0.0280142 0.201484 0.00223986
10 0.00934982 0.57425 0.0184153 0.167454 0.00219358
10 0.00996421 0.534918 0.0196814 0.176274 0.00130688
10 0.0317026 0.634056 0.0634053 0.149378 0.00125126
10 0.052833 0.729041 0.103939 0.18945 0.00122781
10 0.0137621 0.536312 0.0272361 0.190176 0.00107893
10 0.0734069 0.52172 0.145721 0.213448 0.00106421
