10 0.881256 0.622123 0.112908 0.30349 0.46854
6 0.735425 0.307989 0.17826 0.194542 0.390395
6 0.384021 0.673091 0.125556 0.18163 0.298497
6 0.265052 0.242722 0.181037 0.318855 0.0417997
10 0.490977 0.531174 0.738413 0.357902 0.0221959
10 0.562106 0.528358 0.558176 0.316631 0.0078343
6 0.883806 0.623813 0.118263 0.29837 0.00708451
6 0.254198 0.286305 0.231606 0.490919 0.00558164
6 0.844734 0.485924 0.0824505 0.0900819 0.00418826
6 0.813014 0.491572 0.0992371 0.120828 0.00393883
6 0.815681 0.48556 0.116175 0.147684 0.0027835
6 0.766525 0.351267 0.105484 0.10103 0.00256127
10 0.911133 0.622456 0.177332 0.302836 0.00131073
