3 0.250857 0.448957 0.0900553 0.122626 0.129572
3 0.367671 0.372204 0.0856361 0.0725088 0.0545826
11 0.574977 0.493756 0.0342493 0.0761589 0.0180528
11 0.226198 0.605846 0.0262406 0.0508903 0.0176563
10 0.0566854 0.472193 0.0211998 0.106291 0.0129499
11 0.895799 0.420551 0.0601032 0.045584 0.00752267
11 0.448065 0.663811 0.021936 0.0765327 0.00721212
11 0.897245 0.443069 0.0640507 0.0407946 0.00691074
11 0.821545 0.391623 0.0462504 0.0248293 0.00682506
3 0.253167 0.469783 0.0843835 0.118805 0.00663188
11 0.829073 0.388898 0.045235 0.0281845 0.00656403
11 0.895856 0.46798 0.0659597 0.0329678 0.00623336
11 0.195373 0.48956 0.0265171 0.0563901 0.00588933
11 0.34595 0.507495 0.0182502 0.0787886 0.00542238
11 0.833205 0.377185 0.0455511 0.0275607 0.0053399
11 0.64015 0.422362 0.0349764 0.062386 0.00527859
11 0.802332 0.394446 0.0471985 0.0303275 0.00520559
11 0.226443 0.609667 0.0320015 0.0611276 0.00511203
11 0.877763 0.796165 0.0524378 0.0404824 0.00469696
11 0.748479 0.717028 0.0205686 0.0694154 0.00467428
10 0.901886 0.532852 0.054044 0.0416667 0.00443343
11 0.752445 0.7117 0.0223148 0.0583713 0.00428658
11 0.810502 0.394904 0.0531868 0.0252686 0.00425555
11 0.0567234 0.481935 0.0229565 0.10422 0.00409859
11 0.354732 0.505926 0.0319494 0.0609392 0.00395258
11 0.830948 0.569854 0.0475178 0.0363922 0.00372074
11 0.880075 0.490333 0.044112 0.0498509 0.00362677
11 0.878814 0.419815 0.0358561 0.0443352 0.00360923
11 0.878004 0.470198 0.0384255 0.0412595 0.00354947
11 0.891669 0.490624 0.0606663 0.0471376 0.00354248
11 0.584138 0.48322 0.0367683 0.0636383 0.00352673
11 0.362485 0.494813 0.0413212 0.0538858 0.00347877
11 0.876035 0.443779 0.0318436 0.0492276 0.00347023
11 0.193117 0.481069 0.0226211 0.0545027 0.00345982
11 0.891128 0.399717 0.0544503 0.0406253 0.00345141
11 0.151132 0.496111 0.0354243 0.0419893 0.00339342
11 0.36301 0.507299 0.0423879 0.0465631 0.00338949
11 0.09725 0.429346 0.0409763 0.0499239 0.00333466
11 0.791117 0.391461 0.0382622 0.0365489 0.00330034
11 0.182583 0.489897 0.0417266 0.0456466 0.00329802
11 0.842812 0.375117 0.0589852 0.0286188 0.00324367
11 0.231566 0.607029 0.0403514 0.0513792 0.00308896
11 0.819094 0.40462 0.0455104 0.0329229 0.00307269
11 0.809266 0.380296 0.052394 0.0284903 0.00304717
11 0.141617 0.504507 0.0441454 0.0561965 0.00298583
11 0.798296 0.37911 0.0475932 0.0307461 0.00298344
11 0.748647 0.731017 0.0209017 0.0800782 0.00293138
11 0.20099 0.498276 0.0281357 0.069791 0.00292434
11 0.875593 0.393895 0.0353283 0.0339202 0.00292106
11 0.161835 0.493531 0.0359862 0.041147 0.00283954
11 0.45074 0.657865 0.0231275 0.0906704 0.00283488
11 0.842739 0.389314 0.0577253 0.0302236 0.00282404
11 0.0963651 0.404545 0.0425759 0.0312977 0.0027892
11 0.135119 0.51277 0.0370482 0.0747613 0.0027197
11 0.82132 0.379987 0.046613 0.0270731 0.00270022
11 0.356366 0.497097 0.0320106 0.0613693 0.00269485
11 0.0527758 0.489477 0.0248431 0.101465 0.00266287
11 0.605358 0.571941 0.0183923 0.0645589 0.00262423
11 0.751942 0.734371 0.0229525 0.0778966 0.00257798
11 0.103888 0.40318 0.038779 0.0285196 0.00257605
11 0.0616832 0.487624 0.0224279 0.091887 0.0025369
11 0.528458 0.570186 0.0159893 0.0621666 0.00246189
11 0.634666 0.440474 0.0390829 0.0410036 0.00239029
11 0.0885403 0.4266 0.0369882 0.0440577 0.0023873
11 0.0423867 0.404258 0.0331985 0.0463104 0.00237714
11 0.904462 0.465599 0.0514069 0.0306472 0.0023696
11 0.802292 0.406146 0.0424076 0.035324 0.00231631
11 0.855473 0.662004 0.0299112 0.0912622 0.00223744
11 0.0969155 0.439117 0.0363083 0.0453624 0.00223302
11 0.115029 0.559353 0.0526162 0.0452145 0.00220072
11 0.128142 0.521271 0.0323616 0.0821941 0.00213011
11 0.140502 0.440153 0.0266296 0.0473594 0.00212546
11 0.115055 0.401721 0.0295581 0.0281194 0.00205423
3 0.991421 0.533894 0.0131916 0.101635 0.00201722
11 0.605153 0.488473 0.0272182 0.0735401 0.00197596
11 0.154017 0.479147 0.0317812 0.0436939 0.0019544
11 0.755627 0.69426 0.0214626 0.0505929 0.00193549
10 0.0615244 0.477137 0.0195074 0.094667 0.00190658
11 0.0867156 0.403897 0.039061 0.0317993 0.00190645
11 0.598141 0.590137 0.0245285 0.0722823 0.00189484
11 0.597327 0.582242 0.0205088 0.0668462 0.00185885
11 0.0984092 0.523919 0.0422613 0.0698535 0.00185723
11 0.811621 0.405939 0.0490822 0.0323895 0.00185474
11 0.158218 0.508711 0.0341156 0.0516823 0.00181875
11 0.839941 0.588124 0.0434969 0.0378637 0.00180064
11 0.127323 0.439626 0.0228563 0.045674 0.00179087
11 0.151954 0.424472 0.028961 0.0467933 0.00178803
11 0.0939396 0.50827 0.0367747 0.0678447 0.00178434
3 0.259577 0.493012 0.070703 0.120794 0.00176369
11 0.855434 0.642396 0.0338051 0.056262 0.00175495
11 0.583957 0.497205 0.0381611 0.074807 0.00171368
3 0.639281 0.526461 0.0447274 0.151811 0.0016845
11 0.184152 0.478627 0.0320075 0.0459983 0.00167371
11 0.103188 0.430912 0.0375492 0.0518313 0.0016719
11 0.86843 0.375743 0.0433834 0.0305748 0.00166105
11 0.881756 0.509262 0.0465015 0.0668839 0.0016411
11 0.0560239 0.509805 0.0254779 0.0806843 0.00163832
11 0.990749 0.44122 0.0180721 0.0476971 0.00162244
11 0.151337 0.441191 0.0288945 0.0503534 0.00160544
11 0.7858 0.376575 0.0465358 0.0330138 0.00159944
11 0.103886 0.530088 0.0397855 0.0617837 0.00158794
11 0.142632 0.474299 0.0380584 0.0347392 0.00158279
11 0.128055 0.400697 0.0298559 0.030164 0.00157969
11 0.101725 0.516613 0.0390418 0.070505 0.00157025
11 0.607153 0.552363 0.021861 0.0531292 0.00154212
11 0.104003 0.439395 0.0355677 0.0469049 0.00154
11 0.89474 0.517846 0.0537626 0.0541066 0.00153944
11 0.352167 0.520784 0.0273417 0.0695865 0.00153115
11 0.834534 0.58279 0.0443256 0.0361257 0.00151602
11 0.28686 0.429713 0.0316807 0.0708044 0.00151037
11 0.775019 0.702059 0.0473802 0.0496969 0.00151019
11 0.128341 0.466369 0.0301382 0.0276861 0.00149539
11 0.287506 0.452235 0.0338703 0.0752409 0.00148408
11 0.165803 0.421367 0.0298857 0.0423815 0.00147152
10 0.984777 0.536968 0.0264287 0.1084 0.00145057
11 0.301237 0.510882 0.021357 0.09337 0.00144369
11 0.447478 0.635827 0.0223187 0.100384 0.00144342
11 0.0317692 0.522533 0.019207 0.0716314 0.00144153
11 0.604979 0.598934 0.0193075 0.0589281 0.00143509
11 0.128278 0.561661 0.0520541 0.0505599 0.00138952
11 0.0530082 0.434613 0.0250291 0.0583231 0.00138804
11 0.14073 0.427657 0.0301933 0.0491993 0.00138687
11 0.156722 0.526162 0.0355766 0.0694376 0.00138421
11 0.444733 0.464534 0.0187374 0.12291 0.00137977
11 0.864172 0.702899 0.039759 0.048838 0.00137378
11 0.0495992 0.400678 0.0282827 0.0342518 0.00136615
11 0.86324 0.664831 0.0320206 0.0973679 0.0013632
11 0.122612 0.572666 0.062112 0.0478974 0.00136103
11 0.847033 0.659449 0.0267189 0.0831615 0.0013523
11 0.897449 0.405993 0.0616937 0.0492582 0.00134759
11 0.126061 0.508977 0.0311667 0.0716377 0.00132677
11 0.855491 0.703363 0.0470638 0.0499371 0.00131767
11 0.178567 0.499213 0.0459983 0.0555498 0.0013014
11 0.829858 0.404181 0.0435078 0.0367555 0.00129791
11 0.0302507 0.421378 0.0228827 0.0511932 0.0012889
11 0.604469 0.581496 0.0175817 0.0657713 0.00128386
11 0.586675 0.582012 0.0186935 0.0709253 0.0012799
11 0.34411 0.602514 0.0165656 0.0761122 0.00127205
11 0.111709 0.439148 0.0327775 0.0478054 0.00124796
11 0.628342 0.41945 0.0343087 0.0449164 0.00124608
11 0.139483 0.399995 0.0368794 0.0319404 0.0012349
11 0.753035 0.76203 0.0243042 0.0743428 0.00123003
11 0.0899755 0.494425 0.0333472 0.0555636 0.00122996
11 0.790016 0.406736 0.0332386 0.0394512 0.0012298
11 0.145185 0.517735 0.0405959 0.0660762 0.00121895
11 0.748795 0.701441 0.0217384 0.0646096 0.00120141
11 0.163551 0.479029 0.0365101 0.0459496 0.0011992
11 0.301925 0.493838 0.0221395 0.0913692 0.00119704
11 0.626878 0.44731 0.0314475 0.0322717 0.00119216
11 0.0848981 0.50113 0.0318977 0.0684626 0.00118118
11 0.845743 0.674074 0.0363493 0.0796129 0.00117977
11 0.605843 0.476974 0.0308875 0.0573881 0.00117471
11 0.898336 0.485958 0.0553109 0.0388338 0.00117159
11 0.0343801 0.410207 0.0274551 0.0601649 0.0011622
11 0.181428 0.421891 0.0291678 0.0457667 0.00115535
11 0.84978 0.645785 0.0325501 0.0633875 0.00115162
11 0.861797 0.6416 0.0383551 0.0598759 0.00114958
11 0.113956 0.459638 0.0352484 0.0318128 0.00113922
4 0.983619 0.54456 0.0289902 0.12168 0.00113379
11 0.0470826 0.422947 0.0316124 0.044477 0.00113309
11 0.0279172 0.532309 0.0204723 0.0608837 0.00112157
11 0.854834 0.615766 0.0410393 0.0303395 0.00111101
11 0.631459 0.504142 0.0358993 0.110702 0.00111037
11 0.10466 0.551514 0.0473752 0.0558762 0.001094
11 0.986224 0.439633 0.0275529 0.0456497 0.00109021
11 0.639633 0.40925 0.0325506 0.0595097 0.00109012
11 0.255012 0.45112 0.0859493 0.106636 0.0010861
11 0.923898 0.483091 0.0346539 0.0419851 0.00108333
11 0.0649237 0.430762 0.0255069 0.0485374 0.00108095
1 0.989306 0.544586 0.0183853 0.12585 0.00107766
11 0.151277 0.400656 0.0335488 0.0327652 0.0010734
11 0.776588 0.690489 0.0413284 0.0490998 0.00107236
11 0.062562 0.513541 0.0281058 0.0726489 0.00106714
11 0.188352 0.425218 0.026777 0.0527028 0.00106592
11 0.102467 0.45805 0.0396904 0.030496 0.00105888
11 0.301841 0.46974 0.0238268 0.0695207 0.00105856
11 0.190601 0.441104 0.0224113 0.0585531 0.00105303
11 0.919912 0.470094 0.034264 0.0401434 0.00103862
11 0.16762 0.401098 0.0254738 0.0325069 0.00102872
11 0.0920984 0.461342 0.0350379 0.0313584 0.00101874
11 0.174717 0.614951 0.0330248 0.0407587 0.00100933
