4 0.421733 0.655489 0.250465 0.0930743 0.18167
4 0.426708 0.658527 0.267687 0.181173 0.0448806
4 0.423778 0.665735 0.25294 0.0617307 0.0321987
4 0.42472 0.672903 0.251775 0.0916232 0.0134761
4 0.451413 0.681759 0.319044 0.253316 0.0117489
3 0.512179 0.733825 0.18697 0.157616 0.010316
7 0.489185 0.654327 0.11283 0.048712 0.00655721
10 0.421996 0.666338 0.246431 0.0609744 0.00494924
7 0.500879 0.643828 0.0887419 0.0312931 0.00474651
3 0.466317 0.720727 0.282176 0.180513 0.00427901
3 0.529678 0.732803 0.133322 0.120947 0.00421949
7 0.476404 0.64844 0.140616 0.0518024 0.00350427
4 0.433939 0.686565 0.284637 0.193463 0.0023729
7 0.458019 0.658764 0.174884 0.053796 0.0017339
4 0.448229 0.661128 0.194986 0.0563958 0.00113865
4 0.45646 0.703861 0.187282 0.0882145 0.0010534
