3 0.347454 0.731109 0.370885 0.0924512 0.456241
3 0.438221 0.792844 0.45199 0.0539085 0.0673965
11 0.404985 0.376033 0.0902943 0.058323 0.00659564
11 0.461315 0.390942 0.0838781 0.0745658 0.00568923
11 0.443952 0.389158 0.0588716 0.0698831 0.00555985
11 0.441112 0.379992 0.0606417 0.060623 0.00539945
11 0.461903 0.380983 0.0921172 0.0615857 0.00526981
11 0.389496 0.375454 0.134084 0.0596674 0.00506075
11 0.426589 0.386581 0.0623303 0.0683278 0.00473921
11 0.421568 0.376692 0.0623679 0.0585728 0.0042814
11 0.390053 0.384586 0.114053 0.0654111 0.00386723
11 0.438428 0.372728 0.0905406 0.0614505 0.00377525
11 0.416002 0.37246 0.0844253 0.056175 0.00337061
11 0.474166 0.369675 0.123785 0.0574667 0.00316613
11 0.406334 0.394852 0.0782171 0.0675082 0.00299197
11 0.430024 0.397212 0.0639456 0.0775359 0.00239265
11 0.36304 0.3728 0.18458 0.0546088 0.00198034
11 0.397183 0.360364 0.119872 0.0445646 0.00191919
11 0.386883 0.39436 0.101344 0.0628213 0.00148607
11 0.414744 0.361916 0.105769 0.0484159 0.0014835
11 0.491386 0.373494 0.147855 0.0656663 0.00145597
11 0.511388 0.361976 0.126267 0.0436898 0.00145402
11 0.489846 0.392597 0.137801 0.0797244 0.00134081
