3 0.286151 0.730981 0.0474779 0.0601493 0.0239831
11 0.254831 0.673537 0.0290949 0.0545578 0.0233109
11 0.60699 0.410159 0.077602 0.0395721 0.00919749
11 0.258667 0.677341 0.0345265 0.0539344 0.00836975
11 0.163525 0.438006 0.0424385 0.0627329 0.00829781
11 0.167991 0.485613 0.0585066 0.0301565 0.00784383
11 0.552875 0.436652 0.0537063 0.0501933 0.00773803
11 0.213317 0.590013 0.0550529 0.0331905 0.00697305
11 0.5623 0.572477 0.0404225 0.0679747 0.00637687
10 0.119971 0.584102 0.0161941 0.0961074 0.00602078
11 0.549347 0.429454 0.0531284 0.0499704 0.00542718
11 0.266009 0.665383 0.0491864 0.0592245 0.00436661
11 0.0830732 0.510543 0.0528672 0.0652073 0.00426231
11 0.632961 0.362879 0.055135 0.0278006 0.00413269
11 0.258275 0.660871 0.0455175 0.0713281 0.00370811
11 0.175399 0.482673 0.0466604 0.0339885 0.00359333
11 0.136749 0.507168 0.0235967 0.0674542 0.00329562
11 0.186928 0.520433 0.0491096 0.0437511 0.00323253
11 0.641473 0.364992 0.045956 0.0284519 0.0030744
11 0.137218 0.499929 0.0206961 0.0487186 0.00294748
11 0.666325 0.365492 0.0536655 0.0283507 0.00287143
11 0.532784 0.544281 0.0230813 0.0411848 0.00277226
11 0.270958 0.664057 0.0679549 0.052836 0.0026852
11 0.16867 0.44654 0.0450287 0.0663657 0.00268417
11 0.541084 0.425052 0.0640207 0.0468966 0.00263464
11 0.650739 0.365955 0.0329923 0.0287144 0.00262273
11 0.677753 0.363736 0.0637224 0.0249348 0.0025177
11 0.190325 0.514731 0.0501261 0.0466229 0.00246516
11 0.182412 0.527406 0.0577926 0.0457547 0.0024466
10 0.740049 0.401537 0.100119 0.05738 0.00240468
11 0.278826 0.656523 0.0587371 0.0612359 0.00233284
11 0.271665 0.681543 0.0680497 0.049884 0.00230797
11 0.665664 0.372861 0.0569143 0.0341393 0.00229669
11 0.678468 0.373887 0.0592499 0.0284201 0.00219258
11 0.557905 0.566307 0.0509432 0.0688433 0.00213628
11 0.176989 0.534696 0.0507987 0.0464398 0.00212348
11 0.286516 0.649703 0.0426193 0.045706 0.00210279
11 0.652254 0.372172 0.0355883 0.0346497 0.0021002
11 0.090217 0.517375 0.049868 0.0524631 0.00205488
11 0.154246 0.430016 0.0379095 0.0729002 0.00201004
11 0.190508 0.478534 0.0257419 0.0402875 0.00183128
11 0.135649 0.51985 0.0231472 0.0522469 0.0017929
11 0.695317 0.363397 0.0760146 0.0243676 0.0017033
11 0.695691 0.374579 0.0669403 0.024769 0.00167882
11 0.912999 0.407211 0.0243038 0.0697483 0.00167019
11 0.914952 0.404791 0.0228216 0.0475604 0.00161693
11 0.246068 0.674002 0.0457936 0.0567501 0.00158064
11 0.558571 0.546872 0.0497358 0.0316557 0.00157481
11 0.804483 0.419173 0.0465843 0.0363332 0.00151882
11 0.568191 0.42732 0.0513407 0.0639358 0.00148183
11 0.558699 0.378629 0.0520271 0.0482712 0.00146428
11 0.664707 0.386543 0.0590226 0.0239935 0.00146305
11 0.623692 0.408351 0.0858603 0.0386752 0.00141963
11 0.549014 0.37628 0.0435883 0.0343607 0.00141766
11 0.547214 0.545714 0.0393526 0.0343259 0.00139257
11 0.542001 0.435267 0.0605391 0.0517483 0.00138069
11 0.653079 0.384193 0.0439678 0.0252757 0.00137871
11 0.137726 0.48717 0.0276158 0.0502044 0.00137346
10 0.325863 0.653478 0.0501572 0.0690275 0.00137343
11 0.146062 0.424706 0.0393667 0.06919 0.00136561
11 0.136502 0.484637 0.0286954 0.0729366 0.00135104
11 0.682032 0.387937 0.0490524 0.0204506 0.0013317
11 0.0975185 0.524282 0.0437524 0.0414416 0.00132717
11 0.25188 0.659155 0.0379997 0.0761979 0.00132281
11 0.156845 0.490691 0.0529111 0.0303739 0.00130208
11 0.566043 0.564965 0.04806 0.0488214 0.00129627
11 0.806885 0.378639 0.0607638 0.0284052 0.00126913
11 0.284946 0.660792 0.0487165 0.0452752 0.00124078
11 0.636147 0.369877 0.050687 0.0321372 0.00123228
11 0.55749 0.365713 0.0435749 0.0391069 0.00118911
11 0.547033 0.420045 0.0517326 0.0491662 0.00118337
11 0.564966 0.380886 0.0635292 0.0600288 0.00117689
11 0.132815 0.421624 0.0536242 0.0668438 0.00114126
11 0.549481 0.366416 0.0415289 0.0335628 0.00113686
11 0.553971 0.553767 0.0486616 0.0466818 0.00113666
11 0.53979 0.565514 0.037352 0.0749737 0.0011286
11 0.605002 0.362472 0.0233408 0.0328248 0.00112452
11 0.538434 0.414724 0.0579821 0.042816 0.00110611
11 0.189347 0.489882 0.0366603 0.0337018 0.00108501
11 0.53056 0.425264 0.0513092 0.0541034 0.00106308
11 0.821765 0.417767 0.0590698 0.0419831 0.00105565
11 0.780996 0.480801 0.0723196 0.0315986 0.00104267
11 0.632507 0.355823 0.0560877 0.027973 0.00104249
11 0.548817 0.498777 0.0509305 0.0234771 0.00102741
11 0.553367 0.454454 0.0549332 0.0796299 0.00101385
11 0.629278 0.526068 0.0457438 0.084518 0.00100352
