3 0.106739 0.3933 0.0722903 0.139434 0.681968
3 0.181532 0.39092 0.0725114 0.0955077 0.631593
3 0.645077 0.740172 0.0656296 0.10073 0.0497197
3 0.655115 0.748256 0.0845268 0.107236 0.0229854
11 0.488288 0.33215 0.0399433 0.0231446 0.00862786
11 0.794087 0.569544 0.0149752 0.076938 0.00769036
11 0.788045 0.571757 0.0202552 0.0720043 0.00549295
11 0.773193 0.338696 0.0406125 0.0335706 0.00372187
11 0.779029 0.337114 0.0413849 0.0320999 0.00370828
11 0.822347 0.387202 0.0270027 0.0584705 0.00306688
11 0.786645 0.334923 0.0320133 0.0371239 0.00263788
11 0.825314 0.357546 0.0237831 0.0904095 0.00262348
11 0.799395 0.569651 0.0196333 0.0741896 0.00260037
11 0.809241 0.334671 0.0267892 0.0523878 0.00257279
11 0.480266 0.33374 0.0513737 0.0223201 0.00246
11 0.771772 0.732424 0.0204393 0.0632344 0.002259
11 0.812122 0.347888 0.0270326 0.0562294 0.00224066
11 0.771941 0.391311 0.039462 0.0427704 0.00212908
11 0.799361 0.562052 0.0241288 0.0680681 0.00212217
11 0.756999 0.378562 0.0293358 0.0441827 0.00206375
3 0.645861 0.723023 0.0612794 0.087778 0.00204522
11 0.230159 0.482093 0.0337161 0.0963337 0.00203459
11 0.741825 0.374559 0.0251019 0.0456201 0.0019876
11 0.827441 0.343804 0.023827 0.0801226 0.00191859
11 0.759724 0.341192 0.0380144 0.0412543 0.00191258
11 0.494659 0.32639 0.0408997 0.0338724 0.00191079
11 0.813317 0.37809 0.0288235 0.0467757 0.00187059
11 0.721689 0.346205 0.0265368 0.077115 0.00186486
11 0.739847 0.363018 0.0293804 0.0533272 0.00186311
11 0.758904 0.360981 0.0329961 0.0452967 0.00183821
11 0.830364 0.3553 0.0219483 0.0997238 0.00182506
11 0.837168 0.356773 0.0200832 0.102495 0.0018169
11 0.75803 0.390336 0.0295075 0.0391705 0.00180093
11 0.786825 0.347416 0.0327058 0.0340102 0.00176214
11 0.720186 0.361997 0.0215431 0.0848528 0.00172595
11 0.769778 0.353216 0.0380346 0.0357361 0.00172259
11 0.808254 0.397032 0.0347076 0.0408046 0.00170475
11 0.491938 0.314815 0.0418888 0.0281734 0.00166652
11 0.83307 0.331707 0.0201906 0.0655691 0.00163739
11 0.718954 0.379082 0.0177574 0.0848808 0.00160212
11 0.486318 0.347352 0.0395666 0.0267145 0.0015847
11 0.829148 0.374838 0.0264996 0.0898796 0.00157488
11 0.726544 0.342958 0.0315026 0.0654727 0.00157335
11 0.726506 0.361424 0.0289623 0.0656781 0.00155544
11 0.780111 0.395317 0.04634 0.0445711 0.00155468
10 0.831051 0.349189 0.0197431 0.0955412 0.00155352
11 0.530857 0.3656 0.0143034 0.0671625 0.00152985
3 0.175044 0.619168 0.0573296 0.181225 0.00151823
11 0.775993 0.348393 0.0418977 0.0305906 0.00143835
11 0.736657 0.340826 0.0362997 0.0501357 0.00131828
11 0.725668 0.373618 0.0248782 0.0592653 0.00131609
11 0.851108 0.440227 0.0451235 0.0300385 0.00131429
11 0.827121 0.329869 0.0260281 0.0614735 0.00130977
11 0.788237 0.397637 0.0463022 0.0423566 0.00127637
11 0.789058 0.560226 0.0244772 0.0670353 0.00121887
11 0.767616 0.378778 0.0367002 0.0451309 0.00120601
11 0.718564 0.399056 0.015818 0.0832425 0.00120459
11 0.439348 0.44506 0.0336511 0.0390098 0.00114227
11 0.834026 0.414616 0.0351219 0.0427115 0.00109383
11 0.478132 0.35111 0.0512116 0.0239084 0.00101957
11 0.848058 0.427385 0.0431614 0.0381324 0.00101796
