3 0.283133 0.491165 0.0823773 0.117617 0.78962
10 0.724427 0.348254 0.0308788 0.0720945 0.116958
11 0.770568 0.547721 0.069998 0.0435391 0.0163692
11 0.789506 0.33441 0.0918884 0.0276144 0.0112024
11 0.771581 0.504828 0.0436304 0.0707031 0.010122
11 0.892674 0.450778 0.0445652 0.0830178 0.00800216
11 0.782201 0.584145 0.0884565 0.0290111 0.00734209
11 0.798189 0.333983 0.0772692 0.0226807 0.00718047
11 0.647141 0.447726 0.0702841 0.0477249 0.00647309
11 0.768507 0.486823 0.0448048 0.0874297 0.00637032
11 0.766783 0.339813 0.0565068 0.0483116 0.00529599
11 0.771192 0.520149 0.0533838 0.0917462 0.00523976
11 0.757816 0.343511 0.0446278 0.061531 0.00497835
11 0.772197 0.56245 0.0886006 0.0598344 0.00479437
11 0.777325 0.592257 0.078191 0.0354735 0.00470141
11 0.718157 0.411029 0.0750816 0.0517065 0.00462431
11 0.781139 0.422593 0.0854309 0.0440842 0.00425124
11 0.724371 0.346841 0.033508 0.0705096 0.00413997
11 0.81245 0.588151 0.0944801 0.0344002 0.00364213
11 0.808396 0.334331 0.0556482 0.020759 0.00360024
11 0.730536 0.41584 0.0878529 0.0497453 0.00339055
11 0.779013 0.336143 0.0861919 0.0396219 0.00326707
11 0.833141 0.765885 0.0644294 0.0637553 0.00319458
11 0.754648 0.409469 0.0584613 0.0394178 0.00299524
11 0.640062 0.452577 0.057909 0.0400119 0.0029182
11 0.651219 0.441389 0.0865326 0.0463941 0.00287784
11 0.76482 0.46975 0.0468865 0.102488 0.00267595
11 0.757252 0.56547 0.0635866 0.0591216 0.00262657
11 0.760498 0.418192 0.0671232 0.0497825 0.00260481
11 0.777573 0.542895 0.0783356 0.0606891 0.00256992
11 0.713767 0.398145 0.0546959 0.0529333 0.00255077
11 0.740908 0.426574 0.0702054 0.0570773 0.00252565
11 0.766011 0.450845 0.0521492 0.0839026 0.00250542
11 0.691129 0.338428 0.0526484 0.0528571 0.00247683
11 0.79165 0.421427 0.0814762 0.0352172 0.00240551
11 0.760601 0.431125 0.0601777 0.0618656 0.00238907
11 0.706199 0.406221 0.0741346 0.0550063 0.0023607
11 0.684304 0.345802 0.0478184 0.0537233 0.00235131
11 0.73244 0.348252 0.0382954 0.0712707 0.00224018
11 0.751058 0.428179 0.0552031 0.058758 0.0022371
11 0.750526 0.415019 0.0565529 0.0493265 0.00222727
11 0.760027 0.557437 0.0658055 0.0488664 0.00215564
11 0.713011 0.421325 0.0775466 0.0436061 0.00213674
11 0.887019 0.439258 0.0460441 0.072086 0.00210471
11 0.772183 0.578691 0.0837274 0.043078 0.00206146
11 0.705418 0.523837 0.0668655 0.0509325 0.00202033
11 0.772331 0.602898 0.0753874 0.0418179 0.00199849
11 0.869272 0.375143 0.0441204 0.0719507 0.00194136
11 0.758052 0.398478 0.0678178 0.0422071 0.00187268
11 0.766705 0.608471 0.0726101 0.0400938 0.00186841
11 0.680112 0.357439 0.0435608 0.0560147 0.00183026
11 0.754057 0.403248 0.0566654 0.0350336 0.0018111
11 0.700428 0.399288 0.0747674 0.0557958 0.0016092
11 0.900992 0.449076 0.0580108 0.0789555 0.00157317
11 0.77803 0.444125 0.0686413 0.0848086 0.00150684
11 0.757316 0.44185 0.0530104 0.0679271 0.00147897
11 0.689928 0.5277 0.0688646 0.0579815 0.00147242
11 0.681847 0.32139 0.0577675 0.0250906 0.00145849
11 0.783483 0.596381 0.0822899 0.0406712 0.00143567
11 0.681316 0.334188 0.0580673 0.0485098 0.00138093
11 0.723794 0.425606 0.0825741 0.0492057 0.00136801
11 0.883793 0.450664 0.0540449 0.0843334 0.00136671
11 0.675352 0.319201 0.0644506 0.0243299 0.00136345
11 0.777456 0.496315 0.0509689 0.0793159 0.00133208
11 0.777012 0.469777 0.0558586 0.0878922 0.00123522
11 0.795541 0.338081 0.0850587 0.0299762 0.00120311
11 0.783778 0.568926 0.0917719 0.0590084 0.00119522
11 0.804501 0.596096 0.0889589 0.0462652 0.00117158
11 0.790117 0.428257 0.0853114 0.0514923 0.00115934
11 0.753992 0.573182 0.059829 0.0529962 0.00114892
11 0.659694 0.432569 0.069331 0.0284241 0.00113344
11 0.631349 0.455943 0.0430737 0.0368628 0.0010803
11 0.770022 0.340192 0.0770421 0.0405643 0.00106579
11 0.808763 0.33826 0.0578079 0.028895 0.00105147
