10 0.504693 0.314822 0.161731 0.0177644 0.0284057
11 0.459387 0.286423 0.151303 0.0243701 0.00912676
11 0.487893 0.285201 0.183311 0.0237314 0.0051158
11 0.650331 0.3242 0.168045 0.024305 0.00507197
11 0.427077 0.290048 0.12463 0.0308416 0.00459977
10 0.638957 0.325748 0.170888 0.0234674 0.00456955
11 0.773888 0.321443 0.16531 0.0222238 0.00417777
11 0.611699 0.297732 0.165497 0.0330644 0.00399139
11 0.528339 0.285447 0.158202 0.0269633 0.00379335
10 0.507461 0.311901 0.166252 0.0173586 0.00379168
11 0.544412 0.408407 0.169559 0.0195571 0.00372189
11 0.560128 0.286119 0.172606 0.0301412 0.003491
11 0.593073 0.293899 0.176232 0.0340856 0.00323305
11 0.727218 0.310001 0.114618 0.0253924 0.0029796
11 0.761103 0.314158 0.179617 0.0294933 0.00288861
11 0.712134 0.307848 0.120679 0.0250574 0.00276998
11 0.6599 0.299856 0.113711 0.0334367 0.00274732
11 0.415024 0.301191 0.127119 0.0434661 0.00273266
11 0.702377 0.321353 0.154824 0.0237932 0.00270642
11 0.571163 0.402438 0.148309 0.0192065 0.00261265
11 0.459384 0.315894 0.143408 0.0159211 0.00243362
11 0.53898 0.41181 0.169123 0.0213573 0.00234071
11 0.689424 0.308892 0.128176 0.0253999 0.00231332
10 0.573286 0.398486 0.141568 0.0155758 0.00205321
11 0.463356 0.305996 0.180803 0.0271642 0.00200769
11 0.656277 0.311728 0.120286 0.0258653 0.00195865
11 0.533134 0.309911 0.132751 0.0184743 0.0019514
11 0.699183 0.299157 0.120851 0.0336823 0.00193349
11 0.713752 0.326456 0.138361 0.0285027 0.00181202
11 0.560133 0.294982 0.164696 0.0282568 0.00181042
11 0.570985 0.408904 0.152256 0.0308836 0.00167962
11 0.54998 0.405742 0.154882 0.0184164 0.00167797
11 0.471891 0.290122 0.173016 0.0241959 0.00160044
11 0.625736 0.311723 0.152664 0.0248787 0.00147188
11 0.409908 0.312308 0.120101 0.0369591 0.00142085
11 0.363138 0.284525 0.143624 0.0238194 0.00137568
10 0.549899 0.319317 0.102 0.0248295 0.00133402
11 0.763652 0.327317 0.165776 0.0295273 0.00131135
11 0.586137 0.398505 0.16505 0.0172743 0.00129446
11 0.598786 0.310256 0.167217 0.0221083 0.00116166
11 0.517389 0.295989 0.157132 0.0226926 0.00115098
11 0.48916 0.293905 0.186385 0.0223359 0.00113975
11 0.649606 0.29413 0.126788 0.0351294 0.00110536
11 0.492666 0.311666 0.182658 0.0162804 0.00102252
