11 0.237965 0.51623 0.15934 0.087602 0.00926121
11 0.220521 0.524696 0.141056 0.078623 0.00909323
11 0.311766 0.496528 0.170472 0.0528447 0.00709341
11 0.308567 0.508882 0.158449 0.0743098 0.00512853
11 0.179618 0.559684 0.102641 0.138115 0.0033427
11 0.283088 0.511865 0.134145 0.0794849 0.00328707
11 0.201462 0.534388 0.116202 0.0837223 0.00249616
11 0.250384 0.505502 0.173806 0.0769675 0.00240423
11 0.18788 0.550325 0.0963651 0.111133 0.00227231
11 0.305269 0.488306 0.158985 0.0529521 0.00177593
11 0.446208 0.379803 0.158317 0.147386 0.0017598
11 0.26727 0.49931 0.152627 0.0618122 0.00152025
11 0.288188 0.498449 0.13004 0.0558112 0.00132772
11 0.291546 0.490621 0.12481 0.0440379 0.00114845
11 0.390083 0.368845 0.124057 0.072798 0.00109346
