11 0.54733 0.706741 0.170151 0.0667015 0.10837
11 0.560151 0.702597 0.149381 0.089607 0.0969012
11 0.54689 0.695356 0.169097 0.0337556 0.0919693
11 0.591765 0.698514 0.090653 0.0991164 0.0378264
11 0.607766 0.686295 0.132415 0.127926 0.0318299
11 0.622802 0.68041 0.175921 0.137141 0.0159335
11 0.734707 0.532789 0.126761 0.140474 0.00722683
11 0.590755 0.663308 0.186548 0.171552 0.00700853
11 0.631056 0.503182 0.134385 0.155117 0.00668421
11 0.653651 0.510596 0.157545 0.163754 0.00616372
11 0.584042 0.678102 0.119404 0.145445 0.00413238
11 0.706949 0.537471 0.123197 0.142308 0.00344923
11 0.55932 0.666556 0.164014 0.15194 0.0030192
11 0.685861 0.532462 0.136678 0.150729 0.00254056
11 0.721265 0.547329 0.116989 0.13947 0.00239236
11 0.639278 0.657323 0.216242 0.146374 0.00226458
11 0.676094 0.580623 0.121826 0.149194 0.00199684
11 0.698132 0.565931 0.0998742 0.165402 0.00148059
11 0.668799 0.66362 0.209856 0.12242 0.00134175
11 0.544823 0.67918 0.174926 0.0814565 0.00129248
11 0.69393 0.653638 0.158349 0.106992 0.00104002
11 0.695795 0.641369 0.134553 0.112177 0.0010228
