10 0.595905 0.52626 0.808191 0.377498 0.950976
4 0.261655 0.294431 0.334628 0.185986 0.610673
10 0.26246 0.295409 0.333703 0.190906 0.54176
4 0.591471 0.530803 0.492755 0.452475 0.426344
4 0.575874 0.516184 0.234636 0.443776 0.111433
10 0.581602 0.519519 0.224057 0.450175 0.0966654
4 0.535786 0.464426 0.318478 0.339832 0.0659159
10 0.471451 0.448066 0.456007 0.311763 0.0150873
8 0.688449 0.470927 0.411091 0.245797 0.00726428
4 0.547085 0.582463 0.397632 0.354873 0.00605154
10 0.4994 0.506735 0.620062 0.319712 0.0059917
4 0.589386 0.464474 0.209902 0.339176 0.00504341
10 0.588852 0.446014 0.2167 0.307314 0.00488178
10 0.523934 0.596927 0.365901 0.282918 0.00301841
10 0.569375 0.453228 0.297089 0.344008 0.00289206
8 0.64728 0.447253 0.412882 0.284866 0.00220767
10 0.528289 0.43828 0.331461 0.285081 0.00155231
10 0.568669 0.474989 0.386831 0.331146 0.00142625
10 0.756019 0.526886 0.487961 0.391348 0.00122215
