8 0.55793 0.519755 0.526248 0.224305 0.828044
11 0.747775 0.500933 0.175812 0.0798536 0.686988
3 0.572808 0.421171 0.421611 0.144796 0.602009
8 0.498699 0.506814 0.395099 0.207723 0.0215217
11 0.714207 0.485483 0.113653 0.0635744 0.00613876
8 0.487773 0.500166 0.308174 0.173984 0.00339522
11 0.556938 0.500213 0.165968 0.0661463 0.00337611
11 0.546252 0.491483 0.193266 0.0517767 0.00183649
3 0.572374 0.448863 0.467521 0.190149 0.00173251
11 0.725067 0.496794 0.133434 0.0743639 0.00158086
11 0.524265 0.507332 0.196887 0.0842098 0.00100877
