3 0.54516 0.361799 0.323213 0.126657 0.0387714
11 0.367113 0.740853 0.217683 0.0383222 0.0233469
11 0.217716 0.652982 0.0552581 0.0779431 0.00990013
3 0.576103 0.405215 0.362446 0.214028 0.00531205
10 0.137732 0.71302 0.0611887 0.0615457 0.00450992
11 0.226008 0.64926 0.059687 0.0707602 0.00446418
11 0.218773 0.640698 0.0499492 0.0896479 0.00340375
11 0.753319 0.518412 0.0986395 0.0837992 0.00306613
11 0.240267 0.65319 0.10062 0.0807429 0.0020553
11 0.747297 0.531955 0.096788 0.067728 0.00153047
11 0.40136 0.651994 0.175926 0.0787031 0.00146197
11 0.649907 0.642793 0.0865272 0.07596 0.00145605
11 0.819854 0.435275 0.122603 0.0668084 0.00135518
11 0.253841 0.723587 0.171909 0.0262279 0.0012068
11 0.371214 0.646799 0.19553 0.0613916 0.00116999
11 0.237778 0.711889 0.153469 0.041296 0.0011212
