6 0.587673 0.387146 0.286419 0.0898349 0.710867
7 0.568498 0.391386 0.220557 0.0842311 0.343373
7 0.581839 0.400577 0.187113 0.0651395 0.335377
6 0.615159 0.406488 0.334175 0.117257 0.0111763
6 0.585334 0.410352 0.216285 0.0532053 0.00822436
6 0.596827 0.412684 0.178385 0.0435366 0.0047695
6 0.616661 0.404199 0.22335 0.0598523 0.00332685
7 0.535854 0.380854 0.177545 0.0740952 0.00246868
7 0.517637 0.384422 0.12485 0.0537175 0.00224589
7 0.534748 0.391612 0.165623 0.068827 0.00223807
6 0.579558 0.399916 0.228741 0.0697883 0.00194075
11 0.580717 0.387707 0.273102 0.0884912 0.00192801
4 0.62611 0.411867 0.382733 0.133562 0.00121031
6 0.631439 0.413925 0.193214 0.0400637 0.00113833
