10 0.416529 0.705211 0.366887 0.269613 0.540287
10 0.310276 0.793175 0.248246 0.0925482 0.0943073
10 0.329572 0.819049 0.209586 0.0436497 0.0369368
10 0.310203 0.808552 0.249075 0.0664013 0.0250302
10 0.311954 0.768514 0.252214 0.143121 0.0100397
10 0.285083 0.802538 0.197671 0.0708607 0.00425918
10 0.333065 0.800428 0.206219 0.0781599 0.00158707
10 0.264857 0.816767 0.15703 0.0416742 0.00139907
11 0.797337 0.516278 0.139156 0.0479397 0.00138745
10 0.240308 0.988346 0.480616 0.0230656 0.00124525
