5 0.543159 0.408026 0.394774 0.103776 0.869384
2 0.422195 0.511058 0.799914 0.318852 0.394892
2 0.421689 0.456232 0.800161 0.229039 0.369357
2 0.423436 0.569354 0.795156 0.337136 0.103897
1 0.778637 0.460677 0.069477 0.254394 0.0962672
2 0.415688 0.421963 0.772436 0.189366 0.0293273
2 0.42372 0.40324 0.800943 0.26106 0.0195386
1 0.740359 0.460397 0.14841 0.257658 0.00450516
1 0.76118 0.45774 0.10526 0.245022 0.00404825
3 0.778535 0.458814 0.0694745 0.24484 0.00275615
2 0.738077 0.463222 0.154456 0.264199 0.00166138
6 0.779917 0.456545 0.0672187 0.259171 0.00159285
10 0.780473 0.454773 0.0665653 0.25152 0.00152186
2 0.765833 0.469713 0.0987701 0.275538 0.00114424
