0 0.60117 0.808164 0.325531 0.214676 0.887298
9 0.267768 0.887654 0.298571 0.0833952 0.7805
9 0.262744 0.856531 0.319239 0.149101 0.00951406
4 0.199152 0.895642 0.172976 0.0395452 0.00635578
11 0.335934 0.889494 0.155971 0.0795781 0.00355244
9 0.32186 0.890035 0.188015 0.0811259 0.00318885
4 0.201166 0.901728 0.119158 0.0421801 0.00284345
11 0.317693 0.877831 0.139529 0.05971 0.00239914
9 0.262024 0.832508 0.34686 0.202904 0.00235911
9 0.2754 0.918477 0.326948 0.163046 0.00232556
11 0.289725 0.891068 0.249287 0.0791525 0.00157179
4 0.174578 0.895339 0.125548 0.0297733 0.00147927
4 0.181753 0.899165 0.124235 0.0391718 0.00117628
