3 0.400232 0.718669 0.0633543 0.20936 0.412978
3 0.977347 0.669519 0.0450115 0.127636 0.233389
3 0.35983 0.675308 0.0440471 0.125364 0.148346
11 0.206588 0.377454 0.0329052 0.068124 0.00863614
11 0.202957 0.370881 0.0284739 0.0590391 0.00564119
11 0.181841 0.463054 0.0294768 0.0736851 0.00385691
11 0.145922 0.373049 0.0394765 0.0370182 0.00348768
11 0.831593 0.419671 0.013698 0.0874587 0.00329444
11 0.198508 0.363247 0.0346221 0.0473032 0.00293585
11 0.116722 0.519043 0.0278451 0.0539598 0.00277717
11 0.147497 0.380763 0.0393932 0.0400303 0.00262565
11 0.115883 0.541647 0.0221572 0.0835803 0.00234759
11 0.120698 0.467172 0.0360444 0.0306106 0.00212866
10 0.685268 0.497548 0.0178911 0.0943292 0.00212584
11 0.111121 0.427585 0.0215286 0.0671138 0.00211943
11 0.686086 0.574024 0.020361 0.0884697 0.00208426
11 0.120204 0.488804 0.0348018 0.0286623 0.00207832
11 0.200532 0.37749 0.0351257 0.0631787 0.00204606
11 0.158664 0.36942 0.033757 0.038592 0.00197374
11 0.177274 0.456977 0.0321414 0.0672289 0.00183467
11 0.146069 0.46242 0.0356881 0.0460461 0.00182275
11 0.12986 0.468262 0.0498983 0.0297271 0.00173823
11 0.685971 0.549985 0.0200635 0.128575 0.00171552
11 0.686238 0.418217 0.0216769 0.0863508 0.0016977
3 0.377685 0.679469 0.0774172 0.128734 0.00168553
11 0.207719 0.393991 0.0321068 0.0999456 0.00165584
11 0.150977 0.449105 0.0308676 0.042041 0.00163887
11 0.689188 0.421856 0.0225626 0.072224 0.00159644
11 0.128208 0.512252 0.0490017 0.0380554 0.00152259
11 0.111302 0.524035 0.0226347 0.0651543 0.00150931
11 0.131802 0.373489 0.0379457 0.0368534 0.00149273
11 0.113741 0.462434 0.0273115 0.0497783 0.00149139
11 0.198354 0.351907 0.0286001 0.0318765 0.00147247
11 0.689027 0.456943 0.0216467 0.0449214 0.00146348
11 0.111418 0.539035 0.0198181 0.0862707 0.00143896
1 0.554954 0.70873 0.0902996 0.0748539 0.00142841
3 0.318808 0.638442 0.033119 0.119543 0.0013957
11 0.129477 0.488136 0.0507409 0.030301 0.00138808
11 0.190998 0.348826 0.0412157 0.0283356 0.00138124
11 0.686113 0.492436 0.0197191 0.0881796 0.00128497
11 0.68663 0.463326 0.0213583 0.0575715 0.0012289
11 0.11429 0.440136 0.0246015 0.0436051 0.00119777
11 0.15582 0.383613 0.0407402 0.0439437 0.0011691
11 0.725326 0.419729 0.0343333 0.0487179 0.00116531
11 0.216377 0.39858 0.030756 0.098425 0.00113287
11 0.183352 0.365207 0.039844 0.0390204 0.00112903
11 0.113564 0.379163 0.0224447 0.0463709 0.00108963
11 0.190452 0.47834 0.035695 0.0740438 0.0010839
11 0.807235 0.476179 0.0317803 0.0680551 0.00107147
11 0.689355 0.402427 0.0228015 0.0849889 0.00106957
11 0.746907 0.401357 0.0560659 0.0595416 0.00106644
11 0.110501 0.409678 0.0196816 0.0708696 0.00102658
11 0.112982 0.494314 0.0262706 0.0380844 0.00101344
