4 0.517695 0.667854 0.475944 0.42046 0.843773
3 0.702545 0.743133 0.308833 0.275037 0.666941
8 0.567743 0.594323 0.534352 0.264099 0.157308
3 0.558595 0.597033 0.558457 0.27266 0.139577
3 0.386247 0.675255 0.355913 0.207534 0.0460676
3 0.616847 0.738877 0.284773 0.26603 0.0164202
8 0.609078 0.587018 0.415152 0.235189 0.00974826
4 0.564178 0.688683 0.369013 0.376309 0.00619414
3 0.57897 0.716508 0.336814 0.294406 0.00244072
3 0.624767 0.771326 0.245901 0.208462 0.00190714
3 0.658135 0.72241 0.303369 0.318947 0.00112922
11 0.286563 0.718437 0.166255 0.122346 0.00101035
