9 0.751192 0.577052 0.234933 0.240552 0.812404
6 0.619602 0.513471 0.237365 0.263312 0.798207
6 0.67127 0.510341 0.102898 0.214095 0.0148029
7 0.682617 0.504617 0.0787733 0.136524 0.010839
7 0.679621 0.50901 0.0852842 0.182349 0.0100612
7 0.690877 0.523861 0.0603952 0.0851825 0.00766487
7 0.693942 0.533778 0.05659 0.0599354 0.00558701
7 0.657387 0.500489 0.125051 0.19076 0.00386755
7 0.686145 0.533902 0.077792 0.152144 0.00355771
6 0.678587 0.508596 0.344302 0.255787 0.00352479
7 0.694151 0.543452 0.059795 0.091441 0.00300433
7 0.559776 0.414739 0.115836 0.068513 0.00216229
7 0.640839 0.488038 0.151822 0.159151 0.00212375
7 0.715401 0.631535 0.0506775 0.151397 0.00142605
4 0.242225 0.612079 0.0802244 0.180017 0.0013678
7 0.722925 0.679066 0.0357501 0.0530175 0.00127296
6 0.693545 0.503623 0.148947 0.175894 0.0011388
7 0.722506 0.660668 0.0377785 0.0923456 0.00111714
6 0.645853 0.503268 0.150431 0.221689 0.00107692
