9 0.522467 0.694828 0.316994 0.210932 0.918178
0 0.606962 0.803856 0.650278 0.101509 0.721609
0 0.265183 0.808233 0.189224 0.0916245 0.0214205
0 0.387698 0.803652 0.43277 0.116877 0.0185932
0 0.484434 0.814119 0.483206 0.118627 0.0095414
0 0.576611 0.808672 0.697567 0.147952 0.00719989
0 0.406314 0.772466 0.48449 0.185576 0.00552337
0 0.423258 0.82106 0.45372 0.106391 0.00473698
0 0.303725 0.813353 0.264912 0.104928 0.00335404
0 0.393878 0.822006 0.311195 0.0840349 0.00205366
0 0.269335 0.774713 0.201411 0.169312 0.00139919
6 0.294842 0.806141 0.12435 0.0893947 0.001184
0 0.395454 0.805348 0.331367 0.103921 0.00109083
