10 0.781121 0.672872 0.0395042 0.259634 0.198815
10 0.753715 0.449029 0.053301 0.135195 0.0598362
10 0.741792 0.466495 0.0762078 0.166996 0.0237912
10 0.779576 0.706101 0.0402182 0.200183 0.0226796
10 0.784161 0.66128 0.0392287 0.183089 0.0175317
10 0.733552 0.48408 0.0960929 0.204885 0.00839686
10 0.783043 0.647558 0.051653 0.298405 0.00576476
11 0.453999 0.374047 0.0857687 0.221815 0.00383718
10 0.785179 0.62753 0.0428186 0.167449 0.00316328
10 0.782982 0.648956 0.0480436 0.219517 0.00174584
10 0.777686 0.622222 0.057807 0.354487 0.00155795
10 0.730265 0.508575 0.110871 0.264234 0.00122659
10 0.744949 0.57304 0.100505 0.381768 0.00117161
