7 0.224837 0.661596 0.0566947 0.0587175 0.810869
7 0.260985 0.413188 0.0927666 0.045199 0.0189659
7 0.208994 0.684088 0.0603529 0.108244 0.0125039
7 0.261547 0.420317 0.0947802 0.0821276 0.0111327
7 0.205523 0.704783 0.0534155 0.0659883 0.00964085
7 0.245655 0.42006 0.0550599 0.0389139 0.00716529
11 0.68839 0.588437 0.144849 0.128275 0.00381703
7 0.256503 0.427247 0.0795027 0.0559312 0.00309865
7 0.21186 0.698215 0.0500344 0.0762781 0.00304891
7 0.528249 0.743084 0.089512 0.0574792 0.00283734
7 0.269633 0.404589 0.060366 0.0653652 0.00232706
11 0.501718 0.74189 0.152129 0.0895131 0.00222136
7 0.540082 0.744165 0.0654135 0.0536359 0.00172393
7 0.202361 0.694814 0.0537018 0.0881716 0.00145898
8 0.476062 0.635195 0.503726 0.34558 0.00141028
