9 0.333873 0.300439 0.465719 0.37133 0.909047
7 0.580248 0.110694 0.206767 0.0324867 0.724176
6 0.307331 0.341378 0.205847 0.138272 0.0131701
7 0.608774 0.111164 0.151509 0.0301991 0.0117247
6 0.355226 0.286112 0.244427 0.262873 0.00684995
6 0.326649 0.319584 0.179907 0.185487 0.00617793
6 0.399939 0.262955 0.243032 0.160424 0.00503084
6 0.400715 0.286266 0.254846 0.106388 0.00330268
6 0.359313 0.305022 0.198258 0.232154 0.00248264
6 0.39441 0.263331 0.190996 0.220934 0.00207716
6 0.342843 0.326161 0.247854 0.181015 0.00200389
