11 0.36093 0.428155 0.0990383 0.098782 0.492302
11 0.341086 0.427001 0.131276 0.10281 0.22486
8 0.487635 0.558144 0.353182 0.250298 0.00327511
11 0.586698 0.490378 0.122712 0.054484 0.00168154
11 0.29391 0.554735 0.0853745 0.152548 0.00162111
11 0.309012 0.48539 0.0867248 0.161818 0.00146201
11 0.289185 0.537789 0.0754379 0.122011 0.00134085
11 0.378514 0.614373 0.0889591 0.123075 0.00122934
11 0.293799 0.520654 0.0807704 0.104321 0.00115591
11 0.306958 0.426717 0.132945 0.0946684 0.00113551
11 0.596956 0.491918 0.117064 0.044454 0.0010589
