2 0.629113 0.429415 0.383929 0.461764 0.68827
5 0.470879 0.524167 0.222868 0.349813 0.668975
2 0.635655 0.490913 0.485358 0.476994 0.527259
2 0.656404 0.536452 0.383818 0.375066 0.311507
2 0.624613 0.560306 0.513505 0.336699 0.199045
1 0.58982 0.518176 0.488585 0.366003 0.158903
5 0.630397 0.541264 0.444502 0.370978 0.0952784
1 0.512634 0.499031 0.367927 0.394883 0.0752591
1 0.55279 0.452057 0.463505 0.45431 0.0168807
1 0.552868 0.472482 0.3624 0.260649 0.0168796
5 0.508284 0.54094 0.233653 0.353257 0.0102134
5 0.50286 0.509582 0.300121 0.343219 0.00822345
3 0.48758 0.499941 0.298699 0.305387 0.00707868
1 0.464382 0.474494 0.291312 0.440377 0.00659931
1 0.486634 0.506003 0.288304 0.32406 0.0059282
5 0.511052 0.54722 0.180167 0.306057 0.00429181
1 0.545769 0.464349 0.281724 0.229594 0.00218634
