3 0.786872 0.427644 0.141552 0.0894785 0.582457
11 0.317877 0.626721 0.0959458 0.0258732 0.0135995
11 0.285719 0.535536 0.0814975 0.0307483 0.011425
11 0.318944 0.633831 0.100083 0.0491731 0.00522221
11 0.616831 0.810814 0.0281598 0.087429 0.00366633
11 0.305164 0.752336 0.12996 0.031319 0.00271472
11 0.626046 0.81203 0.0374641 0.0836105 0.00244135
11 0.321046 0.624369 0.0932799 0.0356778 0.00192283
11 0.101083 0.653506 0.0393373 0.0842584 0.00184186
11 0.618731 0.819402 0.0398117 0.0721436 0.00154511
11 0.305538 0.464971 0.044977 0.0794317 0.00140188
11 0.296788 0.63639 0.135499 0.0455521 0.00129825
11 0.306064 0.758275 0.133473 0.0321355 0.00126461
11 0.292256 0.549002 0.0732456 0.0582942 0.00124619
