7 0.347115 0.421077 0.0685647 0.0467613 0.649002
7 0.315097 0.670496 0.0305259 0.0529303 0.165522
7 0.342722 0.424 0.0593625 0.0367388 0.130945
7 0.32148 0.727882 0.0559661 0.0401319 0.0158049
7 0.347052 0.670651 0.0459591 0.0375791 0.0137499
7 0.11742 0.724637 0.0427915 0.033239 0.0130053
7 0.317954 0.415914 0.0796838 0.0327358 0.012909
7 0.298667 0.414645 0.041775 0.0326003 0.0083849
7 0.113377 0.725324 0.0534569 0.0387939 0.00396988
7 0.120644 0.716703 0.034616 0.0403214 0.00389809
7 0.344566 0.67233 0.0542203 0.0514943 0.00362346
7 0.319633 0.692629 0.048474 0.101268 0.00179344
7 0.337768 0.669757 0.0609819 0.0589867 0.00145448
7 0.298504 0.548489 0.0695037 0.0484407 0.00125636
8 0.327067 0.594254 0.190955 0.285589 0.00104608
