11 0.558431 0.617799 0.0620552 0.0614107 0.0425114
11 0.778038 0.584766 0.094377 0.0980901 0.011144
11 0.203335 0.496251 0.0885017 0.0802994 0.0108023
11 0.638457 0.472497 0.127456 0.0760739 0.0101581
11 0.196045 0.485592 0.0784606 0.0832189 0.00980939
11 0.554759 0.443421 0.145496 0.0445422 0.00700006
11 0.184033 0.436208 0.165875 0.0229895 0.00693703
11 0.0684726 0.612638 0.0659403 0.0659691 0.00587002
10 0.147393 0.616971 0.0867008 0.108831 0.00568714
11 0.2462 0.617323 0.0587942 0.0529385 0.00565591
11 0.234055 0.521246 0.103588 0.0588001 0.00552633
11 0.187921 0.480942 0.073188 0.0699289 0.0054592
11 0.712238 0.491921 0.15061 0.0593523 0.00519099
11 0.569712 0.408917 0.129647 0.0147449 0.00518265
11 0.732393 0.568202 0.0947856 0.0600716 0.00515684
11 0.616645 0.474849 0.155703 0.0783722 0.00512745
11 0.19681 0.523452 0.0980677 0.0490753 0.00509627
11 0.55729 0.451112 0.147033 0.0462526 0.00494493
11 0.256787 0.518323 0.121042 0.0562107 0.00483068
11 0.762084 0.572866 0.107212 0.0808199 0.00479682
11 0.535358 0.411716 0.117044 0.0192475 0.00460707
11 0.218102 0.520164 0.0799853 0.0540523 0.00453828
11 0.538207 0.422065 0.112143 0.01926 0.00437864
11 0.76675 0.473196 0.113826 0.0499357 0.00432088
11 0.241948 0.569201 0.0634497 0.0438583 0.00431137
11 0.618036 0.496541 0.157043 0.0457846 0.00413198
11 0.772725 0.456581 0.11026 0.0164411 0.00403801
11 0.764579 0.558702 0.110497 0.0707164 0.00399377
11 0.321053 0.523439 0.046285 0.057414 0.00394623
11 0.768249 0.685183 0.155548 0.0546777 0.00393063
11 0.661277 0.495493 0.110946 0.0420937 0.00388605
11 0.0301268 0.589878 0.0602535 0.0546787 0.00378179
11 0.795343 0.58844 0.0751264 0.101509 0.00371304
11 0.0572561 0.597108 0.0857714 0.049576 0.00370874
11 0.165018 0.438565 0.174529 0.0272731 0.00367194
11 0.751409 0.47626 0.116993 0.0570048 0.0036491
11 0.557383 0.465748 0.142531 0.0520931 0.00360642
11 0.737592 0.496554 0.143782 0.070343 0.0035772
11 0.0757184 0.620119 0.0604491 0.0647967 0.00352599
11 0.595535 0.476483 0.185934 0.0641571 0.00351179
11 0.07147 0.597559 0.0639607 0.0451981 0.0034482
11 0.156232 0.44247 0.153314 0.0301785 0.00343518
11 0.58291 0.619877 0.132177 0.0577165 0.00341956
11 0.778798 0.562724 0.0886575 0.0663469 0.0033169
11 0.581655 0.466069 0.156982 0.0665025 0.0032644
11 0.242504 0.577392 0.0668833 0.0593616 0.0032534
11 0.539774 0.437119 0.127022 0.0409029 0.00315843
11 0.18445 0.504077 0.0904968 0.0559416 0.00309535
11 0.601944 0.462309 0.124209 0.0646192 0.00307555
11 0.611662 0.404731 0.131463 0.0136748 0.00307255
11 0.292958 0.519436 0.0874583 0.0556805 0.00299187
11 0.332608 0.524618 0.0681853 0.0484474 0.0029416
10 0.160116 0.628535 0.0604591 0.103946 0.00292281
11 0.737315 0.555487 0.113623 0.0691032 0.00278616
11 0.761139 0.677867 0.13966 0.040164 0.00275373
11 0.196019 0.441316 0.136063 0.0303609 0.00273814
11 0.768127 0.460501 0.112722 0.0249989 0.00271736
11 0.552935 0.478102 0.131236 0.0368542 0.0026679
11 0.460874 0.567087 0.183785 0.0326254 0.0026158
11 0.243455 0.602967 0.0630517 0.0583565 0.00255067
11 0.285439 0.513555 0.0985527 0.0486222 0.00252021
11 0.235735 0.509986 0.112038 0.0589274 0.00242014
11 0.583563 0.448581 0.114061 0.0457213 0.00240903
10 0.110041 0.587462 0.0441601 0.0521469 0.0024021
11 0.219866 0.434094 0.110493 0.021473 0.0023772
11 0.774924 0.50218 0.122409 0.0734373 0.00236525
11 0.0837894 0.585643 0.059654 0.0566507 0.00233945
11 0.334093 0.516281 0.0668334 0.0488354 0.00233397
11 0.42966 0.530015 0.204128 0.0472416 0.00230793
11 0.217785 0.443849 0.108733 0.0381807 0.0022874
11 0.185783 0.47306 0.0569662 0.0572317 0.00227081
11 0.538659 0.530683 0.137968 0.0408399 0.00226249
11 0.10077 0.483731 0.109529 0.0244021 0.00226063
11 0.656947 0.484228 0.113034 0.0591471 0.00225576
11 0.115654 0.48336 0.126218 0.0291883 0.00222542
11 0.508444 0.440976 0.0938083 0.0373561 0.00219805
11 0.58941 0.398237 0.100691 0.0156764 0.00219374
11 0.232148 0.53837 0.092288 0.0669142 0.00216493
10 0.137905 0.607615 0.0589387 0.0892668 0.00216424
10 0.125225 0.587727 0.0338826 0.0487993 0.00215772
11 0.227878 0.4923 0.101026 0.0731672 0.00214598
11 0.151539 0.616662 0.0898237 0.10785 0.00214514
11 0.0614579 0.482101 0.0574873 0.0302731 0.00212155
11 0.765779 0.491128 0.12804 0.0544711 0.00209056
11 0.724991 0.477469 0.129406 0.0610193 0.00207259
11 0.48803 0.565087 0.142573 0.030274 0.00206493
11 0.438784 0.514861 0.216717 0.0513428 0.00206085
11 0.321112 0.54263 0.0531147 0.0722379 0.00204587
11 0.606643 0.504912 0.172391 0.041625 0.00204071
11 0.1637 0.457413 0.0850413 0.0481571 0.00202085
11 0.238914 0.61399 0.0669689 0.061729 0.00197287
11 0.384834 0.527503 0.151233 0.0373072 0.00197153
11 0.0423726 0.600805 0.0829774 0.0696624 0.00196859
11 0.500972 0.540886 0.108533 0.0365696 0.0019549
11 0.583515 0.531151 0.0839106 0.0399136 0.00195033
11 0.167796 0.526259 0.11478 0.0430313 0.00193845
11 0.509942 0.535817 0.128288 0.0379637 0.00192514
11 0.231341 0.562662 0.0688141 0.0348033 0.00187841
11 0.259422 0.559315 0.0929928 0.0605297 0.00186955
11 0.532375 0.539527 0.152319 0.0430714 0.00185282
11 0.0726104 0.533797 0.0399703 0.0433142 0.00185235
11 0.380679 0.517881 0.145673 0.0402088 0.00183075
11 0.611139 0.51969 0.152308 0.0486623 0.00182358
11 0.714694 0.585972 0.0995827 0.0842031 0.00180895
11 0.201565 0.539444 0.11802 0.0520164 0.00180089
11 0.256896 0.570903 0.0885973 0.0566353 0.00173908
11 0.102915 0.487777 0.10956 0.0250939 0.0017345
11 0.612276 0.398497 0.128891 0.0146064 0.00164526
11 0.207152 0.458493 0.0986515 0.054155 0.00164525
11 0.231708 0.582912 0.0746201 0.0676178 0.00163803
11 0.151816 0.483972 0.12399 0.0447632 0.00162556
11 0.695456 0.591137 0.0750995 0.0792786 0.00161347
11 0.783961 0.482017 0.114061 0.0326404 0.00161189
11 0.28777 0.506712 0.0980752 0.0331997 0.00157938
11 0.112877 0.521051 0.0775274 0.0335772 0.00154652
11 0.682736 0.47631 0.146146 0.0674101 0.00154017
11 0.776165 0.470486 0.119257 0.0398511 0.00152091
11 0.164239 0.473463 0.0861185 0.0534171 0.00149095
11 0.565913 0.606699 0.0863885 0.0778076 0.0014836
11 0.693022 0.419594 0.129459 0.0444027 0.00148004
11 0.0769488 0.526709 0.0443262 0.0461845 0.00146
11 0.106329 0.5313 0.0840832 0.0472743 0.00142133
11 0.0624167 0.434781 0.0887431 0.0575641 0.00141893
11 0.0590595 0.476083 0.0592708 0.0297256 0.00141748
11 0.615023 0.537604 0.106639 0.0456406 0.00140156
10 0.161692 0.637151 0.0487109 0.0913142 0.00139894
11 0.301706 0.540363 0.0818928 0.0804398 0.00139863
11 0.309113 0.474515 0.117497 0.0492689 0.00139252
11 0.69582 0.413364 0.118295 0.0407333 0.00137647
11 0.29245 0.554929 0.104126 0.0775318 0.00137122
11 0.257572 0.538351 0.107464 0.0767433 0.00135703
11 0.283547 0.500264 0.110745 0.0400786 0.00134449
11 0.0713434 0.44433 0.102606 0.0616853 0.00133849
11 0.266474 0.437332 0.108201 0.0319862 0.00133104
11 0.0763688 0.565783 0.0565347 0.0786091 0.00132164
11 0.317469 0.552694 0.0704696 0.0645871 0.00131139
4 0.0251223 0.706722 0.0283915 0.0671175 0.00130971
11 0.501581 0.549704 0.111267 0.0355715 0.00129612
11 0.105272 0.58678 0.0536947 0.051849 0.00129501
11 0.182287 0.464798 0.0554201 0.0503754 0.00129396
11 0.0252948 0.707968 0.031009 0.0657419 0.00129061
11 0.715809 0.413159 0.114529 0.0447229 0.00129002
11 0.601433 0.490234 0.188368 0.0539715 0.00128742
11 0.474263 0.549 0.155411 0.0408461 0.0012551
11 0.226609 0.482152 0.0887315 0.0590324 0.00125041
11 0.82026 0.59904 0.0545096 0.0815126 0.00124412
11 0.721982 0.57317 0.0857305 0.061628 0.00123864
11 0.226059 0.456737 0.0907128 0.045162 0.00123123
11 0.274246 0.444563 0.11657 0.0440563 0.00122883
11 0.201451 0.472129 0.0891749 0.0684961 0.00122345
11 0.145537 0.523582 0.086766 0.0378322 0.00120311
11 0.172786 0.537858 0.134007 0.045738 0.0011833
11 0.694934 0.568651 0.112114 0.0485279 0.00117744
11 0.184058 0.430292 0.178709 0.0307077 0.00116866
11 0.018386 0.586576 0.036772 0.0502958 0.0011568
11 0.431558 0.569944 0.21287 0.0241531 0.00114441
11 0.412399 0.518664 0.17511 0.0403429 0.00114148
11 0.309613 0.510468 0.0647907 0.0445761 0.00111766
11 0.648971 0.41625 0.107481 0.0349274 0.00111203
11 0.293675 0.470322 0.125929 0.051085 0.00110726
11 0.691177 0.428945 0.146447 0.040296 0.00109294
11 0.313098 0.488073 0.100559 0.0507014 0.00108148
11 0.253094 0.471481 0.0661705 0.04603 0.00108114
11 0.330362 0.475615 0.102781 0.0446024 0.00107904
11 0.254763 0.453644 0.0804938 0.0482488 0.00107753
11 0.729198 0.469502 0.143622 0.0452639 0.00107389
11 0.295335 0.438842 0.145891 0.0374106 0.00107382
11 0.524459 0.523583 0.165671 0.057279 0.00107208
11 0.258101 0.482762 0.0755435 0.0507175 0.00106934
11 0.0951812 0.446544 0.122668 0.0373498 0.00106543
11 0.438228 0.53924 0.201123 0.0509188 0.00106406
11 0.0656584 0.531377 0.0432487 0.0515911 0.00106361
11 0.584333 0.438376 0.114034 0.0394009 0.00105918
11 0.642202 0.45414 0.122083 0.0621773 0.00105506
11 0.69563 0.554218 0.133198 0.0566365 0.00105276
11 0.231945 0.59824 0.0767261 0.0735653 0.00104942
11 0.684944 0.598386 0.0450085 0.0667814 0.00104498
11 0.293704 0.450029 0.135433 0.0508597 0.00104067
11 0.0662676 0.539371 0.0454622 0.049983 0.00103943
11 0.543773 0.521937 0.142921 0.0474893 0.00103452
11 0.286515 0.568467 0.127551 0.0740969 0.00103292
11 0.584846 0.541639 0.0914004 0.0450685 0.00103014
11 0.790573 0.50697 0.106054 0.0736657 0.0010201
11 0.51712 0.566766 0.145943 0.032081 0.00101985
11 0.0649433 0.522626 0.0496215 0.065111 0.00101974
11 0.0648486 0.455346 0.0809434 0.0612234 0.00101882
11 0.588743 0.511977 0.144413 0.0374353 0.00101508
11 0.25392 0.601539 0.0800818 0.0683705 0.00101141
11 0.671493 0.59078 0.110532 0.0740133 0.00100208
