7 0.548262 0.719079 0.0571381 0.0440471 0.114346
7 0.449767 0.688787 0.0588146 0.0483723 0.111454
7 0.353619 0.555386 0.0227848 0.0567656 0.0594502
7 0.553971 0.716837 0.0548587 0.0583213 0.0249297
7 0.547952 0.710926 0.0561089 0.0476582 0.0192382
7 0.410833 0.551018 0.0441123 0.0369825 0.0140836
7 0.809593 0.678745 0.0726852 0.0591079 0.0094387
7 0.585778 0.498121 0.0543496 0.0434128 0.00771817
7 0.404865 0.554235 0.0436716 0.0397129 0.00598484
10 0.804727 0.39445 0.12254 0.121146 0.00486922
7 0.407387 0.571011 0.0428751 0.0738581 0.00472026
7 0.455074 0.684626 0.0618385 0.0587196 0.00399698
7 0.415081 0.544819 0.0365107 0.0405276 0.00364682
7 0.561003 0.720156 0.0430582 0.0658051 0.00262028
7 0.358683 0.5561 0.0237422 0.0563428 0.00234059
11 0.809456 0.679133 0.0730877 0.0616052 0.00216845
10 0.826254 0.399471 0.149892 0.134777 0.00158206
7 0.3536 0.557684 0.0284551 0.0667431 0.00142259
7 0.412512 0.541854 0.0384332 0.0633385 0.00141187
7 0.421697 0.545024 0.0670574 0.0529454 0.00135347
7 0.412203 0.561491 0.0438881 0.0903276 0.00113828
