3 0.472324 0.430432 0.29135 0.276827 0.783532
11 0.371802 0.361988 0.211846 0.106344 0.437845
3 0.404179 0.339935 0.302658 0.169706 0.351691
8 0.376334 0.328649 0.362899 0.151397 0.186641
11 0.416211 0.354548 0.26982 0.12402 0.0393994
3 0.42374 0.393616 0.332788 0.263353 0.0106558
8 0.371738 0.312534 0.360818 0.106236 0.00487824
8 0.459203 0.348192 0.418082 0.188619 0.00326319
4 0.444815 0.353105 0.360623 0.156831 0.00316786
3 0.561719 0.512074 0.377782 0.140247 0.00144977
11 0.424249 0.34415 0.316758 0.161574 0.00140093
