5 0.670841 0.541959 0.149448 0.349999 0.874661
2 0.781559 0.449971 0.371677 0.300254 0.77455
2 0.231575 0.677561 0.349508 0.337754 0.734881
5 0.172422 0.724303 0.223922 0.129629 0.722313
2 0.233701 0.727575 0.348643 0.227025 0.453468
2 0.17264 0.667708 0.260735 0.241865 0.0279476
1 0.156023 0.646019 0.23412 0.215925 0.00928363
1 0.130335 0.633773 0.181233 0.200602 0.00865228
5 0.1777 0.735782 0.234801 0.186009 0.00395266
1 0.0938111 0.626078 0.106851 0.194285 0.00295039
10 0.752889 0.478653 0.29227 0.104394 0.00280303
2 0.173575 0.691028 0.233791 0.171423 0.00142
5 0.196199 0.741293 0.316284 0.286969 0.00122813
3 0.617046 0.474456 0.0550285 0.228337 0.001201
5 0.615554 0.474094 0.0500362 0.238467 0.00116887
