3 0.451012 0.548872 0.0420992 0.113441 0.378113
3 0.76532 0.576891 0.0719396 0.134996 0.335194
3 0.783051 0.577421 0.0734006 0.108731 0.0607522
3 0.0609651 0.765684 0.04892 0.12122 0.0186947
10 0.74901 0.676366 0.0303833 0.0917235 0.011517
3 0.800417 0.578664 0.0376644 0.0938045 0.0105395
3 0.263151 0.426593 0.0433857 0.0507848 0.00782938
11 0.734157 0.759075 0.0222388 0.0884673 0.00579643
3 0.749957 0.679846 0.0326945 0.0994445 0.00570653
10 0.365712 0.443292 0.0457736 0.0286371 0.00522706
11 0.984442 0.424636 0.0293472 0.0380923 0.00495272
11 0.347217 0.490992 0.042904 0.032285 0.00434577
11 0.339418 0.490766 0.034174 0.0324415 0.00407866
3 0.590319 0.782924 0.0864146 0.0987713 0.00394221
11 0.37422 0.482849 0.0352039 0.0368602 0.00375327
11 0.363976 0.485092 0.0491781 0.033907 0.00366659
11 0.234309 0.566812 0.0222545 0.0732024 0.00339554
11 0.238435 0.571378 0.0247623 0.0772494 0.00328698
11 0.356434 0.486954 0.0515916 0.031824 0.00315841
11 0.3249 0.487204 0.0308065 0.0329953 0.00311427
11 0.281247 0.486064 0.0428587 0.0337652 0.00298866
11 0.338256 0.473752 0.0319813 0.0419219 0.00283508
11 0.275651 0.484547 0.0370365 0.0331944 0.00267642
11 0.337483 0.511017 0.0332632 0.0305385 0.00253245
11 0.987368 0.439445 0.0238377 0.0432693 0.00252498
11 0.24041 0.579594 0.0246962 0.0671064 0.00248036
11 0.729869 0.758302 0.0274648 0.0852779 0.00237976
3 0.0524706 0.473455 0.0485084 0.0800299 0.00237741
11 0.322979 0.469381 0.0316676 0.0321713 0.00229677
11 0.231949 0.436233 0.0169375 0.0533097 0.00217531
11 0.355246 0.446348 0.0442976 0.0307582 0.00215204
11 0.341312 0.506871 0.0373948 0.0299411 0.0021379
11 0.301668 0.484639 0.0456749 0.033613 0.00210717
11 0.32972 0.419974 0.0196728 0.0340074 0.00206213
11 0.98397 0.440684 0.0279114 0.0344332 0.00205437
11 0.382344 0.472735 0.0366688 0.0371461 0.00202235
11 0.334437 0.444437 0.0259395 0.0313516 0.00199552
11 0.25522 0.434673 0.0379527 0.0527086 0.00197044
11 0.307262 0.469401 0.0380767 0.0283064 0.001883
11 0.386755 0.485134 0.0305721 0.0430964 0.00187993
11 0.310264 0.620285 0.0446325 0.0466718 0.00186884
11 0.330605 0.594846 0.0394502 0.0376458 0.0018671
11 0.979069 0.42557 0.0354744 0.034108 0.00185453
11 0.739263 0.755847 0.0274818 0.0890886 0.00184361
11 0.304764 0.634732 0.0381432 0.0435033 0.00183029
11 0.328556 0.611149 0.0456954 0.0352171 0.00181305
11 0.333958 0.60592 0.0417375 0.0335312 0.00168126
11 0.345406 0.42516 0.0292731 0.0305141 0.00166824
11 0.258084 0.428145 0.0425074 0.0527213 0.00166498
11 0.263522 0.433568 0.0475699 0.0560283 0.00162542
11 0.974598 0.445874 0.0264852 0.0375126 0.00159842
11 0.350551 0.47656 0.041679 0.046635 0.00156256
11 0.371113 0.469861 0.0390343 0.0312235 0.00147027
3 0.458695 0.542635 0.0572211 0.104157 0.0014371
11 0.299602 0.63267 0.0361747 0.0446278 0.00139811
11 0.333147 0.532826 0.0278379 0.0381636 0.00137639
11 0.273404 0.465978 0.0341047 0.0339699 0.00135852
11 0.318546 0.419163 0.0268662 0.0369395 0.00133965
11 0.231912 0.551557 0.0202049 0.0723782 0.0013297
11 0.299653 0.622776 0.0356303 0.051562 0.00132235
3 0.734964 0.768701 0.0267975 0.096053 0.00130585
11 0.319652 0.652247 0.0355617 0.0386816 0.00128762
11 0.233165 0.425887 0.0193253 0.0509602 0.00127016
11 0.349088 0.503676 0.0407174 0.0333498 0.00126655
11 0.963455 0.453945 0.0268933 0.0560654 0.0012545
11 0.960441 0.46792 0.0193146 0.0617262 0.00122143
11 0.313736 0.595992 0.0378135 0.0413979 0.00120517
11 0.333732 0.573658 0.0305182 0.0429184 0.00118662
11 0.33775 0.594731 0.0369198 0.0416502 0.00117472
11 0.32607 0.51411 0.0282846 0.0351223 0.00116931
11 0.364213 0.500498 0.039948 0.043821 0.00116916
11 0.274141 0.504029 0.0341691 0.0406268 0.00113282
11 0.318343 0.634181 0.0447103 0.0411817 0.00112978
3 0.442179 0.564546 0.038064 0.0779239 0.00112671
11 0.988634 0.47426 0.0201989 0.0611006 0.00112503
11 0.32044 0.441024 0.0294187 0.0335593 0.00112206
11 0.306345 0.650543 0.0340231 0.0377254 0.00110344
3 0.845643 0.615446 0.0354246 0.0558983 0.00108404
11 0.379603 0.496812 0.0284566 0.0580408 0.00107609
11 0.237225 0.560284 0.0248762 0.0830051 0.0010732
11 0.336816 0.653218 0.038591 0.0438249 0.00107302
11 0.36354 0.430041 0.0411518 0.031834 0.00105016
