11 0.477727 0.45744 0.103599 0.135699 0.0716472
11 0.459947 0.47292 0.0797121 0.10613 0.0365071
11 0.47097 0.56287 0.128464 0.181976 0.0289111
7 0.583555 0.264475 0.0588953 0.0195981 0.0220986
11 0.45408 0.49753 0.0831924 0.122313 0.013847
11 0.469914 0.363813 0.0410298 0.140236 0.0129805
7 0.59043 0.264719 0.0756556 0.0235952 0.00701251
11 0.461985 0.558419 0.113664 0.115353 0.00670944
7 0.667383 0.321956 0.0794639 0.0302089 0.0058385
11 0.477076 0.411221 0.0892121 0.178834 0.00544555
11 0.455512 0.561238 0.0976123 0.0878773 0.00456119
11 0.471001 0.401152 0.0564029 0.160123 0.00441336
11 0.663901 0.567882 0.0539903 0.0445972 0.0034659
7 0.663954 0.326662 0.0722672 0.0251098 0.0034192
11 0.447594 0.514252 0.0869091 0.145512 0.00281826
7 0.686575 0.316955 0.112347 0.0311487 0.00218934
11 0.452122 0.545384 0.0927882 0.113914 0.00206623
11 0.469619 0.346494 0.0475359 0.164222 0.00199933
11 0.663819 0.555336 0.0575802 0.0708047 0.001991
11 0.644603 0.569597 0.0908674 0.0477359 0.00173987
11 0.699223 0.791719 0.125907 0.0568221 0.00157186
7 0.701424 0.314316 0.121498 0.0324764 0.00128396
11 0.475442 0.348342 0.0583764 0.138408 0.00118113
