11 0.179918 0.8554 0.0826101 0.0897557 0.0984978
11 0.778893 0.672759 0.0726023 0.0846123 0.0881742
11 0.775364 0.664245 0.0600564 0.0660635 0.0134044
11 0.211953 0.672758 0.0843842 0.104609 0.010426
11 0.193076 0.672199 0.059715 0.0998953 0.0100964
11 0.787725 0.679131 0.0798897 0.0976124 0.00935316
11 0.196584 0.657611 0.0533317 0.0732718 0.00717758
11 0.784542 0.682292 0.0582964 0.100353 0.00711599
11 0.160269 0.843207 0.0535385 0.069828 0.0071142
11 0.236881 0.673081 0.0660797 0.10351 0.00579783
10 0.72175 0.784398 0.098418 0.0850892 0.00560362
11 0.18314 0.732012 0.0776974 0.0629671 0.00552091
11 0.190513 0.720152 0.0883757 0.0859583 0.00456997
11 0.761764 0.668634 0.0714611 0.0802238 0.00455715
11 0.179652 0.714526 0.0798442 0.0902313 0.00450358
11 0.239688 0.703382 0.0942041 0.101823 0.00445456
11 0.209819 0.659222 0.0718814 0.0765145 0.00432518
11 0.243455 0.684849 0.0616789 0.0974787 0.00407783
11 0.243542 0.660749 0.0466645 0.0805727 0.00406275
11 0.172521 0.73754 0.064789 0.051476 0.00399345
11 0.210766 0.684703 0.103742 0.117374 0.00390449
11 0.208061 0.649965 0.0596157 0.0588016 0.00385845
11 0.187603 0.691666 0.0700572 0.0974169 0.00361929
11 0.69741 0.784824 0.058763 0.0823774 0.00336419
11 0.177191 0.697403 0.0739263 0.0794296 0.00327212
11 0.716589 0.78409 0.0796809 0.0821671 0.00308969
11 0.189643 0.649045 0.0624935 0.0588946 0.00297983
11 0.132188 0.695114 0.0306332 0.0576108 0.00288978
11 0.161944 0.870417 0.070488 0.0777485 0.0026353
10 0.732174 0.782745 0.0698586 0.0811741 0.00236761
11 0.203803 0.72503 0.129604 0.0815365 0.00220848
11 0.194654 0.864584 0.0882489 0.100717 0.002086
11 0.177031 0.870982 0.075653 0.080927 0.0019983
11 0.708632 0.737181 0.0686781 0.0786014 0.00193044
11 0.236163 0.650581 0.0621306 0.0621435 0.00192782
11 0.212881 0.712781 0.129162 0.0981104 0.00191875
11 0.182756 0.641789 0.0666326 0.0457337 0.00168223
11 0.150415 0.696411 0.041439 0.0654501 0.00143756
11 0.165298 0.705007 0.0617671 0.0768285 0.00135367
11 0.163476 0.715383 0.0703243 0.0901833 0.00135183
11 0.157091 0.700725 0.0445613 0.071985 0.00131056
11 0.693834 0.788819 0.0774584 0.0836583 0.00127827
11 0.136504 0.867282 0.0445711 0.0657808 0.00121798
11 0.117642 0.694064 0.0387751 0.0550024 0.00117087
11 0.15578 0.734856 0.0556894 0.0603131 0.00110711
11 0.148248 0.744603 0.0438984 0.0564078 0.00106038
