11 0.602666 0.387093 0.116341 0.0323661 0.0543918
11 0.588035 0.388006 0.0828298 0.0302814 0.0259199
11 0.619602 0.384254 0.0827835 0.0326912 0.0236881
11 0.798861 0.429157 0.0451385 0.100077 0.022331
11 0.218573 0.484679 0.079208 0.0363862 0.0191129
11 0.797158 0.414528 0.04343 0.0802488 0.0175544
11 0.580338 0.38949 0.063727 0.0288879 0.0150325
11 0.372456 0.450617 0.0364087 0.0885716 0.0114553
11 0.493774 0.428276 0.0308931 0.0828802 0.00799153
11 0.214581 0.490078 0.07331 0.0433588 0.00695737
11 0.193533 0.574325 0.0700024 0.0498016 0.00638828
11 0.791033 0.398281 0.0422705 0.0601845 0.00588969
11 0.787888 0.390048 0.0479967 0.0516358 0.00584414
11 0.227299 0.495485 0.0828297 0.0454984 0.00517186
11 0.203311 0.494701 0.0703347 0.0348968 0.00488284
11 0.194429 0.582915 0.0728047 0.0438634 0.00480227
11 0.497083 0.41957 0.0335259 0.0729384 0.00475618
11 0.233303 0.504396 0.0767263 0.0432712 0.00419173
11 0.660685 0.376417 0.0602444 0.0370454 0.00393416
11 0.193633 0.561039 0.0653167 0.0619323 0.00353945
11 0.182968 0.558827 0.0799562 0.0643593 0.00344922
11 0.203519 0.586265 0.0786866 0.0468361 0.00343005
11 0.795836 0.37514 0.0564889 0.0294248 0.0034101
11 0.244954 0.506617 0.0711005 0.0441185 0.00324691
11 0.242243 0.498983 0.0737666 0.047093 0.00318356
11 0.286029 0.605173 0.0732421 0.0290752 0.00316588
11 0.524184 0.390473 0.0761099 0.0304083 0.00313253
11 0.194047 0.550873 0.0584445 0.0619719 0.00299746
11 0.235005 0.512666 0.0752081 0.0473875 0.00276624
11 0.503176 0.400591 0.0428953 0.042967 0.00259315
11 0.787109 0.3769 0.0551903 0.0299649 0.00252774
11 0.224002 0.513786 0.0640894 0.0445336 0.00247062
11 0.795574 0.389718 0.0511425 0.0547997 0.00245582
11 0.177258 0.547876 0.075229 0.0668869 0.00244088
11 0.510494 0.392668 0.0547838 0.035488 0.00241201
11 0.198779 0.543768 0.050818 0.0588284 0.00233295
11 0.22009 0.503958 0.0652848 0.0410306 0.00228707
11 0.50901 0.40641 0.0623673 0.0516054 0.00224525
11 0.29149 0.523398 0.0577214 0.0822453 0.00217233
11 0.645833 0.379707 0.0709991 0.0309242 0.00214572
11 0.151843 0.375595 0.0242692 0.0714521 0.0021367
11 0.209494 0.504802 0.0585952 0.040548 0.00211079
11 0.282607 0.598585 0.0724229 0.0313267 0.00209732
11 0.240715 0.48756 0.0630575 0.0323757 0.0020868
11 0.188746 0.539475 0.0502364 0.0553122 0.00207126
11 0.201535 0.555566 0.0572553 0.0602948 0.00202627
11 0.172532 0.534374 0.0656073 0.0571621 0.00194216
11 0.158657 0.520602 0.0731772 0.0625679 0.0019187
11 0.36176 0.446979 0.0482414 0.0861491 0.00191399
11 0.18122 0.498851 0.0587233 0.0297286 0.00190493
11 0.207996 0.539615 0.0583278 0.0570691 0.001888
11 0.302727 0.617129 0.0653039 0.0488734 0.00181074
11 0.577682 0.395538 0.0698326 0.0470198 0.00166326
11 0.553723 0.420794 0.0517756 0.0378704 0.00165864
11 0.217751 0.588555 0.0830773 0.0378027 0.00165731
11 0.495252 0.407997 0.0252275 0.0485849 0.00165104
11 0.265992 0.502104 0.0549795 0.0509733 0.00164706
11 0.24942 0.514459 0.0737457 0.052612 0.00162911
11 0.145938 0.540329 0.060835 0.103043 0.00162133
11 0.161234 0.532251 0.0813395 0.0800539 0.00155706
11 0.209782 0.482861 0.0678157 0.0473764 0.00155312
11 0.282553 0.60044 0.0692185 0.0228294 0.00153186
11 0.782744 0.386266 0.059838 0.0417115 0.00151901
11 0.168308 0.556234 0.0919978 0.0779464 0.00145512
11 0.66136 0.368243 0.0600808 0.0267821 0.00142946
11 0.172235 0.522237 0.0605326 0.049075 0.00142906
11 0.187608 0.508585 0.0543154 0.0422642 0.00140279
11 0.2897 0.514352 0.0494586 0.0758338 0.00137708
11 0.218464 0.581041 0.0815189 0.0382021 0.00136627
11 0.267503 0.491869 0.0567074 0.0408335 0.0013641
11 0.554489 0.415387 0.0504697 0.0531065 0.00136141
11 0.280015 0.524316 0.0362418 0.0811329 0.00134554
11 0.273245 0.612127 0.0633296 0.0360779 0.00130873
11 0.283411 0.595667 0.0673603 0.0226561 0.00128317
11 0.173527 0.572237 0.0919995 0.0512641 0.00127465
11 0.288455 0.501994 0.0523239 0.0563658 0.00126476
10 0.282595 0.60032 0.0675875 0.0229597 0.00125647
11 0.200486 0.521818 0.046698 0.0430619 0.00125516
11 0.184147 0.523939 0.0471207 0.0419799 0.00120062
11 0.174473 0.510546 0.0585145 0.0453346 0.00120011
11 0.162356 0.545242 0.087966 0.0945129 0.00118103
11 0.263153 0.509325 0.0517344 0.0506569 0.0011593
11 0.28552 0.494037 0.0614927 0.0461199 0.00115648
11 0.276084 0.593755 0.0859371 0.0268977 0.00113255
11 0.218258 0.531025 0.0691271 0.0616135 0.00112738
11 0.501823 0.420441 0.052119 0.0684369 0.00112054
11 0.655166 0.376609 0.0703064 0.0276451 0.00110633
11 0.802751 0.386212 0.0652686 0.0511576 0.0011031
11 0.559336 0.389881 0.0349308 0.0321222 0.00108438
11 0.142756 0.529521 0.0497296 0.0808561 0.00108244
11 0.783583 0.396482 0.0517574 0.0486909 0.00107963
11 0.278192 0.503552 0.0463285 0.0583496 0.00103238
11 0.194514 0.490466 0.0720177 0.0303092 0.00103106
11 0.57089 0.403319 0.0656524 0.059768 0.00100922
11 0.298846 0.516747 0.0596942 0.0796321 0.00100236
