7 0.289806 0.563313 0.0584817 0.0721544 0.253562
11 0.251891 0.520137 0.139601 0.176565 0.152109
7 0.287897 0.547804 0.0660055 0.109649 0.0309909
11 0.272645 0.526073 0.0937121 0.164915 0.0186558
7 0.284857 0.527517 0.0715965 0.153635 0.00680243
7 0.530477 0.458668 0.131164 0.0414411 0.00508178
7 0.509933 0.461839 0.0810644 0.0363333 0.00464908
11 0.243688 0.556577 0.16339 0.0981955 0.0038797
11 0.224359 0.56943 0.191514 0.0913881 0.00336075
7 0.531217 0.455216 0.147039 0.0533205 0.00328917
7 0.492084 0.462276 0.0885238 0.0359636 0.00146966
7 0.520425 0.448721 0.159523 0.0635658 0.00146386
7 0.548356 0.459475 0.114665 0.0480938 0.00134342
