4 0.323946 0.539915 0.075313 0.190942 0.337706
4 0.336795 0.532576 0.10863 0.209515 0.170825
4 0.337042 0.507644 0.128528 0.265035 0.0882274
6 0.318011 0.539794 0.058042 0.193569 0.0672941
10 0.313492 0.54006 0.0478854 0.196665 0.02116
4 0.30131 0.551293 0.111049 0.214164 0.0182584
4 0.310452 0.540971 0.0396645 0.199974 0.00556491
1 0.3112 0.541526 0.0423145 0.200211 0.0052221
4 0.316394 0.506636 0.177167 0.281653 0.0038539
7 0.3234 0.607937 0.0648391 0.0404825 0.00176181
7 0.321447 0.564491 0.0660144 0.12639 0.00137478
