10 0.396861 0.559097 0.303352 0.4895 0.882742
3 0.513942 0.804535 0.236263 0.179892 0.817289
8 0.557635 0.746215 0.337187 0.268665 0.706316
4 0.44697 0.540669 0.41249 0.265268 0.613667
10 0.43226 0.546127 0.432327 0.311072 0.123075
8 0.398194 0.622242 0.299028 0.28697 0.0693333
10 0.239083 0.640824 0.26305 0.200822 0.0241681
10 0.399412 0.501349 0.337716 0.371139 0.0118793
4 0.390578 0.564663 0.341156 0.241788 0.00951503
8 0.388358 0.54039 0.311606 0.2569 0.00830322
3 0.243827 0.703597 0.202223 0.192438 0.00579428
3 0.380122 0.548122 0.290337 0.225539 0.00539246
4 0.378412 0.579814 0.30615 0.168842 0.00432216
10 0.37743 0.568656 0.301441 0.193557 0.00377705
11 0.572837 0.819022 0.115344 0.10799 0.00197895
10 0.444442 0.520753 0.300517 0.413242 0.00183849
10 0.362762 0.582069 0.275236 0.146525 0.00161785
4 0.488203 0.535133 0.293127 0.248771 0.00158322
