9 0.246443 0.402753 0.2628 0.540688 0.860108
7 0.254994 0.222055 0.0834176 0.0526785 0.0302782
7 0.163768 0.501362 0.048527 0.253119 0.0154065
7 0.257499 0.220151 0.088098 0.0806213 0.00669159
7 0.165548 0.506176 0.0535221 0.180044 0.00434163
7 0.163487 0.466747 0.0524314 0.208998 0.00357209
7 0.170303 0.473964 0.0612341 0.342389 0.00262739
7 0.159238 0.445347 0.0418702 0.247864 0.00224096
7 0.16838 0.530806 0.0519281 0.24388 0.00213483
6 0.188801 0.437202 0.0725202 0.427411 0.00182404
7 0.157104 0.445064 0.0522314 0.162808 0.00177581
7 0.149747 0.45129 0.064543 0.13325 0.00169909
7 0.253499 0.20827 0.0836987 0.0889959 0.00167124
7 0.180278 0.509467 0.078504 0.298677 0.00148975
7 0.190549 0.529049 0.0917447 0.255429 0.00112937
7 0.275815 0.221062 0.115572 0.118894 0.00106744
