8 0.589861 0.532062 0.370828 0.334874 0.85808
3 0.7438 0.481004 0.322333 0.265682 0.522166
11 0.802946 0.49708 0.148267 0.13589 0.495245
11 0.788003 0.510896 0.118319 0.12109 0.42772
3 0.694972 0.489355 0.248602 0.262428 0.2248
11 0.633782 0.473107 0.0937118 0.106147 0.0644002
11 0.726976 0.551879 0.125684 0.130068 0.0194814
11 0.626564 0.481014 0.0781711 0.0872307 0.0191028
11 0.723923 0.530559 0.134293 0.154848 0.0106252
11 0.650656 0.482517 0.123416 0.0834808 0.00554619
11 0.635882 0.451912 0.110315 0.158065 0.00479573
11 0.808338 0.475022 0.175706 0.181285 0.00170101
11 0.692408 0.507279 0.206219 0.203491 0.0013293
11 0.63792 0.506325 0.0968254 0.103746 0.00115548
