3 0.265985 0.629938 0.112507 0.0400568 0.537717
3 0.708793 0.599681 0.127786 0.10341 0.321289
3 0.287789 0.62773 0.156604 0.0463249 0.11951
11 0.575274 0.592856 0.041937 0.0504068 0.018866
10 0.262371 0.755007 0.104264 0.0421746 0.011006
11 0.563369 0.595068 0.0448109 0.0525521 0.0101507
11 0.343772 0.586254 0.0782557 0.0215625 0.00745892
11 0.339357 0.589759 0.0830689 0.0251282 0.00483376
11 0.365327 0.584498 0.0670811 0.0182587 0.00341706
11 0.571033 0.598307 0.0429946 0.0571253 0.00329541
11 0.581972 0.583919 0.0543501 0.0452991 0.00294719
3 0.722912 0.60136 0.0960347 0.0919364 0.00257787
11 0.313775 0.601361 0.068444 0.0441854 0.00232183
11 0.390267 0.583964 0.0658046 0.0172335 0.00205216
11 0.544925 0.594609 0.0434315 0.0515562 0.00194647
11 0.640438 0.514169 0.0804612 0.0496772 0.00191639
11 0.588121 0.591295 0.0705322 0.0454071 0.00176004
11 0.317344 0.585164 0.0699827 0.0212791 0.00151891
11 0.40034 0.583298 0.0638964 0.0167668 0.00150744
11 0.321251 0.49752 0.095885 0.0286756 0.00149444
11 0.478016 0.473701 0.0576773 0.0467619 0.00147838
11 0.420832 0.582725 0.0486578 0.0191277 0.00140366
11 0.351457 0.589218 0.0762428 0.0227379 0.00139615
11 0.494359 0.471501 0.0753361 0.0479071 0.00134817
11 0.412349 0.490607 0.0695287 0.0380718 0.00133648
11 0.88899 0.536467 0.0381953 0.0804355 0.00132841
11 0.410137 0.471187 0.0682881 0.0496451 0.00122153
11 0.452164 0.598155 0.0343008 0.0465586 0.0012051
11 0.406283 0.459971 0.0601337 0.0384754 0.00120304
11 0.2959 0.490126 0.0827606 0.0523926 0.00115365
11 0.451153 0.583523 0.0382389 0.0239588 0.00114897
11 0.450854 0.608894 0.0340314 0.0540089 0.00111225
11 0.415667 0.460262 0.0653243 0.0344147 0.00110181
3 0.285065 0.623521 0.0742377 0.055088 0.00104137
11 0.422 0.50534 0.0654113 0.0295099 0.00103866
11 0.481556 0.467485 0.0674459 0.0427473 0.00102394
11 0.437978 0.612978 0.0406574 0.0459401 0.00100979
11 0.894216 0.527675 0.0356897 0.0776472 0.00100847
