0 0.464193 0.518534 0.494803 0.385679 0.865193
9 0.472502 0.74809 0.386416 0.118522 0.833378
11 0.472538 0.750988 0.14214 0.103862 0.131517
11 0.357027 0.735693 0.168498 0.0606985 0.0317545
11 0.486804 0.741048 0.136552 0.100223 0.022401
11 0.651096 0.640137 0.114345 0.107316 0.0118537
11 0.367793 0.746786 0.17323 0.0734995 0.0082414
11 0.356929 0.761356 0.124792 0.0785147 0.00514212
11 0.473003 0.747756 0.214226 0.104818 0.00423477
11 0.480511 0.727919 0.134052 0.0732814 0.00240501
11 0.450894 0.760721 0.177642 0.0794903 0.00232686
11 0.403211 0.748017 0.159139 0.0815958 0.00204562
11 0.340512 0.726602 0.147979 0.082198 0.00194008
11 0.27449 0.708263 0.177467 0.162217 0.00178152
11 0.630149 0.659018 0.114901 0.0980179 0.00156532
11 0.321696 0.721588 0.167177 0.100384 0.00135899
11 0.373389 0.729824 0.190673 0.0652189 0.00105883
