3 0.151055 0.671327 0.10168 0.12257 0.695309
3 0.610952 0.314973 0.102492 0.0273348 0.0444781
10 0.611647 0.31595 0.101596 0.0294448 0.0230914
11 0.496668 0.356097 0.0607148 0.0496469 0.0171949
11 0.546701 0.660992 0.0451421 0.060982 0.0109045
10 0.628258 0.683387 0.060849 0.0218182 0.00882943
11 0.489754 0.361111 0.0540652 0.0464349 0.008708
11 0.503172 0.350053 0.0753473 0.0520012 0.00475543
11 0.67307 0.406224 0.0445569 0.0518525 0.00446828
11 0.555126 0.663261 0.0513624 0.0530704 0.0043258
11 0.598256 0.649143 0.0797139 0.0349071 0.00393572
11 0.660756 0.449558 0.0632797 0.0463202 0.00347579
11 0.607746 0.650279 0.0753398 0.0399177 0.00320519
11 0.680201 0.412995 0.0613417 0.0360523 0.00307779
11 0.684148 0.41686 0.0747145 0.0224482 0.00271847
11 0.515096 0.347388 0.0636478 0.0422428 0.00256972
11 0.515989 0.358868 0.0699274 0.0388657 0.00256594
11 0.667842 0.427686 0.0558067 0.0502548 0.00252661
11 0.595239 0.65525 0.0850184 0.0448049 0.00247977
11 0.656552 0.579391 0.0546421 0.0528642 0.00246928
11 0.647072 0.467678 0.0876232 0.0349349 0.00246235
11 0.67652 0.39753 0.0481118 0.0629574 0.00234432
11 0.669319 0.44676 0.0532095 0.0465236 0.00223516
11 0.626691 0.681645 0.0615877 0.0234827 0.00220759
11 0.650444 0.458071 0.0813895 0.0436515 0.00208766
11 0.485364 0.373108 0.0549873 0.0659186 0.00200437
11 0.631537 0.628377 0.0662281 0.0422095 0.00197192
11 0.657718 0.47569 0.0762117 0.0262455 0.00193421
11 0.619497 0.676035 0.0598673 0.0289545 0.00185505
11 0.639554 0.630927 0.0680109 0.036913 0.00185387
11 0.649539 0.580469 0.0339056 0.0496892 0.00184622
11 0.682238 0.40564 0.0697826 0.0442751 0.00183043
11 0.677002 0.427184 0.0635859 0.0414288 0.00177794
11 0.622065 0.64971 0.0527102 0.0394771 0.00176131
11 0.69999 0.353187 0.0297585 0.0562946 0.00175635
11 0.658312 0.428439 0.0641743 0.0618481 0.00174646
11 0.656444 0.463571 0.0737532 0.0345968 0.00171706
11 0.692039 0.360476 0.0343661 0.0596079 0.00171278
11 0.665076 0.411602 0.0473144 0.0551005 0.00169884
11 0.614827 0.654765 0.050982 0.0422735 0.00165776
11 0.701926 0.362984 0.028615 0.0648225 0.00159001
11 0.681416 0.441647 0.0665648 0.05604 0.00157959
10 0.636843 0.312005 0.055666 0.0258347 0.00154917
11 0.628025 0.645907 0.0512041 0.0350733 0.00150661
11 0.661694 0.397875 0.0483927 0.0579098 0.00149207
11 0.661636 0.326633 0.0659797 0.0330851 0.00144304
11 0.684008 0.426506 0.0758881 0.0341271 0.00143836
11 0.581645 0.649599 0.0563298 0.0365552 0.00140983
11 0.689646 0.376568 0.0404274 0.0616039 0.00140747
11 0.673825 0.335605 0.0590543 0.0252336 0.0013313
11 0.563484 0.349373 0.0583387 0.0311269 0.00133085
11 0.672095 0.329999 0.0607818 0.0292348 0.00129666
11 0.551278 0.34161 0.0644585 0.0315478 0.00128162
10 0.631145 0.680208 0.0572998 0.0294002 0.00127957
11 0.683944 0.393983 0.0595384 0.0679307 0.00125191
11 0.642471 0.302417 0.0445015 0.0170021 0.00124553
11 0.672605 0.314631 0.0601793 0.0379749 0.0012362
11 0.652584 0.444252 0.077183 0.0566632 0.00122819
11 0.681264 0.316225 0.0522138 0.0427444 0.00117524
10 0.593695 0.315733 0.06761 0.0240412 0.00116433
11 0.680389 0.349615 0.0456528 0.0439128 0.00112372
11 0.634792 0.642981 0.0588728 0.0325381 0.00109298
10 0.639334 0.68057 0.0647418 0.0334033 0.00108262
11 0.664677 0.334324 0.0699981 0.0285189 0.00108219
11 0.698475 0.339094 0.0326318 0.0389194 0.0010704
11 0.62446 0.655109 0.038106 0.0401627 0.00105935
11 0.685601 0.33774 0.0429644 0.0283667 0.00105885
11 0.693033 0.424688 0.0615835 0.0284703 0.00104409
11 0.581968 0.658069 0.0609514 0.0487026 0.00101575
11 0.679059 0.379203 0.0392838 0.0521914 0.00101512
