9 0.85165 0.578338 0.15665 0.250652 0.870332
7 0.726727 0.500074 0.135822 0.325539 0.861669
6 0.776648 0.450756 0.147859 0.224011 0.798206
7 0.759252 0.587969 0.0630007 0.151308 0.0165506
7 0.895116 0.608131 0.0584698 0.135456 0.00730936
7 0.858495 0.626894 0.0663263 0.136605 0.00496802
7 0.902572 0.606394 0.0522397 0.173561 0.00480845
6 0.793224 0.528977 0.148575 0.279337 0.00469515
7 0.841892 0.625631 0.0998966 0.149298 0.0039545
7 0.757422 0.564557 0.0681722 0.200279 0.00343333
6 0.805789 0.540959 0.111082 0.239875 0.00338239
6 0.839255 0.53946 0.15662 0.181096 0.00241789
7 0.848513 0.621068 0.132515 0.165706 0.00213895
7 0.872307 0.628376 0.0673702 0.135573 0.00207479
7 0.877953 0.618251 0.0667866 0.167537 0.0018485
7 0.881128 0.600401 0.0611401 0.112803 0.00149867
7 0.842718 0.572074 0.153705 0.222113 0.00149393
7 0.823368 0.558725 0.149528 0.225228 0.00143406
7 0.863519 0.611506 0.0630409 0.180075 0.00138464
7 0.860215 0.631773 0.0982285 0.13853 0.00121292
7 0.892507 0.633291 0.0703043 0.138397 0.00108538
