9 0.574124 0.47326 0.297095 0.244594 0.885995
7 0.373685 0.557193 0.151491 0.0259026 0.0216676
7 0.719795 0.705859 0.064155 0.0235392 0.0102224
6 0.567107 0.531662 0.269958 0.127135 0.00884865
7 0.340066 0.556788 0.0957505 0.0231774 0.00799445
6 0.569208 0.546519 0.326077 0.0847983 0.00656802
7 0.622821 0.561491 0.146192 0.043534 0.0061591
6 0.532229 0.534238 0.21382 0.0990486 0.00580201
7 0.598915 0.561843 0.198704 0.0580597 0.00418249
6 0.570339 0.501151 0.302331 0.17663 0.00393479
6 0.588243 0.52307 0.200381 0.134739 0.00340361
7 0.388234 0.55406 0.188717 0.0333701 0.00289004
6 0.541487 0.558563 0.419847 0.0702061 0.00288249
6 0.524015 0.514223 0.196745 0.13747 0.00255242
7 0.663683 0.474906 0.0727119 0.150524 0.00210128
6 0.554608 0.564442 0.284086 0.0715898 0.00192301
7 0.527722 0.562936 0.203286 0.0474063 0.00180608
7 0.589606 0.545372 0.20779 0.0906932 0.00161859
6 0.55261 0.518813 0.345677 0.131515 0.00156482
6 0.540726 0.550128 0.232825 0.0735255 0.0015403
7 0.588284 0.569866 0.213295 0.053447 0.0014903
7 0.529972 0.576668 0.213589 0.0334861 0.00145696
7 0.588809 0.504572 0.130036 0.0979535 0.00141901
6 0.496674 0.496267 0.141857 0.160163 0.00133754
7 0.661725 0.493678 0.0885052 0.151621 0.00130883
7 0.655065 0.461691 0.0799873 0.165448 0.00129112
7 0.650037 0.472174 0.0427442 0.129058 0.00102065
