3 0.539035 0.419802 0.24531 0.213337 0.798256
11 0.560297 0.494328 0.091724 0.129913 0.00902802
11 0.543644 0.489828 0.0565042 0.132463 0.00627124
11 0.549788 0.504227 0.0688784 0.111402 0.00513973
11 0.549397 0.692283 0.154182 0.0522073 0.00472116
11 0.564862 0.513941 0.103738 0.118859 0.00444592
11 0.553593 0.517306 0.0841263 0.097088 0.00339654
11 0.585964 0.504525 0.145032 0.115061 0.00214708
11 0.450405 0.679466 0.0625466 0.0656563 0.00187824
11 0.575188 0.492662 0.123658 0.112853 0.00169334
11 0.601602 0.45185 0.0987882 0.128141 0.00114487
11 0.531584 0.485573 0.0775986 0.125574 0.00102911
