10 0.285685 0.486978 0.11565 0.0898129 0.222128
11 0.420449 0.692479 0.127334 0.0939295 0.0512587
10 0.414869 0.692869 0.135227 0.0939384 0.0363627
11 0.719959 0.343055 0.176646 0.0268411 0.0144303
3 0.385434 0.750689 0.0871006 0.185955 0.0100527
11 0.448797 0.694756 0.0999469 0.0932895 0.00826912
11 0.734717 0.343089 0.190497 0.0193409 0.00616404
11 0.474459 0.688485 0.0577141 0.0783508 0.00580969
11 0.184061 0.739104 0.054322 0.05911 0.0046342
11 0.453284 0.692134 0.0730421 0.0895603 0.00434247
11 0.744767 0.336967 0.180283 0.0210431 0.00429207
11 0.31053 0.336065 0.124535 0.0193916 0.00409016
11 0.289049 0.34079 0.179866 0.0193169 0.00356657
3 0.650183 0.771358 0.0791435 0.137848 0.00336724
11 0.496028 0.760284 0.150988 0.0764053 0.0029198
11 0.505639 0.779737 0.115011 0.0565606 0.00273352
10 0.735225 0.371254 0.22409 0.0425312 0.00253368
11 0.453257 0.750434 0.105029 0.0648274 0.00252885
11 0.758102 0.681303 0.0645077 0.0579273 0.00242955
11 0.181563 0.812892 0.0432041 0.0594967 0.00216534
11 0.167981 0.534596 0.0674982 0.0533816 0.00212331
11 0.258596 0.337528 0.181238 0.0208163 0.00211518
11 0.315521 0.341264 0.128947 0.0206328 0.00207598
11 0.53289 0.42546 0.115836 0.0329485 0.0020623
11 0.703066 0.41239 0.167428 0.0465791 0.00204283
11 0.773769 0.560461 0.180155 0.0418695 0.0020352
11 0.477867 0.755475 0.123232 0.071261 0.00202695
11 0.316809 0.404537 0.104646 0.0397749 0.0019915
11 0.502663 0.449174 0.159764 0.0555124 0.00194967
11 0.45015 0.728805 0.103599 0.0807408 0.00191191
11 0.767513 0.690399 0.083783 0.0656385 0.00190645
11 0.48081 0.773842 0.126616 0.0650632 0.00190087
11 0.387739 0.362278 0.151613 0.0223245 0.00182443
11 0.535551 0.420283 0.117922 0.0319441 0.00181808
11 0.490901 0.678221 0.0725609 0.0610672 0.00181544
11 0.231362 0.34034 0.144918 0.0233237 0.00179926
11 0.869401 0.709117 0.0844626 0.100008 0.00176517
11 0.514945 0.78416 0.0860906 0.0462759 0.00173952
11 0.300309 0.406995 0.118533 0.0413269 0.00173039
11 0.484508 0.782877 0.0999322 0.0432474 0.00172381
11 0.450425 0.76625 0.117368 0.0838976 0.00164453
11 0.245821 0.409868 0.057706 0.0432967 0.00153388
11 0.529914 0.438986 0.118813 0.0382699 0.0014914
11 0.245217 0.428556 0.0876754 0.0723564 0.00139268
11 0.280701 0.409403 0.116872 0.0481748 0.00135625
11 0.821585 0.694404 0.139691 0.0671663 0.00134436
11 0.287137 0.402633 0.131445 0.0468252 0.00131167
11 0.470591 0.688878 0.111138 0.0822127 0.0012982
11 0.236608 0.419417 0.0794574 0.0628757 0.0012966
11 0.319795 0.41147 0.114722 0.0513394 0.00127373
11 0.34679 0.403533 0.094139 0.0480674 0.00125586
11 0.749012 0.712599 0.160371 0.0544675 0.00125151
11 0.469946 0.634142 0.129242 0.0848986 0.00125091
11 0.381697 0.367427 0.149632 0.0215192 0.00123606
11 0.744027 0.679474 0.074242 0.0605547 0.00123029
11 0.329879 0.396652 0.119273 0.0395882 0.00122793
11 0.529285 0.785079 0.102568 0.0533103 0.00122158
11 0.73632 0.357709 0.213766 0.0347975 0.00121211
11 0.231063 0.431258 0.105156 0.0813805 0.0012032
11 0.86662 0.694982 0.0837821 0.0710779 0.00119516
11 0.46721 0.740701 0.111108 0.0727951 0.00118672
11 0.794511 0.694398 0.141225 0.0648889 0.001158
11 0.311039 0.400516 0.133739 0.041786 0.00115746
11 0.89627 0.703717 0.0734104 0.0904045 0.00115627
11 0.535886 0.446878 0.120254 0.0594321 0.00113418
11 0.245148 0.404841 0.0672815 0.0424243 0.00113132
11 0.85163 0.715105 0.0832571 0.0872313 0.00113048
11 0.214263 0.46694 0.0964299 0.0629704 0.0011131
11 0.750981 0.673152 0.0579951 0.0608921 0.00111091
11 0.418474 0.542414 0.0722475 0.0717844 0.0010961
11 0.448654 0.628794 0.12799 0.0796913 0.00108618
11 0.737284 0.375879 0.213474 0.0307257 0.00108124
11 0.331144 0.345522 0.1266 0.0247728 0.00105094
11 0.350312 0.393173 0.108937 0.0340103 0.00103346
11 0.7175 0.417639 0.196418 0.0506121 0.00103298
11 0.41465 0.621144 0.0594768 0.0756019 0.00101601
