3 0.45381 0.697254 0.24386 0.168863 0.844184
8 0.769181 0.679085 0.132445 0.246186 0.775703
11 0.740725 0.89166 0.0537153 0.0946106 0.247675
4 0.452898 0.70364 0.249942 0.250445 0.00600476
11 0.650969 0.746054 0.118307 0.110589 0.00267982
4 0.410707 0.697859 0.176293 0.163088 0.00239804
4 0.438514 0.711589 0.237326 0.195105 0.00201647
4 0.433557 0.734037 0.146579 0.178375 0.00164117
11 0.664265 0.756415 0.0962929 0.09211 0.00131723
11 0.744564 0.778377 0.102322 0.105167 0.00130871
4 0.440973 0.719449 0.148222 0.119438 0.00128445
11 0.66333 0.777107 0.0910203 0.0635546 0.00112326
