11 0.329576 0.668132 0.0912961 0.0793121 0.53577
11 0.321827 0.65902 0.0966322 0.0928667 0.0912732
11 0.405975 0.37208 0.153011 0.0356922 0.032181
11 0.266566 0.618532 0.137127 0.0696048 0.0240176
11 0.434496 0.371044 0.193842 0.0446049 0.0206673
11 0.183785 0.446466 0.12187 0.0564617 0.019796
11 0.468757 0.388678 0.178643 0.0610454 0.0158684
11 0.419716 0.364556 0.172958 0.0324792 0.0147293
11 0.300832 0.667498 0.145214 0.0880133 0.0103308
11 0.247859 0.617561 0.138555 0.0784569 0.00687385
11 0.213391 0.438732 0.136947 0.047211 0.00590318
11 0.195716 0.405998 0.137005 0.0289522 0.00570368
11 0.281491 0.640692 0.140382 0.0904644 0.00560346
11 0.223398 0.615624 0.0733672 0.073395 0.00509957
11 0.219151 0.372716 0.164632 0.0375264 0.00467742
11 0.432413 0.387392 0.166281 0.0434932 0.00390186
11 0.244523 0.370457 0.1687 0.025644 0.00387655
11 0.404904 0.385267 0.151409 0.0417081 0.00322763
11 0.223005 0.404582 0.189704 0.0400533 0.00291123
11 0.254458 0.433258 0.162547 0.0372069 0.00288179
11 0.391841 0.38038 0.146849 0.0414231 0.00258294
11 0.196858 0.40004 0.137906 0.0321276 0.00255288
4 0.207163 0.612209 0.0663795 0.0691232 0.00223884
11 0.21785 0.380888 0.176084 0.0517787 0.0021688
11 0.233678 0.366796 0.15606 0.0313549 0.00209633
11 0.236874 0.396461 0.19504 0.0362012 0.00194112
11 0.232914 0.436176 0.156221 0.0442465 0.00174091
11 0.455186 0.397448 0.141413 0.0572636 0.00145215
11 0.482932 0.395185 0.165704 0.0632177 0.00127587
11 0.208153 0.61622 0.0682222 0.0756063 0.00121822
11 0.247819 0.386503 0.177797 0.0313615 0.00112857
11 0.429586 0.356109 0.183542 0.0367928 0.00108001
11 0.186042 0.419791 0.122938 0.0337708 0.00105649
11 0.429423 0.400925 0.121267 0.0500758 0.00100147
