1 0.204703 0.524661 0.202414 0.155071 0.174602
0 0.652369 0.636499 0.168583 0.223074 0.0270082
4 0.229819 0.517706 0.254334 0.168692 0.0108122
4 0.289459 0.513439 0.373329 0.176416 0.00789602
11 0.6832 0.601952 0.0915175 0.143769 0.00447479
10 0.641631 0.643494 0.184219 0.236002 0.00291291
11 0.614733 0.709606 0.0965019 0.140475 0.00152042
11 0.66971 0.615199 0.099497 0.17012 0.00138286
7 0.629448 0.408014 0.0602709 0.0397926 0.00137815
11 0.654996 0.625622 0.135697 0.194072 0.00115052
11 0.737276 0.593678 0.125536 0.103887 0.00101775
4 0.203971 0.540347 0.198527 0.116459 0.00100284
