3 0.829287 0.513401 0.0884186 0.0930247 0.432395
10 0.217137 0.481675 0.0185227 0.0695111 0.0249977
11 0.132308 0.530781 0.0705926 0.0624894 0.0166059
10 0.217902 0.503389 0.0225525 0.0396355 0.0106835
11 0.0287182 0.818256 0.0241639 0.0826976 0.00635259
11 0.0219535 0.818515 0.0215705 0.0847207 0.00553605
11 0.28542 0.63514 0.0380787 0.0742063 0.00420032
11 0.111187 0.467134 0.0553099 0.0286715 0.00415648
11 0.124595 0.519664 0.0576742 0.0484703 0.0038907
11 0.294502 0.477757 0.0607755 0.0284723 0.00385425
11 0.286798 0.618999 0.0337607 0.0754938 0.00381907
11 0.194165 0.512876 0.054847 0.0290409 0.00358486
11 0.293733 0.633996 0.0313737 0.0830502 0.00326316
11 0.120308 0.470347 0.0691475 0.0326096 0.00308204
11 0.347422 0.58951 0.0369808 0.0551879 0.00304497
11 0.26931 0.620649 0.0482811 0.0661244 0.0029616
11 0.111881 0.837106 0.0378153 0.108986 0.00285901
11 0.132313 0.548907 0.0679588 0.0795256 0.00284412
10 0.214799 0.510425 0.0301214 0.0297094 0.0027558
11 0.265069 0.642045 0.0547975 0.0572575 0.00259336
11 0.340853 0.592451 0.0464306 0.0720563 0.00251784
11 0.216547 0.598616 0.0579134 0.0454374 0.0023755
11 0.324985 0.601685 0.0343646 0.0865415 0.00228592
11 0.274008 0.477292 0.0469833 0.0250907 0.00221073
11 0.215951 0.590366 0.0553184 0.0424117 0.00207335
10 0.22175 0.511908 0.0306431 0.0279462 0.00198915
11 0.0320748 0.506629 0.0239874 0.0662008 0.00189598
11 0.273521 0.491262 0.0458818 0.0251437 0.00185939
11 0.0362987 0.817914 0.0398152 0.0808505 0.00185682
11 0.0392477 0.81531 0.0278695 0.0867842 0.00185657
11 0.299064 0.546877 0.0534875 0.0535825 0.00185634
11 0.28446 0.609143 0.0357032 0.0699206 0.00183094
11 0.307597 0.549654 0.05034 0.0480365 0.00181197
11 0.315398 0.605851 0.0315301 0.0732341 0.00174121
11 0.290858 0.487712 0.0543637 0.0259765 0.00169903
11 0.282042 0.657725 0.0433454 0.060987 0.00168783
11 0.293544 0.655003 0.0351597 0.0682264 0.00168183
11 0.255635 0.63085 0.0463108 0.0626418 0.00164929
11 0.294753 0.531666 0.05136 0.0336222 0.00164466
11 0.348811 0.575268 0.0373327 0.0615442 0.00163157
11 0.195766 0.527475 0.0545601 0.035871 0.00160988
11 0.115991 0.490534 0.0542762 0.0292102 0.001605
11 0.267063 0.601189 0.04803 0.0746256 0.00156431
11 0.182509 0.511588 0.0476202 0.0301713 0.00153607
11 0.284157 0.490424 0.0480985 0.0237299 0.00151661
11 0.326453 0.583256 0.0323945 0.0978489 0.00147401
11 0.256261 0.608749 0.0586164 0.0649894 0.00143439
11 0.292522 0.609535 0.035401 0.0670681 0.00143424
11 0.137454 0.524751 0.0598563 0.0539487 0.00142647
11 0.228255 0.557316 0.0506682 0.0498023 0.00142175
11 0.144908 0.530661 0.0615324 0.0548823 0.00142067
11 0.252121 0.651294 0.0354866 0.061285 0.00141769
11 0.299264 0.639005 0.0395266 0.0769163 0.00140996
11 0.242631 0.602062 0.0478018 0.0536372 0.0014064
11 0.305393 0.536889 0.0579373 0.0371644 0.00137203
10 0.221496 0.480543 0.0237317 0.0649522 0.0013386
11 0.107566 0.513349 0.0519078 0.042304 0.00133495
11 0.299629 0.484961 0.062828 0.0321655 0.00133023
11 0.104958 0.458229 0.0506201 0.0313292 0.00132881
11 0.226701 0.575411 0.045428 0.0475299 0.00131647
11 0.121072 0.556032 0.0643722 0.0677301 0.00131463
11 0.318014 0.581574 0.0334344 0.0807979 0.00130153
11 0.0412853 0.508817 0.0304278 0.0675361 0.00130116
11 0.255195 0.590469 0.0548608 0.0699196 0.00129924
11 0.262676 0.660711 0.0563973 0.051792 0.00129439
11 0.35084 0.536011 0.0439427 0.0319317 0.00129397
11 0.346733 0.543678 0.0484448 0.0370669 0.00126008
11 0.280128 0.514384 0.0382643 0.0269237 0.00125745
11 0.105795 0.487502 0.0519097 0.0392984 0.00125183
11 0.240142 0.587596 0.0379605 0.0533712 0.00124568
11 0.30568 0.604842 0.0348799 0.061986 0.0012427
11 0.280021 0.528779 0.0385936 0.0302758 0.00123374
11 0.342273 0.580504 0.047014 0.0799718 0.00122968
11 0.32236 0.476897 0.0394694 0.0372178 0.00120603
11 0.240435 0.531019 0.0525025 0.0239278 0.00119635
11 0.240553 0.573131 0.0359227 0.0572134 0.00118109
11 0.278299 0.547351 0.0357661 0.0531275 0.00117053
11 0.21987 0.553832 0.0553419 0.0526307 0.00115706
11 0.0495221 0.81204 0.0274375 0.0984413 0.0011569
11 0.252883 0.574043 0.0510721 0.0700988 0.00114656
11 0.3478 0.477437 0.0661115 0.0332426 0.00113236
11 0.308374 0.579896 0.0402375 0.0524459 0.00112951
11 0.324151 0.483593 0.0359143 0.0445778 0.0011236
11 0.110046 0.529362 0.0632875 0.0528314 0.00110147
11 0.298065 0.623967 0.0436388 0.078232 0.0011009
11 0.21853 0.577027 0.0554814 0.0458473 0.00109885
11 0.149043 0.543069 0.0629692 0.0603006 0.00108784
11 0.246753 0.631628 0.0389879 0.0671954 0.00108573
11 0.241287 0.556398 0.0424451 0.0490104 0.00108045
11 0.22553 0.528268 0.0471931 0.0257584 0.00107323
11 0.232809 0.623797 0.0518899 0.0545651 0.00106977
11 0.207968 0.526903 0.0506537 0.0339588 0.00106342
11 0.270794 0.515393 0.0459032 0.0283043 0.001053
11 0.217641 0.5249 0.0369016 0.0295133 0.00105258
11 0.178509 0.472944 0.0543457 0.0288114 0.00105197
11 0.1806 0.591933 0.0558121 0.0357151 0.00104709
11 0.288749 0.51309 0.0461187 0.0297403 0.00104268
11 0.112472 0.458112 0.055695 0.0268885 0.00102611
11 0.083754 0.465473 0.0375695 0.0430449 0.00102259
11 0.342903 0.53829 0.0518157 0.0352129 0.00101879
11 0.192012 0.59152 0.055835 0.040203 0.00100215
