10 0.515251 0.501202 0.598692 0.201976 0.826052
10 0.565799 0.601644 0.491545 0.0431786 0.0929334
10 0.60816 0.595057 0.412772 0.0638025 0.0802694
10 0.61214 0.569421 0.407059 0.119978 0.0738892
4 0.574699 0.60327 0.325529 0.0446342 0.0529287
4 0.615575 0.568447 0.400958 0.127514 0.0374211
10 0.561696 0.605717 0.292275 0.041876 0.0260792
4 0.669124 0.572178 0.280121 0.103447 0.0155778
4 0.614849 0.53931 0.401928 0.171947 0.0110944
4 0.533216 0.608916 0.245005 0.0409075 0.00740969
4 0.596309 0.582968 0.339099 0.0793698 0.0067498
10 0.587982 0.59608 0.345745 0.0510666 0.00614013
10 0.521191 0.608794 0.224111 0.0408406 0.00339069
8 0.554174 0.627832 0.281192 0.182539 0.00163891
4 0.492916 0.609843 0.274026 0.0458965 0.00154695
4 0.547088 0.626687 0.284216 0.111348 0.00153259
4 0.559782 0.575185 0.327023 0.101685 0.00150133
4 0.520288 0.623936 0.277284 0.0910591 0.00145097
4 0.586542 0.596469 0.342551 0.0751103 0.00137113
10 0.486057 0.610707 0.296804 0.0488516 0.00129498
