3 0.760529 0.691351 0.0866844 0.182314 0.726213
11 0.191393 0.492767 0.0645562 0.0311429 0.0120834
11 0.285215 0.447155 0.0304356 0.0848068 0.00880718
11 0.287868 0.434332 0.0385002 0.109045 0.00800014
11 0.740179 0.338426 0.036262 0.0264725 0.00630234
11 0.237379 0.553059 0.0330904 0.0514076 0.00472323
11 0.741283 0.329196 0.0385094 0.0237756 0.00410738
11 0.208664 0.440328 0.0779739 0.0421453 0.00408306
11 0.286448 0.457107 0.0267054 0.0753642 0.00363903
11 0.195367 0.496282 0.0672539 0.0408472 0.00345996
11 0.209226 0.627758 0.0418376 0.0408275 0.00311524
11 0.308708 0.41014 0.0380968 0.0840545 0.00252148
11 0.320737 0.388678 0.0270063 0.067056 0.00238305
11 0.296408 0.428562 0.0445291 0.112667 0.00234304
11 0.241198 0.548095 0.0420913 0.0538464 0.00225848
11 0.233726 0.555965 0.0373516 0.0429006 0.00218389
11 0.751577 0.328991 0.0536897 0.0233546 0.00217835
11 0.184875 0.497276 0.0626563 0.0392081 0.00216617
11 0.312423 0.398591 0.0378898 0.0650732 0.00209016
11 0.176521 0.612402 0.0575033 0.0409692 0.00202568
11 0.750048 0.337409 0.0503159 0.0302437 0.00192857
11 0.125256 0.44646 0.0436724 0.0772834 0.00191084
11 0.211116 0.457207 0.0701036 0.0278312 0.00175805
11 0.170622 0.607556 0.054772 0.0489031 0.0017493
11 0.109758 0.372257 0.0291157 0.05286 0.00167918
11 0.206785 0.432835 0.0838359 0.0428476 0.00159652
11 0.755194 0.369304 0.0642732 0.024618 0.00158366
11 0.224164 0.554378 0.0528491 0.0342729 0.00149545
11 0.218999 0.455845 0.0755523 0.0355676 0.00138902
11 0.199208 0.622662 0.0342807 0.0378 0.00136957
11 0.184894 0.617331 0.054396 0.0396141 0.00136326
11 0.7311 0.340637 0.0427103 0.0277169 0.00134953
11 0.224394 0.443631 0.0820556 0.0483622 0.0013422
11 0.125259 0.413455 0.0410089 0.0616523 0.00129913
11 0.140596 0.591859 0.0258497 0.05846 0.00125527
11 0.165935 0.512829 0.0377627 0.0726477 0.00121735
11 0.219053 0.598552 0.0491737 0.0380278 0.00121371
11 0.730046 0.325838 0.0429943 0.024386 0.00120073
11 0.755355 0.35028 0.0595307 0.0273865 0.00119955
11 0.765822 0.368698 0.0630629 0.0208022 0.00118954
11 0.121923 0.432555 0.0312253 0.0547152 0.00115311
11 0.74402 0.349409 0.0451154 0.0230155 0.00113978
11 0.838262 0.354818 0.0369162 0.0438344 0.00110753
11 0.211443 0.596074 0.0440894 0.032288 0.00110417
11 0.120766 0.423162 0.0274429 0.0495008 0.00109136
11 0.762235 0.378653 0.0491595 0.0214073 0.00108565
11 0.118076 0.444515 0.0465474 0.0829225 0.00102539
11 0.116796 0.394829 0.0591458 0.074049 0.00100783
