3 0.297404 0.491107 0.123978 0.172379 0.81942
3 0.328317 0.698032 0.126823 0.187301 0.0106682
11 0.765157 0.560363 0.0410382 0.0874982 0.0085287
11 0.732827 0.532828 0.0483164 0.0544941 0.0072256
11 0.744119 0.540104 0.0672807 0.0678017 0.00698346
11 0.768309 0.503512 0.0644362 0.0504166 0.00691046
11 0.746974 0.554318 0.0720201 0.0950415 0.00512485
11 0.76972 0.573388 0.0429074 0.06772 0.00470744
11 0.772126 0.563529 0.0463335 0.0842094 0.0042939
11 0.805067 0.577076 0.0453039 0.0764352 0.00428981
11 0.756401 0.550591 0.0635452 0.0829275 0.00404543
11 0.743444 0.530946 0.0596042 0.0569717 0.00376388
11 0.794782 0.574453 0.0437489 0.0775131 0.00328023
11 0.768501 0.49147 0.0771108 0.0577208 0.0031358
11 0.813046 0.582887 0.039952 0.071553 0.0029956
11 0.75963 0.513366 0.0726359 0.0556868 0.00296095
11 0.771245 0.58492 0.0508061 0.0509236 0.00278849
11 0.770506 0.556339 0.0581816 0.0889131 0.00278327
11 0.776612 0.498022 0.0570007 0.0512991 0.00274606
11 0.775464 0.546397 0.0632364 0.0706276 0.00273645
11 0.767629 0.54211 0.0642149 0.0651806 0.00268359
11 0.752673 0.538013 0.0641985 0.0600082 0.00267547
11 0.784265 0.486888 0.0604105 0.0557919 0.00249448
11 0.778437 0.571446 0.0473851 0.0738579 0.00241272
11 0.807945 0.408541 0.0293635 0.0595617 0.00238024
11 0.756784 0.50369 0.0840305 0.0623043 0.00222007
11 0.773858 0.529117 0.0642654 0.071442 0.0021893
11 0.770713 0.420549 0.0470561 0.0350817 0.00210689
11 0.737002 0.560364 0.0694344 0.0879774 0.00208488
11 0.780558 0.424021 0.0573228 0.0365208 0.00203181
11 0.790256 0.557634 0.0524505 0.0722328 0.00199995
11 0.778537 0.417813 0.0458123 0.0391225 0.00192622
11 0.743064 0.647989 0.0960618 0.0383759 0.00190467
11 0.812531 0.40961 0.0228498 0.0607175 0.00179633
11 0.748587 0.571099 0.0721311 0.0728488 0.00179215
11 0.618868 0.534671 0.0532681 0.0931095 0.00178102
11 0.754537 0.528868 0.06562 0.0577292 0.00173312
11 0.768587 0.424679 0.0625837 0.0369362 0.00165028
11 0.790416 0.5451 0.0566912 0.0658655 0.00164794
11 0.765556 0.466683 0.0864 0.0375353 0.00154984
11 0.766099 0.455709 0.0863936 0.0323981 0.00154762
11 0.777615 0.408565 0.0430758 0.0461427 0.00145221
11 0.75794 0.420802 0.0530635 0.0409758 0.00139854
11 0.78897 0.469815 0.067483 0.0571526 0.00137206
11 0.760181 0.486092 0.0889292 0.0619926 0.00131113
11 0.773394 0.595598 0.0676579 0.0523874 0.0012998
11 0.77751 0.603749 0.0692746 0.0663837 0.00129614
11 0.796214 0.526518 0.0486163 0.0792501 0.00129242
11 0.814326 0.569073 0.0382046 0.074802 0.00123499
11 0.807244 0.554879 0.035252 0.0606922 0.00123301
11 0.782368 0.589769 0.0716579 0.053506 0.00121556
11 0.767456 0.409311 0.0470322 0.0361395 0.00121378
11 0.75886 0.618255 0.0619181 0.0332045 0.00120618
11 0.726855 0.538097 0.0489535 0.0665409 0.0011351
11 0.616228 0.51786 0.0510068 0.0760845 0.00113204
11 0.783878 0.438684 0.0741837 0.0439173 0.00106653
11 0.753773 0.464131 0.0808184 0.0329167 0.00105216
11 0.802 0.504513 0.0392419 0.0787609 0.00104288
11 0.732652 0.575013 0.0651019 0.0799786 0.00102589
11 0.802169 0.603587 0.0618223 0.0887265 0.00102024
11 0.622878 0.544659 0.04951 0.0925005 0.00102005
