9 0.714015 0.50387 0.322042 0.389143 0.856848
0 0.510722 0.502746 0.175328 0.402738 0.846135
11 0.584718 0.403225 0.0864828 0.188442 0.112077
11 0.565793 0.404767 0.0802819 0.191831 0.0380886
11 0.600993 0.394103 0.116275 0.170145 0.0260465
11 0.61561 0.404054 0.120136 0.199312 0.0162919
11 0.589738 0.374449 0.129539 0.147459 0.012509
11 0.588013 0.443086 0.0803919 0.271412 0.00486725
11 0.566589 0.446659 0.0784612 0.276171 0.00334443
11 0.583668 0.348913 0.168829 0.0983719 0.00140855
11 0.629599 0.381354 0.118373 0.158676 0.00131139
