4 0.402886 0.717914 0.40374 0.269044 0.866361
10 0.422738 0.675654 0.323684 0.174695 0.626974
2 0.522698 0.490342 0.528736 0.187076 0.52165
1 0.413826 0.67403 0.346713 0.17369 0.273311
10 0.43976 0.70946 0.292572 0.0979999 0.0980554
4 0.435886 0.698064 0.333256 0.124855 0.0544772
10 0.465705 0.721591 0.39075 0.16058 0.0224598
10 0.237235 0.517822 0.136307 0.243746 0.0136772
2 0.451757 0.603131 0.388367 0.412154 0.00926642
2 0.442971 0.686065 0.389103 0.271351 0.00886373
10 0.534794 0.735317 0.247606 0.133208 0.00799059
10 0.425664 0.744156 0.346348 0.219518 0.00679215
4 0.421536 0.691667 0.346459 0.16943 0.00540542
10 0.553874 0.593396 0.0680685 0.222291 0.00508788
10 0.287255 0.490451 0.0644764 0.176923 0.00499159
4 0.440793 0.711634 0.299989 0.0945605 0.00477266
4 0.432655 0.731442 0.337803 0.192 0.00397618
