11 0.691363 0.433473 0.0498267 0.0291396 0.0473378
11 0.0952655 0.585348 0.0297915 0.103521 0.0290623
11 0.672008 0.527991 0.0605942 0.0345045 0.0218
11 0.704174 0.327303 0.059412 0.02428 0.0184696
11 0.0991658 0.59883 0.0299996 0.0808533 0.0183459
11 0.16006 0.329655 0.0651772 0.0370451 0.0151121
11 0.246169 0.381307 0.0415043 0.0570015 0.0077054
11 0.146814 0.420516 0.0470495 0.0544121 0.00684621
11 0.171992 0.320671 0.0635222 0.0402851 0.00596992
11 0.147487 0.431036 0.0507268 0.0666476 0.00571897
11 0.153944 0.341448 0.0671609 0.0353102 0.00539971
11 0.691502 0.429075 0.0547443 0.0315219 0.00537698
11 0.178731 0.317762 0.0537941 0.0404756 0.00524273
11 0.669188 0.522827 0.0654329 0.0395939 0.00509592
11 0.181507 0.504395 0.0304767 0.0654975 0.00508789
11 0.172335 0.325137 0.0522532 0.0371764 0.00500405
11 0.715635 0.330032 0.0490256 0.0296957 0.00486487
11 0.703203 0.37837 0.0546331 0.0280881 0.00457681
11 0.112609 0.359473 0.0562238 0.0460896 0.00449083
11 0.163367 0.322813 0.067752 0.0447139 0.00416205
11 0.132215 0.459605 0.0577806 0.0400035 0.00415283
11 0.160202 0.335637 0.0605957 0.0323534 0.00394449
11 0.143932 0.343415 0.0728554 0.0352539 0.00391669
11 0.148793 0.335862 0.0758969 0.0453281 0.00383357
11 0.699769 0.333793 0.0663132 0.0262466 0.00372362
11 0.116809 0.350722 0.0635082 0.0444518 0.00366216
11 0.144822 0.407152 0.042527 0.0417852 0.00355335
11 0.692641 0.442937 0.0480312 0.0479569 0.00352391
11 0.69339 0.385626 0.0615691 0.0368927 0.00318699
11 0.125965 0.346729 0.0757379 0.0374702 0.00309243
11 0.113104 0.47133 0.047694 0.0448831 0.00298845
11 0.115944 0.464014 0.0487685 0.0324705 0.00294131
11 0.693019 0.339719 0.0620871 0.0250281 0.00293259
11 0.1204 0.359632 0.0679879 0.036827 0.00291712
11 0.177866 0.333295 0.0521405 0.0408024 0.00289422
11 0.700925 0.384563 0.0514804 0.032086 0.00267975
11 0.707669 0.330967 0.0576679 0.0323812 0.00259939
11 0.750162 0.337315 0.0595734 0.032554 0.00254094
11 0.152374 0.371465 0.0551099 0.0214703 0.00253207
11 0.747924 0.330738 0.0590172 0.029036 0.00251396
11 0.248859 0.394524 0.0412707 0.0537474 0.0024886
11 0.135561 0.502264 0.0228915 0.0602368 0.00236874
11 0.261233 0.60116 0.0238483 0.103714 0.00229477
11 0.722153 0.332815 0.0376659 0.0347703 0.00228063
11 0.21957 0.349223 0.0605688 0.0827686 0.00227738
11 0.224045 0.324529 0.0464998 0.10436 0.0022768
11 0.690344 0.373636 0.0613692 0.0327233 0.00222143
11 0.198206 0.406664 0.0452998 0.0302763 0.00220433
11 0.234978 0.370493 0.0512045 0.0713782 0.0021468
11 0.67697 0.435896 0.0769549 0.0267389 0.00212055
11 0.148338 0.361376 0.0585386 0.0287511 0.00210667
11 0.18561 0.328396 0.048231 0.0496051 0.00209917
11 0.186366 0.31219 0.0485484 0.0466867 0.00205048
11 0.183493 0.536107 0.038259 0.115594 0.00203619
11 0.794448 0.549406 0.0248474 0.063139 0.00201012
11 0.123075 0.368752 0.071073 0.0356697 0.00198409
11 0.197811 0.397936 0.0473946 0.0283524 0.00196342
11 0.61193 0.4118 0.0270936 0.0581317 0.00192733
11 0.756589 0.341217 0.0571597 0.0372412 0.00189906
11 0.191409 0.336925 0.0526671 0.056083 0.00184944
11 0.703833 0.42638 0.0520769 0.0333838 0.0018383
11 0.103771 0.361518 0.0527455 0.0487149 0.00182467
11 0.455493 0.79021 0.0363237 0.0396857 0.00181682
11 0.761831 0.346507 0.0494484 0.041374 0.00181333
11 0.140001 0.507553 0.0292801 0.0610046 0.00181319
11 0.453798 0.779304 0.0402401 0.0567242 0.00181135
11 0.223393 0.304926 0.0349845 0.0693203 0.00180776
11 0.212356 0.323804 0.05938 0.104396 0.00178316
11 0.17803 0.499541 0.0311399 0.0641343 0.0017508
11 0.14936 0.403018 0.0470792 0.0405861 0.00173706
11 0.724734 0.411271 0.0433893 0.037466 0.00172059
11 0.743676 0.334725 0.0615576 0.0338342 0.0016355
11 0.69508 0.451995 0.0530613 0.0455877 0.00163007
11 0.149748 0.372811 0.0518707 0.0313768 0.00162989
11 0.17246 0.353643 0.0603543 0.0385045 0.00162329
11 0.152396 0.384065 0.0528473 0.0416611 0.00160924
11 0.682118 0.361261 0.0558123 0.0445527 0.00160062
11 0.159649 0.371554 0.0605972 0.0260829 0.00159807
11 0.473408 0.653655 0.0239401 0.0729789 0.00158656
11 0.701391 0.435171 0.0591199 0.0354349 0.00158117
11 0.714229 0.377795 0.0497131 0.0282265 0.0015738
11 0.136417 0.511787 0.0257935 0.0685351 0.00156829
11 0.716313 0.389821 0.0536691 0.0355697 0.00156008
11 0.737244 0.413659 0.0334863 0.0478903 0.00155424
11 0.124946 0.479106 0.042027 0.047741 0.00154364
11 0.561909 0.673069 0.0331274 0.0686383 0.00148375
11 0.198318 0.34108 0.059243 0.0653808 0.00145889
11 0.638657 0.349376 0.0507248 0.03979 0.00144392
11 0.163373 0.39227 0.0583503 0.0356012 0.00142151
11 0.559128 0.663593 0.0315473 0.0659143 0.00138749
11 0.693367 0.416501 0.055257 0.0483296 0.0013806
11 0.265709 0.3802 0.0363037 0.0627847 0.00136991
11 0.680586 0.388102 0.0603929 0.0462754 0.00134199
11 0.672063 0.428911 0.068191 0.0272729 0.00132832
11 0.742164 0.460661 0.0218526 0.079231 0.0013205
11 0.156556 0.325103 0.069253 0.0536097 0.00131105
11 0.56537 0.667334 0.0300386 0.0617234 0.0012834
11 0.472339 0.670265 0.0202031 0.0474581 0.00125817
11 0.568841 0.673804 0.0275788 0.0641457 0.00125
11 0.47611 0.649336 0.0230562 0.0859732 0.00124717
11 0.209074 0.347524 0.0687858 0.0749533 0.00124672
11 0.15354 0.364277 0.059852 0.0253151 0.00123701
11 0.178916 0.487586 0.0347347 0.0601465 0.00122987
11 0.743949 0.443538 0.0190165 0.0551702 0.00122506
11 0.241001 0.379232 0.0472383 0.0653122 0.00121977
11 0.25411 0.398475 0.0391288 0.0504554 0.00120524
11 0.742501 0.432134 0.0234291 0.0443683 0.00117876
11 0.159811 0.403099 0.0354608 0.0444753 0.00117042
11 0.727515 0.427173 0.0418906 0.0376596 0.00116307
11 0.607903 0.406265 0.0201927 0.0676687 0.00114175
11 0.108394 0.475976 0.0497382 0.0570556 0.00113617
11 0.659511 0.512444 0.0808343 0.0280752 0.00113588
11 0.684098 0.4085 0.0594428 0.0506027 0.00113255
11 0.474312 0.639273 0.0264553 0.0962959 0.00110577
11 0.197456 0.328858 0.0548116 0.0761159 0.00110546
11 0.569586 0.70939 0.0254599 0.0814323 0.00107601
11 0.449312 0.788408 0.0385836 0.0402947 0.00106348
11 0.147227 0.390793 0.0473642 0.0565871 0.00104281
11 0.107115 0.354436 0.0542156 0.0507836 0.00100606
