11 0.121937 0.710237 0.0670174 0.10023 0.00845351
11 0.137597 0.713242 0.050747 0.0937303 0.00502148
11 0.473625 0.588013 0.0922552 0.0993147 0.00475652
11 0.104963 0.709558 0.0689613 0.0988937 0.00381078
11 0.416522 0.648206 0.0804863 0.0850198 0.00357988
11 0.399299 0.651312 0.0916574 0.0851264 0.00220992
11 0.431808 0.645769 0.0818009 0.0830617 0.00215221
11 0.458627 0.590051 0.0952221 0.111306 0.00181998
11 0.581602 0.511769 0.0837777 0.0741465 0.00178216
3 0.127919 0.707748 0.142026 0.136956 0.00174213
10 0.137331 0.713858 0.0548755 0.0926031 0.00168458
11 0.51097 0.597696 0.146125 0.0767332 0.0015738
11 0.638879 0.599871 0.104805 0.0567766 0.0014719
11 0.605072 0.629351 0.157536 0.0450721 0.00130294
11 0.387576 0.525689 0.0487376 0.0619244 0.00129079
11 0.397789 0.522055 0.0581105 0.058761 0.00125776
11 0.399852 0.510604 0.0651205 0.0572662 0.00124905
11 0.460267 0.52764 0.0756779 0.0984419 0.00122713
11 0.568183 0.515985 0.0891239 0.0776648 0.00117911
11 0.398934 0.489178 0.100364 0.0272858 0.001114
11 0.491962 0.597714 0.106353 0.082414 0.00107866
11 0.455836 0.512005 0.0870817 0.0787556 0.00104848
11 0.419637 0.489119 0.130691 0.0331619 0.00102236
11 0.389219 0.517038 0.0565312 0.0578205 0.00100372
