10 0.640682 0.383253 0.519135 0.0513163 0.0621921
10 0.643361 0.373377 0.516777 0.0730983 0.0140109
4 0.643703 0.364762 0.519722 0.0910805 0.0113051
4 0.68543 0.392113 0.42894 0.0631632 0.00472403
4 0.645251 0.390303 0.512401 0.0828052 0.00413418
4 0.712734 0.400665 0.374954 0.0848015 0.00405952
4 0.740665 0.391098 0.319943 0.0571212 0.00286687
10 0.686713 0.388638 0.416199 0.0574826 0.00249072
2 0.484949 0.59465 0.835249 0.211309 0.00241281
4 0.620112 0.351242 0.571736 0.11961 0.00221184
4 0.747028 0.420704 0.304931 0.133869 0.00214299
4 0.68653 0.423157 0.429262 0.142822 0.00135317
10 0.70251 0.395788 0.355436 0.0728188 0.00106154
