1 0.181241 0.671198 0.088244 0.266197 0.55728
1 0.157491 0.741305 0.117309 0.199024 0.250579
1 0.155423 0.76545 0.132598 0.168502 0.14461
1 0.168169 0.722314 0.096578 0.206213 0.108319
1 0.185514 0.628565 0.067852 0.176939 0.0995447
1 0.158203 0.724273 0.100552 0.140083 0.0895869
1 0.14601 0.742914 0.0916015 0.154532 0.0723612
1 0.855134 0.303433 0.086642 0.10774 0.0583249
1 0.183327 0.712867 0.0864741 0.17439 0.02601
5 0.856444 0.301985 0.0857441 0.102147 0.0202671
1 0.1933 0.614871 0.0549399 0.143707 0.0202108
1 0.188914 0.716955 0.0901826 0.120869 0.0175993
1 0.182031 0.743938 0.0833576 0.18331 0.015125
5 0.148496 0.778862 0.126775 0.120169 0.0129724
5 0.175218 0.753646 0.0866902 0.17696 0.0119422
1 0.138748 0.746337 0.0931434 0.119988 0.0109991
1 0.188418 0.741464 0.0841021 0.140615 0.0104633
11 0.883155 0.178852 0.062144 0.0438969 0.0103379
1 0.174396 0.690918 0.102626 0.208665 0.0094631
1 0.154766 0.719673 0.0929528 0.105179 0.00819893
1 0.193901 0.698363 0.0995848 0.147085 0.00624265
5 0.18759 0.751241 0.079199 0.141428 0.00607471
5 0.182951 0.776942 0.0733746 0.119556 0.00597353
5 0.140024 0.76656 0.107613 0.113332 0.00288842
5 0.175733 0.791672 0.0821967 0.1085 0.00246798
4 0.862295 0.333358 0.0686207 0.0982924 0.00219526
4 0.855923 0.30351 0.0844386 0.103859 0.00204144
1 0.208199 0.71407 0.108774 0.107756 0.00188488
4 0.620215 0.542907 0.070495 0.0403801 0.00175624
1 0.86247 0.342552 0.0664444 0.0805801 0.00165888
5 0.886386 0.466194 0.0607248 0.0353802 0.00158488
1 0.194857 0.738178 0.086157 0.110542 0.00155305
11 0.881684 0.186198 0.0589035 0.061624 0.00146377
11 0.661995 0.646799 0.0338814 0.107656 0.001198
5 0.207593 0.72001 0.0973095 0.0954364 0.00115118
4 0.863819 0.366776 0.0622265 0.0720138 0.00107022
