1 0.539067 0.554915 0.0944036 0.323654 0.588221
5 0.541581 0.548915 0.0908605 0.319956 0.104066
5 0.51683 0.506801 0.0537777 0.26355 0.0391076
1 0.514003 0.520917 0.0553934 0.251831 0.0267136
5 0.519798 0.475104 0.0429287 0.212664 0.0192748
1 0.514287 0.572129 0.0551083 0.248208 0.0122797
1 0.529973 0.444833 0.0353674 0.172602 0.0106716
1 0.522092 0.455838 0.0398281 0.179409 0.00919413
1 0.505183 0.551486 0.065377 0.186805 0.00793161
1 0.52794 0.473895 0.043181 0.216454 0.00685477
5 0.541711 0.516821 0.0607551 0.267367 0.00626961
1 0.525183 0.580072 0.0707161 0.252519 0.00593153
1 0.558889 0.52916 0.0587157 0.227252 0.00489226
5 0.530244 0.503047 0.0572116 0.272512 0.0040442
4 0.847075 0.530488 0.0859474 0.115715 0.0032823
1 0.537389 0.439158 0.0402512 0.181388 0.00284406
5 0.551383 0.529872 0.0649813 0.250177 0.00270984
5 0.524281 0.601451 0.0702079 0.211055 0.00250605
4 0.272087 0.270504 0.0405308 0.134744 0.00196989
5 0.538582 0.48482 0.0468036 0.218327 0.00181119
4 0.805423 0.758598 0.0471817 0.0731458 0.00179211
5 0.271012 0.272934 0.0422443 0.132321 0.00172566
1 0.507374 0.528582 0.0796292 0.208452 0.00114018
1 0.562878 0.513255 0.047961 0.190417 0.00111209
5 0.548021 0.505552 0.0440527 0.205127 0.00106461
