4 0.540106 0.595555 0.135947 0.079633 0.443757
4 0.572656 0.596316 0.208998 0.0755315 0.00725373
4 0.743596 0.796374 0.116043 0.111831 0.00386637
4 0.442026 0.745509 0.115896 0.0940239 0.00234322
4 0.446629 0.774156 0.112421 0.151866 0.00213663
4 0.46018 0.530677 0.183948 0.0870727 0.00181612
11 0.283409 0.383738 0.0436359 0.104521 0.00153451
4 0.768609 0.833548 0.13469 0.0876021 0.00134407
4 0.427013 0.73909 0.103066 0.0774029 0.00133164
4 0.55944 0.605141 0.185616 0.107246 0.00123
4 0.72222 0.791081 0.157885 0.120083 0.00113748
11 0.281052 0.393049 0.0543072 0.125931 0.00110476
4 0.759606 0.817942 0.117056 0.0964562 0.00107846
