5 0.753091 0.432984 0.158307 0.274861 0.213385
5 0.75052 0.459508 0.101757 0.20535 0.0866863
1 0.751789 0.430812 0.157997 0.269687 0.0562084
1 0.778525 0.377176 0.140592 0.177292 0.0240994
5 0.783016 0.419818 0.166091 0.246497 0.0229565
1 0.803092 0.383614 0.0892117 0.181057 0.0206446
5 0.816536 0.439151 0.0905491 0.205929 0.0174051
5 0.748635 0.459624 0.136777 0.220539 0.0155694
1 0.746136 0.449189 0.120972 0.227914 0.0129766
1 0.806249 0.42666 0.0990591 0.216758 0.00816047
1 0.768271 0.459113 0.119451 0.195646 0.00728518
1 0.794591 0.407889 0.121921 0.213633 0.00700125
5 0.794794 0.366139 0.0877722 0.15449 0.00614596
5 0.75682 0.396166 0.150843 0.197573 0.00501604
1 0.775586 0.421963 0.163001 0.21508 0.00469419
5 0.746822 0.379405 0.111631 0.160663 0.00380392
5 0.81979 0.486132 0.102096 0.122301 0.0034782
5 0.834165 0.496098 0.0820819 0.0856481 0.00229537
5 0.828156 0.470522 0.0906546 0.142261 0.00221173
5 0.771039 0.359924 0.0770001 0.151957 0.0021804
5 0.743678 0.369241 0.091372 0.135174 0.0019679
1 0.73836 0.415155 0.145057 0.218239 0.00193751
5 0.763621 0.364752 0.104765 0.157332 0.00187171
5 0.779922 0.467072 0.18512 0.207028 0.00145613
1 0.789253 0.446805 0.128127 0.204548 0.00130613
5 0.820342 0.508666 0.091378 0.0961402 0.00129244
1 0.747479 0.367627 0.100657 0.148201 0.00126886
5 0.759763 0.484544 0.101049 0.160788 0.00106739
10 0.426306 0.544098 0.409098 0.275728 0.0010611
