1 0.316504 0.713007 0.274364 0.157238 0.640238
1 0.527405 0.693598 0.296761 0.202974 0.0367717
1 0.558763 0.751744 0.293806 0.188004 0.0187385
5 0.629359 0.810902 0.16635 0.0786539 0.00962387
1 0.595861 0.77252 0.291198 0.18943 0.00763229
1 0.579315 0.790985 0.245742 0.110421 0.00612231
5 0.609137 0.801932 0.192731 0.071752 0.00540796
1 0.530659 0.687849 0.218941 0.170836 0.0040817
1 0.559856 0.777101 0.256237 0.119293 0.00403578
5 0.59645 0.813423 0.194856 0.0840353 0.002883
1 0.50684 0.737284 0.341834 0.146836 0.00268511
5 0.665815 0.807814 0.16487 0.0943989 0.00257881
1 0.483124 0.734778 0.278752 0.106559 0.00225308
1 0.56544 0.78105 0.26982 0.162893 0.00188764
1 0.29837 0.702745 0.230792 0.106746 0.00176684
1 0.645317 0.792994 0.321695 0.167978 0.0015934
1 0.507459 0.712983 0.309939 0.111503 0.00156561
5 0.574923 0.763403 0.239175 0.125514 0.00155635
5 0.60407 0.794722 0.227919 0.0897885 0.00127411
5 0.47449 0.724261 0.26392 0.0902845 0.00110425
1 0.292425 0.685707 0.16354 0.15581 0.00101982
