10 0.510776 0.534583 0.722806 0.351939 0.833564
6 0.159947 0.751773 0.318129 0.293073 0.79532
5 0.310858 0.875096 0.412051 0.187031 0.700035
10 0.67713 0.708746 0.526941 0.243353 0.216913
5 0.289943 0.881946 0.307432 0.164373 0.162008
10 0.678659 0.660233 0.505484 0.203524 0.0934773
5 0.381739 0.918063 0.312079 0.092977 0.0711626
5 0.336677 0.87696 0.313973 0.145334 0.0588655
5 0.346873 0.839153 0.30775 0.0969206 0.0477795
10 0.470895 0.871815 0.508916 0.114175 0.0325166
5 0.349985 0.922632 0.41022 0.0923515 0.0242206
5 0.356201 0.858985 0.295686 0.141716 0.0241815
10 0.664938 0.625203 0.486002 0.243087 0.0160866
5 0.35299 0.904764 0.335715 0.116034 0.0159748
10 0.669316 0.732772 0.560238 0.329706 0.0138656
10 0.567503 0.621332 0.305111 0.184589 0.0114369
1 0.279686 0.886907 0.383029 0.169124 0.0104802
10 0.668905 0.671383 0.368673 0.243119 0.0104297
10 0.636178 0.675375 0.512506 0.255744 0.00965496
5 0.360851 0.930218 0.336977 0.0702014 0.00943341
5 0.311208 0.850072 0.339377 0.120905 0.00863124
5 0.350975 0.895108 0.407883 0.136609 0.00756677
1 0.736753 0.713197 0.403048 0.220406 0.00694275
10 0.768515 0.764032 0.365583 0.0906792 0.00651879
4 0.454724 0.877092 0.528639 0.148341 0.0057446
10 0.41543 0.864947 0.648892 0.181596 0.00538395
10 0.732832 0.758167 0.360803 0.116621 0.00462478
10 0.599933 0.695278 0.620823 0.309619 0.00413002
10 0.740102 0.718029 0.405806 0.210655 0.00340764
6 0.203907 0.804353 0.256775 0.264225 0.00315963
10 0.577447 0.589037 0.333149 0.235506 0.00295614
10 0.547807 0.640082 0.685398 0.312557 0.002874
10 0.709965 0.707849 0.351614 0.17048 0.00276062
10 0.535357 0.848728 0.342647 0.0571224 0.00244048
10 0.762129 0.691113 0.351596 0.178813 0.00203285
10 0.539852 0.804792 0.343193 0.0480676 0.00200663
5 0.311254 0.91121 0.341242 0.102443 0.00186897
10 0.472433 0.844094 0.51451 0.143229 0.001795
1 0.258917 0.859291 0.349977 0.214022 0.00179425
10 0.705279 0.655072 0.36938 0.193245 0.00173334
10 0.705552 0.668678 0.370277 0.125004 0.00150803
4 0.375527 0.873454 0.468984 0.174393 0.00138092
10 0.768198 0.739535 0.365243 0.142989 0.00131063
10 0.537606 0.815736 0.340867 0.0468428 0.00125723
6 0.224804 0.831221 0.28123 0.188916 0.00113978
10 0.331458 0.796581 0.340653 0.0993092 0.00113902
4 0.464688 0.899825 0.520464 0.112936 0.00103105
