1 0.661254 0.81728 0.306642 0.173592 0.139313
5 0.318856 0.762516 0.126101 0.189759 0.0744417
1 0.32039 0.765717 0.131085 0.197668 0.0462083
1 0.553 0.806732 0.336521 0.194254 0.0204926
1 0.343469 0.751905 0.157016 0.167689 0.0156592
5 0.318806 0.74171 0.0808532 0.136913 0.00972007
1 0.346962 0.731878 0.123514 0.128499 0.00856508
1 0.67744 0.813299 0.25894 0.143863 0.00720608
1 0.695052 0.767139 0.295081 0.0990939 0.006891
5 0.315404 0.7281 0.0651547 0.108525 0.00602569
1 0.394922 0.744465 0.189393 0.14858 0.00534702
5 0.681938 0.800105 0.259012 0.113234 0.00479977
5 0.319036 0.746534 0.103597 0.154144 0.00468713
1 0.492267 0.768685 0.280828 0.183766 0.00441865
1 0.376367 0.774878 0.165321 0.201311 0.00397044
5 0.691339 0.86499 0.147482 0.122474 0.00345619
1 0.446346 0.860402 0.137481 0.143911 0.00311939
1 0.464304 0.798951 0.260692 0.211835 0.00266628
1 0.6557 0.797972 0.293073 0.124948 0.00250913
5 0.687151 0.779381 0.274189 0.0796623 0.00247848
1 0.426863 0.848817 0.183686 0.172518 0.00241147
1 0.352418 0.724769 0.0925316 0.114994 0.00240172
1 0.683787 0.790555 0.254038 0.0961361 0.00220917
1 0.555225 0.770433 0.243609 0.121014 0.00209306
1 0.414401 0.814938 0.182158 0.223976 0.00192168
1 0.44646 0.826402 0.211737 0.211554 0.00171192
5 0.328135 0.725189 0.0752035 0.110286 0.00168824
5 0.687341 0.867704 0.0810541 0.115914 0.00161365
1 0.541768 0.757637 0.351042 0.214929 0.00153765
5 0.67317 0.865805 0.166201 0.105721 0.00153273
1 0.425949 0.758569 0.183462 0.162729 0.00142065
1 0.634171 0.779406 0.306276 0.104778 0.00128684
5 0.677636 0.821059 0.230187 0.15005 0.00116678
1 0.697178 0.780445 0.282655 0.0691345 0.0011412
1 0.428339 0.80471 0.130199 0.185763 0.0010146
