5 0.502708 0.577313 0.415824 0.205309 0.431957
1 0.49963 0.572353 0.416935 0.204592 0.375961
1 0.434686 0.535317 0.281297 0.131464 0.0651949
5 0.487874 0.602545 0.359921 0.209446 0.0581569
1 0.558884 0.584101 0.296895 0.154313 0.036495
5 0.545461 0.581372 0.323658 0.149362 0.0210482
1 0.462688 0.577375 0.331991 0.175197 0.0182383
1 0.510074 0.576754 0.36937 0.145836 0.00751134
5 0.607704 0.649295 0.170331 0.0698429 0.00736193
1 0.503214 0.591752 0.298631 0.173406 0.0072985
5 0.47239 0.591996 0.31458 0.167279 0.00632046
5 0.587221 0.59604 0.257855 0.126459 0.00526613
1 0.458499 0.550919 0.332041 0.140557 0.00410672
1 0.414148 0.551878 0.259458 0.088305 0.0040869
5 0.525539 0.612189 0.279032 0.152147 0.00407163
1 0.593894 0.599381 0.257836 0.126838 0.00396596
1 0.39446 0.56367 0.23645 0.106551 0.00346404
5 0.402161 0.553748 0.237309 0.0881726 0.00341365
5 0.601086 0.635572 0.188281 0.0988373 0.00302955
5 0.448521 0.567391 0.311103 0.125431 0.00249299
1 0.545264 0.615723 0.246945 0.145108 0.00232988
5 0.37581 0.567784 0.207632 0.111904 0.00198926
1 0.468073 0.604177 0.300022 0.168748 0.00153128
5 0.599882 0.610217 0.224519 0.100558 0.00123146
1 0.585984 0.638897 0.218056 0.105817 0.00119702
5 0.399459 0.581038 0.230258 0.106003 0.00113702
