6 0.646559 0.373028 0.310133 0.237738 0.798591
1 0.433265 0.440117 0.409474 0.218915 0.514805
5 0.79046 0.178542 0.359388 0.134566 0.357371
5 0.623605 0.177692 0.345745 0.0650874 0.324787
1 0.274636 0.527915 0.262309 0.260438 0.265657
5 0.79883 0.205274 0.350475 0.161437 0.110502
5 0.446941 0.535741 0.30145 0.0702053 0.063075
5 0.811601 0.166806 0.311408 0.100286 0.0230378
5 0.769511 0.226156 0.284957 0.112772 0.0163292
6 0.755932 0.170092 0.438478 0.138392 0.0163179
5 0.450588 0.464984 0.338202 0.0889882 0.00381649
5 0.448632 0.522338 0.356389 0.0979531 0.00343523
5 0.370664 0.481896 0.257169 0.126124 0.00311579
5 0.460489 0.463177 0.335063 0.127771 0.0015627
