1 0.317781 0.42156 0.292034 0.239112 0.250603
5 0.41245 0.528602 0.480781 0.306956 0.050723
1 0.434184 0.409279 0.508722 0.269714 0.0460212
1 0.489939 0.378336 0.571025 0.220458 0.0308821
5 0.503149 0.366209 0.554352 0.208769 0.0285853
5 0.470343 0.349249 0.462433 0.140727 0.0275033
1 0.536355 0.367618 0.456507 0.314197 0.0163937
5 0.285701 0.415866 0.150716 0.221165 0.0154749
5 0.696655 0.41189 0.174007 0.272923 0.0147645
1 0.602127 0.35769 0.316113 0.299431 0.0144796
1 0.674385 0.376295 0.176343 0.333545 0.0134255
1 0.323229 0.471756 0.296533 0.322778 0.0107543
1 0.637802 0.350755 0.228391 0.288076 0.00867051
1 0.426764 0.309161 0.462314 0.282763 0.00705985
1 0.506914 0.329224 0.47646 0.299312 0.00477611
5 0.680431 0.380317 0.194602 0.333231 0.00401047
1 0.416186 0.400702 0.405842 0.225774 0.00393262
1 0.465719 0.278031 0.417046 0.278919 0.00247091
5 0.563489 0.387894 0.425881 0.317372 0.00237498
1 0.271724 0.547849 0.106185 0.177089 0.00216619
1 0.318137 0.542008 0.245764 0.220883 0.00203123
1 0.282801 0.545365 0.145771 0.198973 0.00203098
5 0.280907 0.428849 0.0992201 0.254071 0.00162668
1 0.298749 0.502962 0.217363 0.295114 0.00136905
1 0.454858 0.233132 0.367858 0.21374 0.00135336
5 0.672823 0.364847 0.122221 0.313034 0.00131563
1 0.300129 0.562151 0.180716 0.201793 0.00127445
1 0.398258 0.356117 0.481099 0.268771 0.00126405
1 0.658116 0.352549 0.155708 0.274448 0.00118088
1 0.453396 0.432453 0.337336 0.236771 0.001163
5 0.630075 0.396558 0.193469 0.295556 0.00114361
5 0.412489 0.194522 0.221935 0.0732973 0.0010253
