1 0.404335 0.612955 0.139949 0.340511 0.723297
1 0.384447 0.673315 0.0829026 0.167234 0.0589559
1 0.399499 0.660287 0.10689 0.206409 0.0211235
1 0.39657 0.676432 0.0740313 0.157206 0.0162413
5 0.430883 0.68183 0.055424 0.243261 0.00378348
5 0.429029 0.607161 0.0871564 0.2985 0.00361626
5 0.436122 0.691271 0.0413494 0.228841 0.0027122
1 0.416592 0.678237 0.080333 0.187581 0.00202798
5 0.411366 0.0928389 0.105343 0.0372311 0.00152287
5 0.422963 0.557726 0.0779169 0.115345 0.00103777
1 0.40143 0.628422 0.121106 0.272783 0.00102177
