10 0.571273 0.70335 0.409841 0.36887 0.366594
5 0.236045 0.423828 0.360349 0.352581 0.0815479
5 0.139286 0.50917 0.170258 0.293069 0.0717218
10 0.408536 0.42977 0.685655 0.376676 0.0648149
5 0.218539 0.470944 0.328323 0.307076 0.059679
10 0.220822 0.476303 0.335469 0.302867 0.0570067
1 0.290816 0.422053 0.479454 0.353345 0.0569154
6 0.247271 0.408299 0.37409 0.311444 0.053484
5 0.306553 0.420416 0.507766 0.371444 0.0447529
6 0.199914 0.347272 0.275129 0.178325 0.0400581
5 0.140105 0.428172 0.172696 0.286447 0.0396054
5 0.173768 0.427545 0.238699 0.294201 0.038021
10 0.311749 0.452614 0.520748 0.400194 0.0361638
5 0.176998 0.501613 0.241778 0.311795 0.0284445
5 0.135886 0.490747 0.146575 0.216467 0.022874
6 0.223103 0.381521 0.275788 0.225444 0.0152341
5 0.134012 0.415905 0.129795 0.254897 0.0148876
10 0.197162 0.510875 0.283258 0.320523 0.0135583
5 0.248733 0.443053 0.285742 0.308556 0.00866012
10 0.648572 0.509411 0.29357 0.355642 0.00618481
10 0.195916 0.587527 0.281502 0.452283 0.00530228
10 0.520531 0.415866 0.520402 0.364965 0.00467307
10 0.63802 0.412074 0.299286 0.395982 0.00427956
5 0.204072 0.440978 0.196825 0.238348 0.00288286
10 0.231674 0.433202 0.379642 0.368592 0.00248183
10 0.270822 0.594832 0.239455 0.514585 0.00227733
6 0.187021 0.326852 0.239413 0.132048 0.00217122
10 0.230718 0.523007 0.348905 0.470121 0.00191854
5 0.350607 0.45661 0.0697527 0.289671 0.00178807
10 0.294093 0.413062 0.189469 0.369412 0.00172707
5 0.215897 0.470537 0.175564 0.233275 0.00107042
10 0.597302 0.503345 0.243578 0.346079 0.0010603
1 0.154666 0.417937 0.214192 0.272123 0.00104274
10 0.309986 0.59987 0.168789 0.547294 0.00102885
