1 0.309163 0.539198 0.207202 0.268946 0.614641
1 0.310441 0.534127 0.159284 0.177769 0.0366284
1 0.341287 0.589889 0.104788 0.160102 0.019901
1 0.34739 0.548579 0.136673 0.229604 0.0187814
1 0.329245 0.551372 0.156323 0.193352 0.0170725
1 0.329059 0.598422 0.0943585 0.139336 0.0167473
1 0.308464 0.564563 0.130361 0.200458 0.016414
1 0.351378 0.566321 0.12296 0.147734 0.012682
1 0.336275 0.520093 0.194096 0.234078 0.0102495
1 0.309669 0.591591 0.109853 0.155252 0.00938584
1 0.273332 0.565942 0.146495 0.136878 0.00684485
1 0.366877 0.537958 0.0938952 0.215331 0.00613083
1 0.321734 0.585553 0.153233 0.200061 0.00524515
1 0.379258 0.511839 0.114095 0.216251 0.00440345
1 0.36758 0.558763 0.0854511 0.11986 0.00430591
1 0.296018 0.507105 0.156292 0.172435 0.00426556
1 0.360137 0.579565 0.0781905 0.149613 0.00358192
1 0.396366 0.509649 0.0822565 0.214646 0.00297067
1 0.24904 0.562984 0.114083 0.140327 0.00230988
1 0.373935 0.51614 0.0789774 0.198449 0.00229987
1 0.285598 0.571717 0.108344 0.153088 0.00195058
1 0.349099 0.601161 0.089427 0.12658 0.0014959
1 0.333943 0.611742 0.0893157 0.102276 0.00130739
1 0.313187 0.602752 0.0965149 0.122871 0.00130556
5 0.291806 0.560139 0.102927 0.197411 0.00124161
1 0.266828 0.553545 0.122575 0.105906 0.00114941
