5 0.452257 0.462713 0.663301 0.535208 0.810287
10 0.435495 0.452027 0.691933 0.470895 0.764707
5 0.137993 0.504328 0.119526 0.573645 0.667433
5 0.343424 0.438698 0.381806 0.553342 0.651033
6 0.330191 0.489645 0.358279 0.319817 0.238636
5 0.37579 0.547655 0.621946 0.465433 0.118654
10 0.33195 0.526179 0.454302 0.493555 0.100661
10 0.203846 0.542989 0.28087 0.472294 0.0237933
10 0.131777 0.540479 0.216159 0.466004 0.0195065
6 0.231816 0.540894 0.348739 0.339501 0.0140602
5 0.157881 0.438661 0.166276 0.431647 0.0136095
10 0.261336 0.512921 0.341494 0.497418 0.0114775
6 0.379454 0.493586 0.367137 0.284036 0.0109106
10 0.411405 0.452859 0.471983 0.557525 0.00909409
5 0.28469 0.545654 0.393649 0.474442 0.00471364
5 0.193112 0.438039 0.274292 0.427983 0.00411299
10 0.194208 0.453582 0.281668 0.455726 0.00392927
10 0.447925 0.41374 0.430027 0.443691 0.0020485
6 0.269095 0.511238 0.351664 0.325429 0.00162736
10 0.129915 0.457009 0.206999 0.394414 0.00121128
10 0.239531 0.574445 0.38674 0.470404 0.00112552
10 0.315981 0.444804 0.404906 0.421457 0.0010813
5 0.144817 0.539817 0.0922202 0.371529 0.0010807
