6 0.600708 0.831607 0.236016 0.205884 0.692285
6 0.547902 0.709666 0.1496 0.30474 0.678278
10 0.317132 0.698498 0.370897 0.316121 0.0143612
6 0.31303 0.701526 0.371878 0.325699 0.0135984
10 0.389206 0.787521 0.188893 0.136584 0.00809318
10 0.318192 0.777046 0.334587 0.169956 0.00387545
4 0.395641 0.788002 0.18666 0.141428 0.0031665
10 0.335878 0.743045 0.308058 0.208755 0.00158392
10 0.385746 0.70357 0.421794 0.24423 0.00140886
5 0.39497 0.792095 0.181078 0.12285 0.00130687
6 0.618779 0.725793 0.141938 0.296912 0.00110014
