6 0.192567 0.490453 0.111608 0.15067 0.82534
10 0.293774 0.641102 0.458172 0.311693 0.764454
6 0.0959653 0.439022 0.0404328 0.181717 0.753122
10 0.295028 0.740931 0.417501 0.133903 0.576691
10 0.245329 0.683323 0.309738 0.187543 0.384374
10 0.257456 0.734053 0.313473 0.118474 0.281289
10 0.339696 0.821497 0.349948 0.0674371 0.119453
10 0.252855 0.711417 0.334778 0.163296 0.0858265
10 0.294695 0.806886 0.434529 0.11446 0.0728481
10 0.319176 0.784494 0.361108 0.12753 0.0450274
10 0.339998 0.806095 0.354149 0.0648529 0.030415
10 0.346953 0.761815 0.321407 0.0833222 0.0241635
10 0.307464 0.620561 0.361417 0.245302 0.0238025
10 0.29595 0.742497 0.306678 0.124298 0.0200967
10 0.265925 0.657045 0.35559 0.200197 0.0165016
10 0.319604 0.76031 0.355001 0.15065 0.0103618
10 0.270038 0.727905 0.426488 0.173542 0.00973066
10 0.287815 0.795948 0.478096 0.170066 0.00370035
10 0.21703 0.6857 0.272931 0.146209 0.0028359
6 0.965742 0.363239 0.068515 0.378455 0.00185343
10 0.279056 0.764068 0.457447 0.221988 0.00105996
10 0.338135 0.752123 0.346935 0.113016 0.00105155
