1 0.164722 0.245034 0.216708 0.215123 0.865256
5 0.757498 0.672774 0.163544 0.313099 0.832962
6 0.436258 0.417383 0.193476 0.197943 0.812553
1 0.42321 0.790087 0.450586 0.17552 0.529897
6 0.702108 0.401193 0.240514 0.255842 0.353689
6 0.747718 0.402543 0.240886 0.257756 0.351031
6 0.500747 0.461483 0.224553 0.250388 0.0220713
6 0.54032 0.462093 0.130138 0.24457 0.0175964
6 0.550122 0.485261 0.0975167 0.190632 0.00452421
6 0.45109 0.542469 0.214725 0.124005 0.00435388
6 0.450821 0.571576 0.211961 0.0617436 0.00258243
6 0.519724 0.375225 0.1153 0.183289 0.00232897
6 0.516954 0.341697 0.0949442 0.238317 0.00192843
6 0.45268 0.514768 0.209869 0.194887 0.00186085
6 0.723492 0.420951 0.16716 0.214771 0.00161512
6 0.437388 0.45892 0.179137 0.191458 0.00153854
1 0.468203 0.805405 0.377548 0.20899 0.00121004
