1 0.569796 0.6743 0.258332 0.238622 0.490459
1 0.587361 0.690323 0.348183 0.205554 0.109953
1 0.637756 0.671667 0.383069 0.19611 0.0873159
1 0.589757 0.656635 0.229572 0.190431 0.030641
1 0.556117 0.706381 0.276469 0.183814 0.0159795
1 0.59876 0.672462 0.285938 0.132217 0.0152375
1 0.646996 0.664126 0.336553 0.131281 0.0136874
1 0.580732 0.694392 0.284937 0.139903 0.0103704
1 0.691823 0.666913 0.304829 0.195218 0.00812607
5 0.61 0.680498 0.288787 0.0981732 0.00617938
5 0.551657 0.688707 0.163062 0.233756 0.00457488
1 0.532455 0.695597 0.349434 0.242852 0.00346657
1 0.627195 0.65913 0.240516 0.162457 0.00184527
1 0.545854 0.681329 0.190341 0.209288 0.00136293
1 0.50622 0.701354 0.258296 0.18478 0.00134117
1 0.664186 0.649548 0.27439 0.170822 0.00131808
1 0.485696 0.705704 0.29149 0.135314 0.00115734
5 0.524166 0.668615 0.163761 0.142141 0.00105258
