1 0.424599 0.80335 0.0752 0.152295 0.50313
1 0.433012 0.811562 0.068667 0.130528 0.0391607
4 0.188621 0.634415 0.0539566 0.10607 0.0169023
4 0.183398 0.620228 0.0693525 0.0992176 0.0116596
4 0.192227 0.627845 0.0715568 0.0921224 0.00784153
5 0.414352 0.777938 0.084175 0.132819 0.00720119
1 0.407875 0.777339 0.0871503 0.116688 0.00693773
5 0.406565 0.746224 0.0828285 0.0910532 0.00474239
5 0.388559 0.764891 0.0841793 0.0964314 0.00277546
5 0.529754 0.726083 0.0617866 0.0427397 0.0026452
1 0.386727 0.747142 0.0816209 0.083097 0.0025034
4 0.162332 0.435285 0.0759093 0.0855531 0.00220918
4 0.870022 0.494153 0.0432827 0.139701 0.0021993
4 0.166374 0.447108 0.0764663 0.0875847 0.00192338
4 0.86968 0.459192 0.0470676 0.123993 0.00177365
5 0.392226 0.785866 0.0957801 0.127463 0.00177322
4 0.191329 0.64722 0.0404259 0.107636 0.00158297
5 0.240352 0.540777 0.0706542 0.0591675 0.00150458
1 0.371111 0.746312 0.0870451 0.0951192 0.00144208
5 0.423429 0.733225 0.0605206 0.0780877 0.0013371
4 0.873307 0.415313 0.0508697 0.122833 0.00130987
4 0.211798 0.613011 0.0718938 0.0831491 0.00129479
4 0.178464 0.605891 0.0654231 0.0935272 0.00126853
4 0.23918 0.547353 0.0760405 0.069224 0.00125087
4 0.870414 0.437998 0.0509308 0.126837 0.00116256
4 0.205242 0.623327 0.0727666 0.0830869 0.00116169
4 0.180141 0.651828 0.0525852 0.0982045 0.00110815
4 0.867289 0.485561 0.0471824 0.0879037 0.00109568
5 0.24565 0.544635 0.0830774 0.0721626 0.00105688
5 0.531755 0.718978 0.0592074 0.046329 0.00100973
