1 0.427465 0.684065 0.11591 0.140065 0.373163
1 0.405957 0.654793 0.165547 0.191633 0.359849
1 0.416295 0.657657 0.123881 0.179237 0.0567224
1 0.441645 0.694334 0.104127 0.142446 0.0432377
4 0.809284 0.730643 0.107491 0.0959107 0.0347646
1 0.394403 0.64578 0.132333 0.156242 0.0336843
1 0.155755 0.755648 0.140945 0.171145 0.0303763
1 0.405571 0.671441 0.153649 0.141972 0.0181494
1 0.176664 0.774901 0.1602 0.196576 0.0166121
1 0.428686 0.633643 0.093756 0.148547 0.01575
1 0.147793 0.819353 0.118914 0.145418 0.0128185
1 0.450064 0.711065 0.0845359 0.124952 0.0101613
1 0.425202 0.619412 0.0818625 0.118323 0.0100179
1 0.187745 0.730908 0.174928 0.177611 0.00908847
1 0.409531 0.698067 0.147023 0.145597 0.00879563
5 0.125767 0.755125 0.098902 0.162689 0.00866902
1 0.453557 0.688031 0.0732541 0.131516 0.00815261
1 0.201289 0.786837 0.180633 0.181795 0.00565973
1 0.137406 0.750938 0.11599 0.154389 0.00506546
1 0.130659 0.812757 0.112649 0.14637 0.00427478
5 0.147159 0.81016 0.110392 0.167228 0.00378746
4 0.790009 0.720512 0.0896866 0.0859197 0.00376606
1 0.440639 0.653306 0.158169 0.187881 0.00288985
1 0.452823 0.675607 0.106411 0.139933 0.00268884
5 0.160538 0.858258 0.108289 0.0505806 0.0022409
1 0.814683 0.730824 0.105304 0.09667 0.0021411
5 0.17309 0.753424 0.117269 0.16282 0.00185009
1 0.210106 0.712488 0.172451 0.161465 0.00175152
1 0.11407 0.820483 0.123387 0.150319 0.00166777
4 0.819056 0.730746 0.0960204 0.0787413 0.00153739
1 0.454482 0.725794 0.110724 0.112721 0.00138879
1 0.434673 0.716343 0.107118 0.134154 0.00131618
5 0.152078 0.852126 0.094989 0.0545946 0.00123511
1 0.438152 0.643729 0.128486 0.154369 0.00123289
5 0.119947 0.819452 0.0943592 0.1381 0.00115758
1 0.182881 0.745685 0.12898 0.169997 0.00105255
5 0.158823 0.861032 0.0853783 0.043608 0.00100304
