5 0.440892 0.820908 0.166058 0.181606 0.509471
1 0.438947 0.82043 0.167869 0.180347 0.308938
5 0.471044 0.618609 0.163486 0.0632021 0.0588449
1 0.406623 0.822792 0.106711 0.1754 0.0383716
1 0.457604 0.591819 0.230947 0.118808 0.0340568
5 0.397446 0.823061 0.0820407 0.171569 0.0319506
1 0.449012 0.615218 0.216171 0.079631 0.0113918
5 0.547188 0.575651 0.222531 0.0443682 0.00969994
5 0.46768 0.626897 0.152681 0.050681 0.00923201
1 0.549313 0.569308 0.399451 0.083731 0.00880786
5 0.479453 0.605556 0.170486 0.0772039 0.00828314
5 0.44935 0.624938 0.203093 0.0614399 0.00826818
1 0.412252 0.618144 0.286058 0.0793972 0.00769705
5 0.546409 0.565643 0.214734 0.0521775 0.00618637
1 0.524266 0.586447 0.344839 0.113769 0.00545754
5 0.466055 0.559159 0.235878 0.0430162 0.00532387
5 0.594444 0.563642 0.337668 0.0588255 0.00476054
5 0.498323 0.592328 0.172954 0.0600056 0.00475663
5 0.517331 0.575121 0.164574 0.0369501 0.00468438
1 0.546732 0.561627 0.212708 0.0524403 0.00407898
5 0.575802 0.571866 0.38804 0.092856 0.00398212
5 0.391861 0.847788 0.0613793 0.110527 0.0036414
5 0.52926 0.589844 0.205029 0.0584174 0.00336231
1 0.428265 0.597964 0.215471 0.104939 0.00315977
5 0.602784 0.556588 0.29936 0.0456244 0.00296608
5 0.592654 0.574594 0.34782 0.0591537 0.00281051
5 0.561495 0.558696 0.236522 0.0471646 0.00270039
1 0.442207 0.57766 0.193727 0.0775934 0.00212246
1 0.452438 0.560519 0.213368 0.0447443 0.0016318
5 0.404416 0.62268 0.286774 0.067786 0.00162949
5 0.69459 0.557372 0.169606 0.0487545 0.00161832
1 0.422976 0.827727 0.129372 0.140188 0.00158695
1 0.429375 0.853288 0.134003 0.0884468 0.00157067
5 0.283965 0.860584 0.198041 0.0387476 0.00148837
5 0.635929 0.55739 0.256329 0.0593335 0.00148287
1 0.698503 0.552533 0.1669 0.055175 0.00139484
5 0.433893 0.559073 0.178033 0.0355751 0.00139226
5 0.497503 0.563082 0.186137 0.0474163 0.00136963
1 0.457424 0.597687 0.187051 0.0873813 0.00114825
