10 0.623394 0.190067 0.100458 0.115662 0.0312602
11 0.182464 0.741171 0.0870659 0.0683281 0.0221556
10 0.718877 0.28036 0.0530675 0.20424 0.0174753
1 0.3689 0.561954 0.0640181 0.331547 0.0108646
11 0.186079 0.749838 0.079961 0.0571904 0.0067684
11 0.17882 0.732032 0.0985677 0.090387 0.00423091
10 0.719188 0.360996 0.059761 0.385255 0.00343303
11 0.128625 0.777399 0.0808252 0.0589883 0.0026788
11 0.607541 0.786647 0.0362667 0.115845 0.00250364
11 0.628825 0.603707 0.0579316 0.0801077 0.00215076
10 0.636253 0.171233 0.0690088 0.119004 0.00195353
4 0.587005 0.53882 0.0189884 0.0965529 0.0018259
11 0.614082 0.786589 0.0228428 0.10749 0.00155875
11 0.5996 0.784205 0.0381075 0.108508 0.001347
11 0.614114 0.79061 0.0339953 0.124425 0.00126704
11 0.607078 0.791736 0.050288 0.11233 0.00116403
11 0.608844 0.783985 0.0283829 0.102558 0.00105806
