1 0.489033 0.807922 0.171148 0.0841778 0.576693
1 0.397714 0.796028 0.172854 0.083051 0.398827
1 0.489056 0.79093 0.167962 0.0925313 0.058723
1 0.34629 0.689494 0.11611 0.0570817 0.0387677
1 0.456473 0.777705 0.122808 0.0737682 0.0283037
5 0.497581 0.810479 0.145918 0.0783348 0.0229218
5 0.385548 0.799209 0.15604 0.074629 0.0224251
1 0.448157 0.775832 0.108472 0.055309 0.0217449
1 0.387556 0.782507 0.162411 0.0683381 0.0187248
5 0.445518 0.776464 0.103826 0.0480253 0.0171153
1 0.319719 0.743528 0.137368 0.0736976 0.0163072
1 0.469779 0.7804 0.144658 0.099414 0.0113385
1 0.436189 0.832499 0.137576 0.0783718 0.0106741
5 0.403705 0.896122 0.100154 0.0474211 0.0101477
1 0.481334 0.823023 0.186147 0.111039 0.00954415
5 0.322482 0.739807 0.140695 0.0653455 0.00935995
1 0.393912 0.812172 0.153992 0.0714949 0.00917514
1 0.340926 0.700137 0.118008 0.0666298 0.00614107
1 0.448513 0.839195 0.199587 0.114412 0.00591844
1 0.342033 0.771977 0.114683 0.054954 0.00557415
1 0.362738 0.774421 0.129328 0.0554313 0.00549266
5 0.377198 0.837108 0.129073 0.0566487 0.00507331
5 0.338181 0.864832 0.112366 0.0718735 0.00499998
5 0.373901 0.85629 0.130422 0.0734517 0.0048818
5 0.483957 0.785679 0.175343 0.0723261 0.00470448
5 0.428869 0.831587 0.139378 0.0725105 0.00468987
5 0.450965 0.783614 0.111896 0.0623858 0.00410166
1 0.408983 0.846088 0.152465 0.107643 0.00393965
1 0.498622 0.7788 0.113166 0.11031 0.00386325
5 0.378139 0.810723 0.145835 0.0709476 0.00383343
5 0.412746 0.805044 0.163143 0.0663831 0.00369463
5 0.346348 0.691307 0.114006 0.0542263 0.00345296
1 0.386957 0.888874 0.131223 0.0669304 0.00340194
5 0.395984 0.848964 0.140399 0.0682826 0.00338911
1 0.440759 0.785565 0.114084 0.0606611 0.00324746
1 0.404254 0.891014 0.100328 0.0494602 0.00318937
1 0.395208 0.776736 0.183952 0.129122 0.00306305
5 0.396705 0.871945 0.12128 0.05892 0.00291804
5 0.397948 0.830111 0.150108 0.0607308 0.00291232
5 0.405438 0.906699 0.0987126 0.0518794 0.00288528
5 0.331933 0.850514 0.107406 0.0867901 0.00287699
1 0.428995 0.846721 0.142237 0.0794183 0.00279336
1 0.339566 0.832166 0.152852 0.128025 0.00278842
1 0.353231 0.851638 0.15504 0.117038 0.00262741
1 0.42181 0.862637 0.136856 0.0707898 0.00259612
5 0.363813 0.836957 0.151302 0.0791126 0.00249337
5 0.391519 0.885616 0.112923 0.0445075 0.00245729
5 0.341194 0.81413 0.139408 0.07419 0.00242269
1 0.420271 0.819021 0.152358 0.0730564 0.00219174
5 0.339017 0.880062 0.0978728 0.0665331 0.00209393
5 0.35373 0.876377 0.104281 0.0615418 0.00206426
1 0.404876 0.903384 0.0992532 0.0562335 0.0020597
1 0.319187 0.793238 0.139878 0.0827454 0.00200596
1 0.359079 0.793069 0.126971 0.0720026 0.00199942
1 0.412055 0.791599 0.165488 0.066972 0.00193253
5 0.481296 0.832414 0.173153 0.0895319 0.00184825
5 0.337743 0.836209 0.140294 0.116037 0.00182936
1 0.318949 0.765297 0.135806 0.0739958 0.00174727
5 0.360364 0.804778 0.131604 0.0645749 0.00167603
1 0.337608 0.716144 0.125139 0.086094 0.00166226
1 0.356513 0.87721 0.146514 0.0825064 0.00164706
5 0.375952 0.877703 0.116018 0.0552143 0.00154156
5 0.323359 0.817915 0.136048 0.0869319 0.00143507
1 0.423588 0.866367 0.15162 0.107666 0.00140426
1 0.359664 0.697165 0.128494 0.0704863 0.001355
5 0.318475 0.83099 0.111758 0.101624 0.00132819
5 0.304772 0.814954 0.108828 0.0712563 0.00132083
5 0.328459 0.861349 0.0915922 0.0517901 0.00130745
1 0.46923 0.820247 0.188145 0.0783068 0.00129811
5 0.339472 0.724092 0.120074 0.0838557 0.00116427
1 0.32201 0.810876 0.141964 0.0913732 0.00115506
1 0.45684 0.83788 0.152713 0.0786279 0.001054
1 0.339701 0.866166 0.14027 0.0984787 0.00102591
