10 0.447802 0.615882 0.484274 0.377498 0.774065
5 0.737195 0.502421 0.282911 0.440145 0.668962
1 0.77958 0.684517 0.323019 0.271886 0.520184
10 0.760199 0.506528 0.249059 0.476902 0.234792
6 0.885813 0.659714 0.191852 0.252663 0.135381
5 0.784162 0.683176 0.34418 0.270023 0.0962921
6 0.836703 0.609131 0.25162 0.244917 0.086821
5 0.786833 0.63697 0.362447 0.316546 0.0721102
10 0.743349 0.578257 0.254425 0.469274 0.0254301
10 0.775042 0.610831 0.331884 0.335583 0.0183949
5 0.773932 0.761475 0.21793 0.0968552 0.0120986
5 0.770554 0.55634 0.325167 0.445819 0.0111273
10 0.601006 0.740512 0.470939 0.232226 0.0101749
5 0.775677 0.482802 0.247622 0.409283 0.0100387
5 0.773333 0.478171 0.17607 0.392371 0.00626724
5 0.738111 0.43419 0.190134 0.305728 0.00524044
10 0.707806 0.500204 0.330601 0.461389 0.0052042
6 0.775455 0.663553 0.3279 0.29953 0.00505906
5 0.852316 0.656634 0.248298 0.253376 0.00334482
10 0.73419 0.646417 0.274625 0.359848 0.00179416
1 0.752551 0.70988 0.263369 0.213276 0.00178049
5 0.773651 0.74117 0.212613 0.140611 0.0016328
10 0.730515 0.601215 0.234816 0.223927 0.0015051
5 0.883551 0.679631 0.178071 0.207772 0.00120132
6 0.820633 0.584346 0.228044 0.315755 0.00109647
10 0.571662 0.615537 0.334304 0.202805 0.00102635
