1 0.277641 0.625462 0.295311 0.101783 0.574854
1 0.268225 0.6347 0.255556 0.081421 0.157417
1 0.259238 0.647458 0.271483 0.0872883 0.0699932
5 0.254744 0.638617 0.261411 0.0709002 0.0304974
5 0.284498 0.618921 0.271443 0.0817027 0.0245798
1 0.264475 0.665759 0.294795 0.0854376 0.0109944
5 0.274026 0.673004 0.324348 0.070646 0.00768803
1 0.217978 0.638287 0.247211 0.0865338 0.00657045
1 0.227719 0.647242 0.289024 0.108346 0.00350214
1 0.2061 0.652447 0.199863 0.0572337 0.00323867
5 0.243176 0.67901 0.255603 0.0523819 0.00239784
1 0.231539 0.648788 0.262253 0.0700383 0.00209653
5 0.249018 0.664697 0.274633 0.0792389 0.0017532
1 0.200464 0.629855 0.198237 0.0846472 0.00165116
1 0.219656 0.659762 0.224922 0.0563408 0.00145108
5 0.276549 0.636555 0.210614 0.0590252 0.0013866
