4 0.613587 0.815359 0.105851 0.0896803 0.400249
4 0.495362 0.665766 0.175484 0.0924177 0.397603
4 0.508827 0.551946 0.166264 0.106773 0.291346
4 0.491868 0.647183 0.180707 0.0777707 0.157624
4 0.475703 0.6869 0.14363 0.0706993 0.0841307
4 0.466185 0.705838 0.136324 0.0378723 0.0801806
4 0.468499 0.699023 0.141689 0.0469692 0.0586745
4 0.472753 0.641252 0.146889 0.0642723 0.0577143
4 0.485419 0.676374 0.155048 0.0796063 0.0479506
4 0.491396 0.680784 0.118355 0.0663965 0.017183
4 0.748643 0.610022 0.130034 0.0708394 0.016574
4 0.749576 0.61699 0.14653 0.0899403 0.0155475
4 0.410593 0.639813 0.125113 0.0601313 0.0134109
4 0.489534 0.535545 0.125355 0.0631117 0.0125398
4 0.445234 0.641062 0.14123 0.0623047 0.00835344
4 0.500666 0.542546 0.146951 0.0783443 0.00796117
4 0.496907 0.52233 0.10798 0.0571249 0.00650588
4 0.735065 0.625907 0.142667 0.100127 0.00576137
10 0.512244 0.553615 0.166469 0.100062 0.00466509
1 0.747608 0.623028 0.149459 0.0941431 0.00283943
4 0.728064 0.614286 0.125557 0.0672375 0.00279172
4 0.333916 0.716803 0.153327 0.0433397 0.00271162
4 0.51794 0.553271 0.144978 0.0765975 0.00270189
4 0.750931 0.598801 0.132056 0.064086 0.00262068
1 0.760108 0.607769 0.152926 0.0699486 0.00257079
4 0.521463 0.513739 0.110698 0.0460645 0.00252865
4 0.71656 0.642794 0.142558 0.127013 0.00251097
4 0.733536 0.602371 0.117427 0.0552519 0.00199604
4 0.482712 0.532538 0.102821 0.0509922 0.00179621
4 0.719255 0.623862 0.124198 0.0791172 0.00119235
4 0.465629 0.650117 0.135611 0.0597563 0.00118525
4 0.488803 0.692984 0.114567 0.0506774 0.0011411
1 0.761708 0.594726 0.149175 0.0815516 0.00104831
