1 0.362642 0.81883 0.235659 0.156243 0.818018
1 0.696189 0.66864 0.135061 0.145329 0.621058
1 0.830211 0.755872 0.178829 0.253067 0.0719271
5 0.854176 0.748039 0.128327 0.23666 0.0440139
5 0.856937 0.716758 0.100045 0.15798 0.0153785
1 0.853577 0.724868 0.115606 0.179318 0.00471015
5 0.864395 0.693392 0.097674 0.126129 0.0046885
5 0.373634 0.787847 0.201721 0.0801643 0.00413629
1 0.372936 0.792879 0.209895 0.089916 0.00393835
1 0.808935 0.789015 0.140143 0.169754 0.00165507
5 0.868423 0.677784 0.0912386 0.0865013 0.00155102
5 0.854806 0.70653 0.094125 0.114627 0.00110698
