1 0.310475 0.769862 0.169622 0.125569 0.488247
1 0.420088 0.83628 0.223611 0.159661 0.283834
1 0.427195 0.808178 0.223968 0.21483 0.125137
1 0.335913 0.759228 0.190762 0.149595 0.1236
1 0.386163 0.761958 0.240976 0.180628 0.0936351
1 0.394734 0.839625 0.230749 0.135635 0.0719156
1 0.452916 0.82843 0.168236 0.169414 0.0604426
1 0.416734 0.774148 0.226984 0.207211 0.053257
1 0.3826 0.80787 0.229364 0.194802 0.0403698
1 0.356065 0.791311 0.182128 0.186306 0.0262027
1 0.344706 0.74659 0.118964 0.158225 0.0227148
1 0.307772 0.766798 0.118661 0.12189 0.0148815
5 0.450153 0.799686 0.144432 0.231162 0.0142074
1 0.375919 0.74374 0.147315 0.145195 0.0141128
1 0.437298 0.773135 0.155797 0.191276 0.00721799
1 0.416001 0.754405 0.187048 0.149206 0.00657826
1 0.344687 0.740711 0.0915656 0.14213 0.00461438
1 0.48236 0.82686 0.1546 0.153819 0.00429847
1 0.364855 0.736252 0.111975 0.131108 0.00236278
1 0.287656 0.766578 0.112194 0.123967 0.00210431
1 0.416504 0.739541 0.142108 0.130349 0.00201504
1 0.326768 0.796071 0.153451 0.180617 0.0017253
1 0.361049 0.832664 0.190316 0.118968 0.00161284
1 0.456774 0.789403 0.247904 0.245849 0.00159189
1 0.592677 0.753583 0.219683 0.157974 0.00151869
1 0.758217 0.828864 0.167553 0.187837 0.00146379
1 0.56526 0.756139 0.217112 0.180646 0.00143504
10 0.342921 0.710385 0.07812 0.0812709 0.00124124
1 0.344275 0.72512 0.0786227 0.110748 0.00113667
1 0.419781 0.726123 0.113035 0.102693 0.00110418
