1 0.266298 0.560234 0.0785622 0.160289 0.12225
1 0.204076 0.5662 0.0705077 0.174404 0.0962113
1 0.229628 0.557994 0.113332 0.170731 0.0813212
5 0.261937 0.551893 0.0691143 0.160919 0.0770337
1 0.178235 0.598883 0.148175 0.20806 0.0549999
1 0.183534 0.570729 0.12566 0.163528 0.0529445
1 0.281999 0.562812 0.0999544 0.126631 0.0387571
1 0.248434 0.561081 0.09664 0.15974 0.0365485
5 0.191194 0.705844 0.0486779 0.211172 0.0206312
1 0.281396 0.579834 0.0873885 0.131814 0.0205543
3 0.910204 0.615173 0.0635393 0.0903871 0.0197326
1 0.224212 0.581538 0.128698 0.183429 0.0153081
1 0.208767 0.583337 0.0846159 0.182059 0.0132274
1 0.184654 0.703539 0.0760838 0.207861 0.0117624
1 0.192409 0.581812 0.0946497 0.177806 0.01167
1 0.16514 0.634404 0.140199 0.210755 0.0116343
1 0.122457 0.704134 0.0979843 0.218035 0.0107483
1 0.100771 0.70356 0.0976187 0.20605 0.00851432
5 0.290543 0.560497 0.106356 0.0813626 0.00833138
5 0.167565 0.576008 0.115738 0.133243 0.00796131
1 0.207264 0.55795 0.0499191 0.161901 0.00733799
4 0.830427 0.469418 0.0273464 0.0787183 0.00660111
5 0.291069 0.574781 0.0986502 0.0976665 0.0061761
1 0.228707 0.638588 0.131593 0.157151 0.00546479
1 0.251784 0.634765 0.107865 0.139714 0.00515975
5 0.289403 0.591663 0.0762628 0.105752 0.00481649
1 0.281931 0.562142 0.123609 0.15903 0.00413354
1 0.28644 0.602422 0.0661088 0.091989 0.00390562
5 0.268216 0.54492 0.0892155 0.135584 0.00375365
1 0.225591 0.61455 0.101721 0.170329 0.00373087
1 0.254207 0.587997 0.0794835 0.129569 0.00372104
1 0.218109 0.643709 0.101456 0.131716 0.00362978
1 0.200353 0.600334 0.0802017 0.190495 0.00360696
1 0.182988 0.678799 0.0883508 0.195142 0.0035566
5 0.290916 0.600261 0.0587403 0.0901228 0.00341572
1 0.158658 0.673182 0.144538 0.167256 0.0031095
1 0.172521 0.65831 0.120103 0.144833 0.00302466
1 0.172251 0.625897 0.141077 0.143037 0.00283491
5 0.178064 0.592419 0.131171 0.165375 0.00280367
1 0.192655 0.552417 0.094614 0.137878 0.00277365
4 0.82988 0.481811 0.0376343 0.0940533 0.00235134
5 0.299594 0.571204 0.0926986 0.0712377 0.00231014
1 0.142771 0.703577 0.145889 0.215578 0.00224576
1 0.190674 0.627398 0.12313 0.203085 0.0020319
1 0.269544 0.614227 0.0987289 0.123731 0.00196087
5 0.257359 0.646884 0.110148 0.10503 0.00195664
1 0.207922 0.656167 0.0790787 0.161907 0.00183217
1 0.193821 0.682125 0.0570414 0.210698 0.00172813
5 0.258733 0.653316 0.101906 0.0790244 0.00129579
4 0.840362 0.472621 0.0313987 0.0796217 0.00128364
5 0.22799 0.643752 0.090056 0.124103 0.00119414
4 0.828328 0.497153 0.0492098 0.091198 0.00117708
5 0.158915 0.558456 0.104062 0.115682 0.00111566
4 0.840889 0.480095 0.0378446 0.086153 0.00100628
