6 0.246099 0.533488 0.293273 0.293628 0.72934
5 0.222523 0.389687 0.196885 0.527472 0.711967
5 0.48695 0.702656 0.576383 0.561968 0.671029
10 0.269387 0.436436 0.243708 0.634229 0.543631
10 0.337888 0.440183 0.149055 0.582975 0.479358
4 0.397015 0.184576 0.418783 0.254035 0.3577
10 0.313209 0.438122 0.229862 0.63513 0.341922
5 0.343247 0.449891 0.147917 0.611288 0.270138
4 0.368845 0.212008 0.478636 0.341164 0.269769
6 0.3042 0.577916 0.227359 0.310567 0.0771162
6 0.403197 0.354179 0.260548 0.237644 0.0509726
10 0.324432 0.36588 0.20522 0.515553 0.0399714
10 0.245724 0.606634 0.294919 0.309794 0.0354315
10 0.429068 0.213668 0.354029 0.189487 0.0340562
10 0.245094 0.496738 0.28741 0.533021 0.0203596
10 0.380788 0.358048 0.269319 0.526822 0.0194343
10 0.245525 0.363304 0.218839 0.5144 0.0188374
4 0.265557 0.336806 0.249352 0.464342 0.0178056
4 0.375642 0.283377 0.45473 0.413109 0.0177254
6 0.281593 0.56256 0.298875 0.302835 0.0148718
6 0.396772 0.329068 0.264446 0.331027 0.0144986
6 0.23406 0.629197 0.30479 0.26901 0.00940598
10 0.266286 0.650034 0.235332 0.223586 0.00643475
10 0.301772 0.280875 0.150491 0.363186 0.00430896
10 0.421997 0.393795 0.318917 0.587187 0.00430059
10 0.36685 0.458651 0.242942 0.603196 0.00307727
6 0.229689 0.481237 0.244473 0.315577 0.00255035
10 0.320751 0.358542 0.114087 0.368133 0.0023077
10 0.218837 0.441927 0.305849 0.649441 0.00198522
6 0.284476 0.475554 0.305145 0.372949 0.00194737
4 0.439047 0.203939 0.334342 0.197443 0.00172996
10 0.41928 0.293579 0.347222 0.411488 0.00128437
