1 0.723304 0.810169 0.189885 0.13053 0.222476
1 0.791827 0.770088 0.196848 0.102878 0.19356
1 0.724053 0.696074 0.164924 0.0798265 0.170717
5 0.634348 0.81297 0.148361 0.0807709 0.136232
1 0.666289 0.810761 0.201029 0.0994756 0.134004
1 0.6514 0.822807 0.183531 0.108818 0.124393
1 0.685457 0.794515 0.188604 0.099792 0.0895381
1 0.763406 0.784219 0.185133 0.123219 0.0894127
1 0.742135 0.809088 0.163684 0.109835 0.0691314
1 0.747847 0.709246 0.172619 0.093516 0.0657352
1 0.73675 0.793863 0.191922 0.115734 0.0458411
1 0.719202 0.830207 0.173485 0.118199 0.0413132
1 0.837483 0.776658 0.11577 0.0660051 0.0410562
5 0.655097 0.821476 0.194629 0.104561 0.0390746
1 0.709624 0.687024 0.13354 0.0684389 0.036863
3 0.238516 0.89871 0.169626 0.135848 0.0358613
1 0.804856 0.830737 0.126411 0.0953565 0.0334096
1 0.64462 0.80728 0.146739 0.080874 0.0327404
1 0.792733 0.81935 0.136286 0.114443 0.0311243
1 0.814943 0.77791 0.161298 0.0731594 0.0285256
1 0.770232 0.816235 0.160013 0.0894157 0.0277718
1 0.779748 0.75741 0.166294 0.0899495 0.0272311
1 0.674624 0.836736 0.21188 0.116863 0.0200142
1 0.750645 0.828236 0.136594 0.114627 0.0193512
1 0.692657 0.782233 0.156629 0.0905218 0.0181619
5 0.818989 0.839662 0.0854175 0.0769786 0.0175144
1 0.773856 0.715925 0.156258 0.085054 0.0143614
1 0.786163 0.798413 0.166664 0.126642 0.0132442
11 0.16246 0.756788 0.0341569 0.0543961 0.0125312
1 0.838677 0.763651 0.10449 0.0540936 0.0104021
1 0.769333 0.816382 0.168591 0.134384 0.0103731
5 0.808739 0.780037 0.177701 0.0824837 0.00960786
1 0.711964 0.787839 0.187568 0.103643 0.0086261
1 0.821485 0.83757 0.0967555 0.0803125 0.00832876
1 0.703197 0.842301 0.173487 0.107255 0.00757327
11 0.212694 0.726727 0.0591908 0.0788164 0.0073051
11 0.166576 0.761437 0.0423055 0.050123 0.0067127
1 0.775613 0.738388 0.168339 0.102671 0.00656204
1 0.808551 0.85629 0.0977774 0.104176 0.00612212
1 0.822979 0.818467 0.129461 0.119446 0.00576532
1 0.82468 0.761902 0.13768 0.0716458 0.0056338
11 0.155765 0.756936 0.0357083 0.0543766 0.00556036
1 0.788379 0.84871 0.130573 0.09111 0.00554945
1 0.780979 0.866599 0.116051 0.0946918 0.00520667
1 0.856676 0.773089 0.0817466 0.0586435 0.0046296
1 0.738686 0.842949 0.137954 0.0932965 0.00428601
1 0.76405 0.850183 0.117876 0.097301 0.00411366
1 0.759858 0.740362 0.197585 0.13532 0.00377774
1 0.74083 0.724768 0.189094 0.119349 0.00313909
1 0.73997 0.777005 0.180463 0.106133 0.00312055
1 0.792502 0.875154 0.113451 0.0761696 0.00310609
1 0.699796 0.677926 0.115171 0.0629991 0.00305394
1 0.660382 0.798965 0.150818 0.0763761 0.00298596
1 0.702377 0.670013 0.124916 0.0839976 0.00279815
11 0.173698 0.747284 0.0524315 0.061611 0.00272339
5 0.643598 0.799144 0.123873 0.0596532 0.00261166
11 0.205258 0.718508 0.067534 0.063649 0.00251376
1 0.822679 0.791752 0.146453 0.0876218 0.00235015
5 0.788634 0.754075 0.184861 0.0947153 0.00218716
5 0.713585 0.781326 0.182225 0.0966978 0.00187329
11 0.172114 0.776069 0.05358 0.0307856 0.00185456
5 0.788677 0.730762 0.174766 0.0777284 0.00182321
5 0.808337 0.729807 0.156465 0.0653071 0.00179225
11 0.164355 0.751505 0.0488415 0.0633001 0.00175686
1 0.667665 0.785959 0.110561 0.0921211 0.00175168
5 0.68231 0.844696 0.188237 0.0957645 0.00164494
5 0.834868 0.742321 0.107302 0.0512951 0.00140738
11 0.165285 0.7753 0.0434464 0.0283682 0.00130683
11 0.198446 0.731138 0.0743026 0.0792022 0.00125385
1 0.856965 0.758734 0.0836158 0.0546233 0.00118229
11 0.243365 0.841601 0.078522 0.0242847 0.00115067
1 0.813005 0.786544 0.168119 0.123575 0.00109286
1 0.838885 0.789677 0.121801 0.0694253 0.00103009
