1 0.306396 0.751408 0.200704 0.215731 0.261703
1 0.312026 0.721762 0.187169 0.152505 0.107116
5 0.298313 0.795952 0.164898 0.131617 0.0622028
1 0.313247 0.802766 0.22081 0.13817 0.0588023
1 0.266088 0.747661 0.151388 0.223158 0.0451806
1 0.483435 0.882689 0.254351 0.117614 0.0321057
1 0.292825 0.795857 0.155157 0.133283 0.029413
1 0.237123 0.70676 0.132957 0.166664 0.0221821
1 0.285184 0.73461 0.128325 0.164376 0.0220119
5 0.226134 0.703085 0.109116 0.148785 0.0216035
1 0.218644 0.729511 0.133884 0.215438 0.0193614
1 0.280791 0.781892 0.179238 0.170732 0.0193102
1 0.270093 0.720618 0.099527 0.170454 0.0172952
1 0.29075 0.709832 0.149238 0.150832 0.0161704
5 0.304389 0.763091 0.170516 0.182803 0.0135621
1 0.258871 0.705092 0.11572 0.153529 0.00998987
1 0.242209 0.737731 0.120979 0.214218 0.00978051
1 0.219343 0.752224 0.10607 0.213744 0.00837828
1 0.26209 0.696283 0.17509 0.174821 0.0079762
1 0.268492 0.759057 0.133243 0.17598 0.00596751
1 0.289547 0.764338 0.140525 0.158156 0.00569116
1 0.477761 0.90004 0.236371 0.0742019 0.00416554
1 0.332101 0.812146 0.205967 0.100347 0.00380147
1 0.233243 0.773429 0.107674 0.170565 0.00348694
5 0.476065 0.893892 0.23259 0.0645028 0.00288878
1 0.345997 0.818155 0.275868 0.157497 0.00276359
1 0.222759 0.767589 0.137676 0.194408 0.00247479
1 0.461572 0.868901 0.297796 0.144928 0.00217371
1 0.327318 0.745647 0.210677 0.17635 0.00209812
1 0.218405 0.700999 0.126772 0.148548 0.0019273
5 0.345117 0.814354 0.186712 0.0979889 0.00173562
1 0.342126 0.729778 0.140206 0.161206 0.00168943
1 0.469095 0.911269 0.225451 0.0607842 0.00162377
1 0.247896 0.688447 0.129679 0.128537 0.00161827
5 0.494316 0.875725 0.232296 0.122853 0.0014609
5 0.348628 0.820049 0.162489 0.077737 0.00142771
1 0.232578 0.78983 0.0838259 0.139053 0.00138114
5 0.321555 0.811501 0.179323 0.11037 0.00129026
1 0.19333 0.69808 0.176962 0.145074 0.00121655
5 0.46385 0.883719 0.214315 0.0579975 0.00110201
1 0.218693 0.783666 0.100275 0.152834 0.00105585
5 0.235359 0.674889 0.125409 0.121293 0.00100555
