1 0.624852 0.615125 0.100154 0.253485 0.215968
5 0.732753 0.696531 0.242711 0.239143 0.113836
1 0.63484 0.658814 0.0958509 0.219556 0.0869454
5 0.765313 0.56034 0.0858467 0.157404 0.0620663
1 0.718941 0.682532 0.267045 0.258957 0.0473823
1 0.630116 0.607948 0.086434 0.196732 0.0446679
5 0.766086 0.733563 0.148674 0.288106 0.0225152
1 0.645303 0.667731 0.142888 0.237388 0.0168639
1 0.642494 0.652575 0.128066 0.180777 0.0113592
5 0.755084 0.572839 0.104026 0.180776 0.0113175
5 0.752966 0.767417 0.0956268 0.230422 0.0111941
1 0.634074 0.632797 0.0839313 0.154463 0.0111481
5 0.765816 0.70174 0.172243 0.240639 0.00911529
1 0.696845 0.687902 0.179577 0.247396 0.00870137
1 0.690429 0.719106 0.138843 0.182255 0.00469416
1 0.615482 0.598047 0.0521408 0.222137 0.0046347
5 0.712845 0.66839 0.274354 0.271255 0.00450955
5 0.696565 0.735785 0.150999 0.15423 0.00440975
5 0.661415 0.707328 0.0594838 0.192815 0.00333194
1 0.638029 0.713154 0.076417 0.157645 0.00331813
1 0.677803 0.689856 0.193471 0.203587 0.00306365
1 0.625928 0.644171 0.0760722 0.204417 0.00244043
1 0.634008 0.69654 0.0566538 0.136663 0.002428
5 0.655964 0.722637 0.057423 0.153878 0.00206328
1 0.656715 0.689835 0.0554211 0.191045 0.00201508
1 0.684266 0.698655 0.117527 0.198355 0.00201386
5 0.77246 0.581422 0.120387 0.201711 0.00175211
1 0.64914 0.670032 0.0927282 0.185123 0.00173456
5 0.770013 0.625855 0.153254 0.105395 0.00159284
1 0.740135 0.714216 0.201997 0.249658 0.00156803
1 0.675964 0.73094 0.0971275 0.149147 0.00145367
1 0.630309 0.680055 0.0552027 0.134623 0.00138659
5 0.684679 0.744579 0.11761 0.127682 0.00125544
5 0.745931 0.573803 0.146449 0.174979 0.00112527
5 0.741154 0.593549 0.178179 0.145848 0.00112407
1 0.754524 0.738194 0.13301 0.263436 0.00105909
1 0.618455 0.70061 0.0487391 0.132204 0.00100603
1 0.747381 0.562965 0.108744 0.157033 0.00100024
