5 0.77657 0.509238 0.14243 0.4276 0.728189
5 0.719613 0.320727 0.357795 0.296922 0.300627
10 0.709431 0.358193 0.364686 0.354445 0.133492
1 0.714948 0.295454 0.371127 0.23125 0.0956612
10 0.506782 0.481005 0.440958 0.0928104 0.057554
6 0.822966 0.31722 0.155586 0.281352 0.0360585
10 0.780118 0.505728 0.228788 0.369277 0.0324058
5 0.824277 0.480993 0.107779 0.382085 0.0280695
10 0.698079 0.416036 0.322669 0.42447 0.0251693
10 0.522132 0.472787 0.507084 0.122495 0.0199866
10 0.84811 0.557533 0.0771208 0.325902 0.0195786
10 0.817866 0.494615 0.149291 0.452063 0.0159964
1 0.780516 0.318813 0.219522 0.304861 0.0143533
1 0.737787 0.334471 0.323179 0.321548 0.0133974
5 0.800476 0.298602 0.144592 0.266989 0.012418
1 0.818535 0.307794 0.160294 0.275751 0.0119851
10 0.769314 0.450932 0.241513 0.435897 0.0103189
10 0.707251 0.47867 0.318231 0.371219 0.00723813
5 0.820355 0.490247 0.146436 0.465028 0.00666356
6 0.670638 0.479024 0.251829 0.104514 0.00520462
10 0.819646 0.515288 0.226969 0.392423 0.00514524
10 0.661871 0.392036 0.248918 0.282624 0.00455543
10 0.715041 0.295171 0.363839 0.236617 0.00409711
10 0.635575 0.39845 0.434095 0.345493 0.00281989
5 0.801416 0.317396 0.192227 0.296747 0.00250962
10 0.649079 0.493972 0.27661 0.10182 0.00242008
5 0.488134 0.482403 0.419879 0.0862137 0.00225032
6 0.795575 0.353261 0.214452 0.286709 0.00223189
6 0.678572 0.464596 0.297476 0.135108 0.00221587
5 0.801096 0.459393 0.189028 0.540422 0.00210829
5 0.833739 0.304659 0.116092 0.254827 0.00207066
10 0.727764 0.482471 0.38636 0.147442 0.00197754
5 0.837937 0.29822 0.0878252 0.233561 0.00176399
10 0.792333 0.458912 0.207024 0.554523 0.00175226
10 0.819758 0.539206 0.106572 0.380184 0.001679
10 0.64706 0.515299 0.287439 0.0761062 0.00166569
10 0.739255 0.501482 0.242853 0.267894 0.00155896
5 0.745982 0.303787 0.275744 0.246213 0.00117869
10 0.835811 0.54965 0.0896965 0.381911 0.00112262
10 0.527182 0.446822 0.509535 0.172637 0.00108063
