11 0.3155 0.546001 0.0388574 0.0357926 0.0349618
11 0.323125 0.545934 0.047756 0.03601 0.0275242
11 0.226704 0.590247 0.0497233 0.0565784 0.0255609
11 0.127335 0.526205 0.0489461 0.050137 0.018098
11 0.308035 0.548275 0.0425127 0.0404292 0.0138996
10 0.216578 0.484212 0.0224268 0.0847466 0.00944909
11 0.19699 0.512575 0.0545568 0.0383996 0.00913692
11 0.0530817 0.457249 0.0339784 0.0326545 0.00745543
11 0.1437 0.529487 0.047984 0.0508955 0.00734302
11 0.190395 0.53008 0.0525181 0.0598785 0.00668124
11 0.235428 0.592673 0.040918 0.0601401 0.00598758
10 0.209959 0.491967 0.0308578 0.0703774 0.00598226
11 0.188286 0.538093 0.0473903 0.0588772 0.00535455
11 0.138223 0.525517 0.0458353 0.051925 0.004956
11 0.33718 0.547491 0.0452903 0.0331865 0.00482463
11 0.107029 0.583569 0.0428435 0.0456001 0.00464593
11 0.332667 0.544202 0.045598 0.0309465 0.00414549
11 0.0513634 0.44992 0.0371596 0.0262137 0.00403627
3 0.827856 0.512882 0.0860758 0.0891593 0.00383427
11 0.0675742 0.516113 0.0208698 0.083015 0.00362698
11 0.329557 0.481637 0.0288309 0.0271669 0.00359784
11 0.119292 0.478814 0.0453167 0.0259531 0.00345594
11 0.120092 0.465812 0.0434214 0.0259381 0.00338598
11 0.336774 0.482844 0.0349759 0.0250133 0.00313643
11 0.238021 0.600624 0.0377151 0.0576972 0.00303268
11 0.245715 0.578495 0.0445863 0.0686539 0.0030171
11 0.286733 0.551293 0.0402533 0.0451705 0.00272482
11 0.0641467 0.503953 0.0216572 0.0623822 0.00254406
11 0.149648 0.533958 0.0430118 0.0553402 0.00252716
11 0.0475222 0.456074 0.0337015 0.0364764 0.002516
11 0.327428 0.477488 0.0288607 0.0236703 0.00229913
11 0.228843 0.601413 0.0457081 0.0545821 0.0022615
11 0.113345 0.46302 0.040948 0.0244446 0.00224361
11 0.0709865 0.515734 0.0214653 0.076085 0.00215774
11 0.322882 0.53996 0.0409371 0.0379785 0.00207053
11 0.107569 0.490322 0.0370569 0.0225516 0.00206909
11 0.0687183 0.500816 0.0199364 0.0526575 0.00188272
11 0.0689636 0.462236 0.0295504 0.0339523 0.00186118
11 0.0666082 0.44878 0.046581 0.0294182 0.0018044
11 0.125701 0.518412 0.0461235 0.0457675 0.00180243
11 0.06135 0.516678 0.020928 0.0707567 0.00176523
11 0.243565 0.59721 0.0447235 0.0574004 0.00169366
11 0.329412 0.497053 0.0297983 0.0537712 0.00168274
11 0.293893 0.544596 0.0459485 0.0354336 0.00163695
11 0.352074 0.553875 0.0391269 0.0411241 0.00159326
11 0.232418 0.581452 0.0449633 0.0716417 0.00153747
11 0.177296 0.549515 0.0368964 0.0766942 0.0015228
11 0.204003 0.531876 0.0537065 0.0756632 0.0014517
11 0.333578 0.478436 0.0337147 0.0233329 0.00134932
11 0.22832 0.518227 0.0399223 0.0304504 0.00132384
11 0.135223 0.519284 0.0413221 0.0480908 0.00131316
11 0.343525 0.480046 0.0503057 0.0204016 0.00128859
11 0.0724177 0.502842 0.0204932 0.0538388 0.00128531
11 0.0418214 0.465214 0.031639 0.0416754 0.00126059
11 0.0984067 0.457557 0.0359618 0.0235548 0.00122793
4 0.138268 0.542677 0.0457926 0.0546341 0.00119246
11 0.0873536 0.454882 0.040032 0.0259918 0.00119155
11 0.312985 0.539827 0.0471432 0.0382916 0.00119119
11 0.0647015 0.821722 0.0236525 0.0763465 0.00117706
11 0.210937 0.505797 0.0378617 0.0395002 0.00117452
11 0.0798173 0.458728 0.0336621 0.0290972 0.00114675
11 0.146787 0.522241 0.0413175 0.058456 0.00114309
11 0.109148 0.479408 0.0402988 0.0248836 0.00113992
11 0.115495 0.491108 0.0413766 0.0177491 0.00112582
11 0.191994 0.651355 0.0344476 0.0339231 0.00102927
11 0.221177 0.513947 0.0405273 0.0397256 0.00102007
11 0.258928 0.579247 0.0407348 0.0782292 0.00100082
