3 0.806943 0.672066 0.198123 0.183154 0.920756
3 0.175042 0.672567 0.179283 0.187284 0.0300343
11 0.457198 0.567153 0.0382291 0.0502686 0.00489602
11 0.512588 0.595339 0.050832 0.0629416 0.00430286
11 0.453599 0.580316 0.0385199 0.0641683 0.00294483
11 0.336069 0.522655 0.0578782 0.0344723 0.00272423
11 0.645627 0.596494 0.0682014 0.0400244 0.00254649
11 0.621088 0.547146 0.103282 0.0404385 0.00249596
11 0.590731 0.543162 0.151192 0.0390582 0.00198759
11 0.501361 0.595784 0.0541724 0.0663534 0.00192956
11 0.500639 0.606974 0.0598698 0.0635838 0.00188729
11 0.486749 0.576828 0.0627069 0.0435009 0.00173116
11 0.502354 0.583804 0.0500677 0.0466074 0.0011972
11 0.638239 0.550072 0.0992957 0.0441758 0.00109168
