11 0.539667 0.408903 0.154908 0.0256847 0.190573
11 0.575002 0.406547 0.162447 0.025477 0.0626874
11 0.559183 0.409713 0.159118 0.0299586 0.0332535
11 0.432283 0.295381 0.119671 0.019428 0.0220799
11 0.494684 0.291611 0.0739117 0.017564 0.0202475
11 0.563113 0.28883 0.125721 0.0161169 0.0200473
11 0.563503 0.309207 0.101051 0.0225223 0.0191968
11 0.586588 0.286702 0.129136 0.0172448 0.0189665
11 0.48234 0.291754 0.0752251 0.018731 0.0182455
11 0.55114 0.308989 0.0965578 0.0187545 0.0178406
11 0.453894 0.27667 0.0936469 0.011277 0.0165743
11 0.714376 0.298182 0.112675 0.0249294 0.0140149
11 0.564014 0.407109 0.20503 0.0300219 0.0139787
11 0.455646 0.293663 0.106291 0.017784 0.0109516
11 0.436528 0.276602 0.0910564 0.0111284 0.00899333
11 0.417644 0.302309 0.126218 0.0376264 0.00848538
11 0.414274 0.294824 0.12254 0.0208227 0.00832331
11 0.603936 0.40181 0.126471 0.0169516 0.00822898
11 0.466573 0.277367 0.0987912 0.0119511 0.0080724
11 0.500944 0.296003 0.0688618 0.0178204 0.00741903
10 0.504206 0.317374 0.153062 0.0209334 0.00617298
11 0.540168 0.302064 0.0968398 0.0205255 0.00574168
11 0.606982 0.404888 0.137077 0.0240768 0.00573557
11 0.399228 0.314607 0.0791358 0.0238587 0.00568834
11 0.638131 0.317534 0.100744 0.0127659 0.00428273
11 0.417768 0.292141 0.0945695 0.0250575 0.00425506
11 0.443423 0.297877 0.147319 0.0261398 0.00390771
11 0.591153 0.307228 0.116118 0.0258414 0.00361544
11 0.454061 0.273004 0.087849 0.0188803 0.00350059
11 0.570359 0.347472 0.141829 0.0214698 0.00345207
11 0.582288 0.290424 0.129458 0.0208379 0.00331066
11 0.716078 0.29358 0.116613 0.0283169 0.00325301
11 0.417576 0.277364 0.0980265 0.0118625 0.00321349
11 0.564501 0.299989 0.116302 0.0187809 0.00291855
11 0.657491 0.316823 0.116069 0.0136978 0.00285774
11 0.587665 0.409025 0.134109 0.0336614 0.00267066
11 0.664063 0.307147 0.076188 0.0260915 0.00264259
11 0.724359 0.303057 0.0944313 0.0225889 0.00241294
11 0.639292 0.307813 0.0909665 0.0250223 0.00236963
11 0.405849 0.288751 0.110153 0.0204587 0.0022037
11 0.610844 0.317727 0.0946925 0.0174992 0.00220264
11 0.726361 0.298445 0.0935967 0.0202784 0.00211322
11 0.790119 0.309734 0.120266 0.0166967 0.00198726
11 0.598591 0.287149 0.124098 0.0232742 0.00192931
11 0.63409 0.329665 0.0973841 0.0168993 0.00187389
11 0.393032 0.303473 0.104137 0.040086 0.00186264
11 0.536895 0.346488 0.124533 0.0202856 0.00175402
11 0.737958 0.306349 0.0906568 0.0196494 0.0017403
11 0.5343 0.308174 0.0983368 0.0160976 0.00173843
11 0.396118 0.272934 0.13678 0.0169221 0.00172586
9 0.484435 0.819073 0.868343 0.10016 0.00169729
11 0.687465 0.305651 0.0927342 0.0244512 0.00165194
11 0.593315 0.347237 0.126377 0.025163 0.00151473
11 0.664522 0.300507 0.0705614 0.0260317 0.00146266
11 0.385996 0.316464 0.0728763 0.0240192 0.00134175
11 0.677492 0.316162 0.0985939 0.0153614 0.00130348
11 0.394291 0.277885 0.139918 0.0120978 0.00122121
11 0.705847 0.314455 0.0752807 0.0164716 0.0012081
11 0.613268 0.289684 0.12285 0.0249417 0.00120073
11 0.474983 0.316473 0.122777 0.0169984 0.00118415
11 0.49271 0.279163 0.110149 0.0162552 0.0011439
11 0.607956 0.329456 0.10172 0.0183137 0.00105928
11 0.470623 0.300455 0.164082 0.023642 0.00105661
4 0.534819 0.314823 0.102821 0.0205818 0.00103791
11 0.381741 0.294032 0.128054 0.0225084 0.00103192
2 0.469502 0.046553 0.939004 0.0922709 0.0010164
