10 0.496365 0.657898 0.516054 0.305491 0.953315
4 0.493313 0.478545 0.326378 0.0815363 0.522372
10 0.450865 0.482333 0.413099 0.0682445 0.182632
4 0.497008 0.474871 0.302773 0.0482284 0.0794446
4 0.458413 0.47476 0.234043 0.0649257 0.0311682
10 0.45566 0.482831 0.424198 0.095313 0.0204541
10 0.497202 0.477095 0.316571 0.0385323 0.0188667
10 0.460831 0.566824 0.449778 0.180234 0.0175229
4 0.457078 0.488769 0.417405 0.0850413 0.00991825
4 0.472917 0.481798 0.253347 0.0440786 0.00431208
4 0.445531 0.46139 0.264409 0.131283 0.00357801
10 0.458007 0.463004 0.407682 0.127071 0.00193825
10 0.457304 0.508157 0.441648 0.17921 0.00136319
