3 0.346777 0.730475 0.378504 0.0933829 0.837166
3 0.434403 0.794576 0.403067 0.0535577 0.0167957
11 0.600301 0.357751 0.144425 0.0279073 0.0101293
11 0.425101 0.380064 0.0601146 0.051811 0.00259799
11 0.455459 0.399693 0.0556836 0.0596288 0.00257664
11 0.173654 0.355746 0.116304 0.0320675 0.00237448
11 0.467997 0.400044 0.0705831 0.0682252 0.00230168
11 0.355205 0.553121 0.179449 0.0333727 0.00178594
11 0.413702 0.381787 0.0652061 0.0574919 0.00115712
2 0.491144 0.048323 0.982288 0.096264 0.00106576
11 0.627387 0.359827 0.162237 0.0360794 0.00100819
