3 0.298898 0.491434 0.123381 0.170249 0.9286
11 0.729899 0.548436 0.0571081 0.0932214 0.206289
11 0.734912 0.563968 0.0751729 0.0967153 0.0641769
11 0.736768 0.537466 0.0738991 0.0832454 0.0365068
11 0.732495 0.579294 0.0837082 0.101944 0.0339534
11 0.725405 0.537787 0.0588519 0.0800487 0.0297361
11 0.778357 0.499379 0.0574782 0.0570775 0.0202498
11 0.724857 0.605994 0.0892775 0.0971956 0.0202486
11 0.775175 0.509475 0.0654242 0.0557979 0.019055
11 0.763558 0.514688 0.0737542 0.0682521 0.0153085
11 0.813707 0.586271 0.0378396 0.0666879 0.0132749
11 0.799929 0.502997 0.0513706 0.0401354 0.0125902
11 0.791049 0.515178 0.0556104 0.043455 0.0123885
11 0.787013 0.499672 0.0546767 0.0508768 0.0100547
11 0.749024 0.566637 0.0803217 0.0828307 0.00925286
11 0.803468 0.515469 0.0460522 0.0362194 0.00883488
11 0.724569 0.598581 0.0652561 0.097812 0.00754571
11 0.791572 0.543823 0.0373719 0.0563114 0.00737854
11 0.791399 0.563011 0.043591 0.0766852 0.00644063
11 0.796549 0.53182 0.0355956 0.0441775 0.00609502
11 0.743968 0.547755 0.0894484 0.0893978 0.00599256
11 0.759425 0.418338 0.0468149 0.0338721 0.0057334
11 0.810591 0.50337 0.0382714 0.0353457 0.00569093
11 0.782558 0.564186 0.0495221 0.0708432 0.00560888
11 0.722543 0.530442 0.0720922 0.0694744 0.00558734
11 0.802658 0.527914 0.0395729 0.0410085 0.00486602
11 0.802156 0.493526 0.0418594 0.0458849 0.00477567
11 0.73441 0.603237 0.0696959 0.0863995 0.00453811
11 0.735112 0.529523 0.0898117 0.0765961 0.00408308
11 0.770269 0.573809 0.0474296 0.0622826 0.00383836
11 0.822536 0.604198 0.033867 0.0857105 0.00358337
11 0.788761 0.475277 0.0539371 0.0828914 0.00348903
11 0.798665 0.545308 0.0409486 0.0551694 0.00294323
11 0.752772 0.524548 0.0853907 0.0737088 0.00293959
11 0.782594 0.545873 0.0432602 0.0593144 0.00292785
11 0.779371 0.530452 0.0611103 0.0595245 0.00273786
11 0.755676 0.421628 0.0485314 0.0449315 0.00271788
11 0.783587 0.491508 0.0607019 0.0794364 0.00257192
11 0.7676 0.4206 0.0411089 0.0373111 0.00208556
11 0.781399 0.536958 0.0512336 0.0626299 0.00202775
11 0.769944 0.529983 0.0640901 0.0652625 0.00183921
11 0.816807 0.578481 0.0371597 0.0744666 0.00180548
11 0.821086 0.611263 0.0258707 0.0896138 0.00179414
11 0.771806 0.549004 0.0541353 0.0803416 0.00168692
11 0.795383 0.470277 0.0516313 0.0853952 0.0015839
11 0.811171 0.527316 0.0430265 0.0375573 0.00147771
11 0.804108 0.576416 0.0381943 0.0683327 0.00146392
11 0.794891 0.576115 0.0502099 0.0695718 0.00141556
10 0.816142 0.597406 0.0383984 0.0887083 0.00130061
11 0.731847 0.649007 0.0770654 0.0421641 0.00126329
11 0.795205 0.408488 0.035093 0.0559374 0.00119726
11 0.78781 0.457918 0.0578835 0.0731856 0.00117562
11 0.816798 0.415001 0.0275587 0.058299 0.00115748
11 0.205714 0.632258 0.0732171 0.0246138 0.00115002
11 0.812384 0.464903 0.0295288 0.086353 0.00114985
11 0.728894 0.572344 0.0567118 0.112017 0.00114357
11 0.762525 0.56556 0.0555394 0.0758331 0.00113071
11 0.758639 0.397828 0.0539925 0.0337776 0.00111429
11 0.812246 0.491907 0.0296138 0.0422462 0.0011127
11 0.817845 0.559662 0.0366567 0.0553696 0.00107377
