2 0.354083 0.481371 0.403123 0.209979 0.530616
1 0.261682 0.415399 0.0369308 0.332799 0.0808091
5 0.264787 0.419687 0.0387413 0.325889 0.0566896
2 0.26456 0.419296 0.0402077 0.327375 0.0438379
2 0.223859 0.433444 0.123662 0.305931 0.0255456
2 0.39279 0.433265 0.480449 0.292037 0.00491277
1 0.246158 0.412694 0.060504 0.328658 0.00464686
2 0.219156 0.482318 0.131189 0.219659 0.00280358
2 0.252227 0.41937 0.063412 0.330289 0.00220321
4 0.256018 0.407266 0.0302831 0.317511 0.00209211
5 0.257673 0.416566 0.0239602 0.330912 0.00176419
10 0.176723 0.473263 0.0446884 0.210708 0.00173413
1 0.268649 0.414078 0.0546799 0.330435 0.00152383
5 0.271579 0.449886 0.0258185 0.257633 0.00146886
