3 0.548007 0.35807 0.326541 0.121037 0.18129
11 0.71589 0.765267 0.0717682 0.0639429 0.0370001
11 0.425777 0.761934 0.288993 0.0301186 0.0310603
11 0.514829 0.662031 0.188826 0.0780309 0.0289404
11 0.482393 0.757123 0.332366 0.0353438 0.0102649
11 0.394293 0.76652 0.237842 0.0340576 0.00721527
11 0.548602 0.762838 0.242481 0.0410395 0.00711556
11 0.211719 0.652651 0.0605771 0.0854445 0.00690922
11 0.468144 0.76273 0.380896 0.0347592 0.00424506
11 0.417131 0.75066 0.2872 0.0365496 0.00421657
11 0.717792 0.758686 0.0913318 0.0788558 0.0026384
11 0.235976 0.753695 0.103719 0.0289307 0.00256046
11 0.209695 0.678619 0.0707448 0.10635 0.00244811
11 0.197963 0.686774 0.0777694 0.116193 0.00239222
11 0.287301 0.740796 0.0679599 0.0441242 0.00235654
3 0.882193 0.738089 0.235614 0.350525 0.00200459
2 0.49525 0.045566 0.9905 0.0905168 0.00186742
3 0.607525 0.446003 0.314272 0.141854 0.00186699
11 0.505012 0.672247 0.218365 0.0960207 0.00180063
11 0.20665 0.755438 0.117781 0.0289971 0.00175729
11 0.306426 0.763305 0.128822 0.0608862 0.00167506
11 0.201165 0.695483 0.0615784 0.0857959 0.00157075
11 0.365952 0.763947 0.199852 0.05364 0.00110927
11 0.214634 0.643456 0.0522417 0.0794672 0.00107194
