3 0.550225 0.805459 0.218347 0.142913 0.537337
11 0.566064 0.427281 0.159202 0.0225951 0.0254296
10 0.472666 0.499187 0.108678 0.0513671 0.00690721
11 0.445912 0.518101 0.103823 0.0334304 0.00521946
11 0.420554 0.530443 0.111898 0.0314091 0.00408546
11 0.440183 0.529022 0.0912036 0.0287945 0.00348788
11 0.461742 0.509273 0.120945 0.0341374 0.00305961
3 0.3274 0.620746 0.197131 0.0667435 0.00189393
11 0.48193 0.508225 0.0984759 0.0334644 0.00137013
11 0.433327 0.521373 0.109709 0.0296702 0.00133209
11 0.506297 0.540642 0.1806 0.0452455 0.0013137
11 0.446568 0.51282 0.123639 0.0320463 0.00114212
11 0.489574 0.529888 0.129953 0.0381201 0.00103909
2 0.494762 0.0401648 0.989524 0.0803295 0.00102597
