3 0.133084 0.553267 0.148417 0.117292 0.865393
11 0.929201 0.645682 0.027591 0.0942914 0.0172012
11 0.831456 0.59961 0.0854328 0.0593366 0.00865067
11 0.693104 0.63635 0.054584 0.0469019 0.00370669
11 0.900931 0.622384 0.0352686 0.0580302 0.00271186
11 0.920814 0.663312 0.0242176 0.0935004 0.00210187
11 0.877954 0.508192 0.0364785 0.111556 0.00178521
3 0.441329 0.511318 0.125539 0.171199 0.0016378
11 0.896443 0.614079 0.0478668 0.0759509 0.00148184
11 0.911986 0.631058 0.0276181 0.0646527 0.00143669
11 0.256243 0.618523 0.0464133 0.018799 0.00140128
11 0.927482 0.628376 0.024677 0.0622519 0.00135716
11 0.872833 0.571391 0.0452067 0.0690847 0.00129237
11 0.923957 0.653712 0.0221359 0.0925636 0.00122725
11 0.378772 0.435483 0.0840816 0.0412287 0.00121442
11 0.869523 0.656996 0.0658932 0.0579983 0.00115588
11 0.833304 0.61528 0.0657024 0.0354454 0.00111543
11 0.888304 0.607525 0.0624577 0.0878745 0.00107582
11 0.859522 0.659803 0.0718418 0.044137 0.00102919
11 0.90838 0.624787 0.044642 0.0571311 0.00102603
