6 0.91815 0.355062 0.101321 0.445311 0.929389
6 0.836764 0.724825 0.23935 0.0597457 0.878822
6 0.916695 0.238999 0.0703309 0.188156 0.0674638
6 0.925005 0.257127 0.0917552 0.122736 0.0438169
6 0.924901 0.283427 0.0910851 0.125507 0.0295427
6 0.932961 0.26487 0.0745986 0.0994224 0.0118325
7 0.916794 0.228612 0.0604701 0.176998 0.0111719
7 0.926192 0.292742 0.0876502 0.0675381 0.00635199
6 0.928286 0.28638 0.0725142 0.150575 0.00544008
6 0.924915 0.321037 0.0906184 0.077488 0.00512522
6 0.932162 0.293875 0.065714 0.103086 0.00325164
6 0.896508 0.350902 0.056261 0.166719 0.00240149
7 0.92112 0.227659 0.0653903 0.117509 0.00235683
7 0.926273 0.307436 0.0878455 0.053384 0.00211659
7 0.911257 0.2528 0.0374966 0.181924 0.00180235
6 0.898941 0.349576 0.0577309 0.22836 0.00156917
7 0.919279 0.243003 0.0816701 0.153872 0.00136674
6 0.911882 0.275522 0.0328454 0.140586 0.00115029
