3 0.428661 0.608507 0.397203 0.125571 0.928112
11 0.485246 0.363887 0.192332 0.0293137 0.0114607
11 0.497882 0.360778 0.146862 0.0265163 0.00432646
11 0.358341 0.469091 0.0959411 0.0560825 0.00396406
11 0.33253 0.450739 0.0680456 0.0330277 0.00341797
11 0.581143 0.414153 0.0979521 0.0248578 0.00332605
11 0.602096 0.413662 0.104204 0.0219867 0.00322767
11 0.581482 0.401557 0.0907897 0.0154106 0.0032253
11 0.361554 0.447524 0.102038 0.0271106 0.00296114
11 0.55359 0.416115 0.101063 0.0292105 0.00283821
11 0.675929 0.411649 0.102134 0.0176207 0.00266155
11 0.535122 0.362007 0.119154 0.0166254 0.00257157
11 0.518611 0.35865 0.116542 0.0194672 0.00179437
11 0.521843 0.367327 0.114432 0.0150218 0.00155518
11 0.60702 0.401085 0.0858792 0.0152005 0.00138782
11 0.467191 0.361016 0.160537 0.0288475 0.00126406
11 0.631337 0.411937 0.103762 0.018198 0.00125544
11 0.562105 0.401861 0.113864 0.0150994 0.00120334
11 0.368953 0.366406 0.0906302 0.0269567 0.00113743
11 0.480678 0.462488 0.0988828 0.0388231 0.001061
11 0.554553 0.368738 0.0971705 0.0133085 0.00105993
11 0.507035 0.36492 0.137787 0.0211288 0.00100828
