8 0.245268 0.324828 0.289641 0.404761 0.950527
3 0.698267 0.559843 0.169599 0.0899451 0.133687
3 0.696016 0.53978 0.172125 0.122876 0.0838959
4 0.686135 0.534474 0.242781 0.126593 0.0525809
4 0.676758 0.508804 0.305791 0.161721 0.0379149
4 0.651136 0.527461 0.273188 0.13966 0.025907
10 0.701429 0.558388 0.150364 0.0707118 0.0200728
8 0.639882 0.506483 0.301915 0.16821 0.0174461
4 0.720232 0.547547 0.252756 0.123502 0.00876993
3 0.68337 0.519061 0.193269 0.155591 0.00790362
4 0.698959 0.565233 0.16852 0.090298 0.00602569
4 0.675375 0.554748 0.204215 0.0873777 0.00406059
3 0.694522 0.547968 0.156101 0.0701991 0.0034663
10 0.700995 0.591847 0.156143 0.0641869 0.00130488
