5 0.61955 0.720271 0.456261 0.310967 0.943865
2 0.381284 0.534793 0.311794 0.284239 0.936817
3 0.547789 0.684805 0.399178 0.230786 0.773872
1 0.521531 0.723895 0.411144 0.244534 0.4755
1 0.548896 0.690892 0.406485 0.268485 0.327893
1 0.495252 0.748207 0.352171 0.201727 0.0448308
3 0.642212 0.444763 0.419721 0.205295 0.0196935
2 0.582359 0.712836 0.508324 0.258055 0.00916956
1 0.649101 0.691214 0.368192 0.235197 0.00520446
1 0.556524 0.717596 0.276481 0.212915 0.00261822
1 0.478244 0.719877 0.331006 0.15396 0.00199914
1 0.455684 0.776045 0.27857 0.203374 0.00172826
2 0.528675 0.757258 0.44796 0.195584 0.00160943
1 0.687796 0.674489 0.320826 0.20896 0.00110926
