9 0.382489 0.438718 0.420721 0.352495 0.616616
0 0.388731 0.456743 0.466933 0.333677 0.484399
0 0.380829 0.487938 0.433874 0.452103 0.174289
0 0.357659 0.469487 0.40973 0.267708 0.0945825
6 0.401477 0.438874 0.365363 0.28007 0.0914975
9 0.370739 0.489606 0.366826 0.464142 0.0665647
0 0.332032 0.488936 0.358035 0.211704 0.0276338
0 0.472737 0.389444 0.346493 0.259338 0.0237232
6 0.344726 0.477425 0.31322 0.202772 0.0136386
7 0.360313 0.474287 0.320264 0.226331 0.00335325
9 0.276799 0.560733 0.177788 0.321735 0.0028515
0 0.28426 0.516662 0.259751 0.284601 0.00246718
