11 0.651121 0.508617 0.0636333 0.0683246 0.264207
3 0.44636 0.816953 0.0346311 0.0754259 0.142796
10 0.621139 0.490811 0.090337 0.0578727 0.0778633
11 0.662764 0.506594 0.0589368 0.060427 0.0617355
11 0.0449956 0.560229 0.0220213 0.0738189 0.0488956
11 0.043191 0.544877 0.0206941 0.0458513 0.0443256
10 0.609512 0.496966 0.0687467 0.0451728 0.0397365
11 0.86868 0.34235 0.0324173 0.0257257 0.0393319
11 0.832162 0.319584 0.0453928 0.0316615 0.034889
11 0.874652 0.344805 0.0305611 0.0328129 0.0328834
11 0.0992352 0.494149 0.0459525 0.0346913 0.0321467
11 0.0740654 0.496022 0.0531029 0.0380315 0.0319485
10 0.604233 0.504296 0.0566386 0.0355425 0.0287169
11 0.855657 0.328464 0.0384104 0.0348526 0.025992
11 0.824539 0.318241 0.0423875 0.0334667 0.0236147
11 0.813318 0.41459 0.0443189 0.0668609 0.0228091
11 0.847221 0.324035 0.0375463 0.0332322 0.019974
11 0.861652 0.337541 0.0337177 0.0265302 0.0182009
11 0.558411 0.498595 0.0448746 0.0455196 0.014457
11 0.851936 0.404486 0.0324154 0.0580414 0.0131629
11 0.87561 0.353326 0.0283569 0.025498 0.0129064
1 0.622132 0.489807 0.0960832 0.0599476 0.0126024
11 0.836395 0.398189 0.0449632 0.0626362 0.0124661
11 0.846699 0.318488 0.0470447 0.0367243 0.0123065
10 0.631238 0.489751 0.0712621 0.0488609 0.0116808
11 0.049521 0.667986 0.0275915 0.0495243 0.0109296
11 0.86225 0.331788 0.0398744 0.0365356 0.00933496
11 0.124334 0.607664 0.0190002 0.0449404 0.00890075
11 0.0609651 0.664698 0.0316731 0.0563809 0.00872108
11 0.0668502 0.697266 0.0363929 0.0460032 0.00848254
11 0.840556 0.389764 0.03767 0.0527866 0.00841465
11 0.78376 0.347287 0.0317995 0.0449236 0.00825318
11 0.846787 0.398389 0.0344368 0.0533549 0.0078452
11 0.115195 0.78979 0.047339 0.0217814 0.00769006
11 0.0456422 0.666434 0.0220499 0.0534873 0.00767229
11 0.0783943 0.704849 0.0430149 0.0503636 0.00761202
11 0.12418 0.591338 0.0171997 0.0546759 0.00758849
11 0.122999 0.622883 0.0202228 0.0553563 0.00706577
11 0.798899 0.353947 0.0427615 0.0459125 0.0069728
11 0.797136 0.405594 0.0439278 0.0523121 0.006773
11 0.819511 0.405064 0.043966 0.0662268 0.00675561
11 0.113993 0.585905 0.0274402 0.0421976 0.00672958
11 0.125148 0.598232 0.0167394 0.0522925 0.00642788
11 0.803434 0.410074 0.0429935 0.0618588 0.00638682
11 0.121176 0.589398 0.0186892 0.0511149 0.0062717
11 0.645465 0.517658 0.0526069 0.0622069 0.00626662
11 0.04696 0.533461 0.024518 0.0329171 0.00619519
11 0.851514 0.41791 0.0349713 0.0565673 0.00585509
11 0.114991 0.611484 0.0219123 0.0400687 0.00580797
11 0.84814 0.407053 0.034332 0.0670205 0.00579621
11 0.116545 0.594453 0.023128 0.0502387 0.00575432
11 0.0558417 0.666297 0.0332549 0.0516866 0.00574472
11 0.554854 0.478985 0.045426 0.0354075 0.00572255
11 0.0524258 0.56254 0.0223384 0.0835969 0.00546142
11 0.120829 0.610541 0.0196913 0.0425913 0.00536455
10 0.615399 0.485417 0.0709761 0.0596874 0.00511372
11 0.609083 0.452079 0.046725 0.0529128 0.0051116
11 0.0837681 0.500614 0.051774 0.0417768 0.00510968
11 0.816024 0.365679 0.0355476 0.0513477 0.00496591
11 0.834148 0.387157 0.0455059 0.0536641 0.00485473
11 0.0906405 0.494139 0.0570341 0.0361076 0.00474779
11 0.554834 0.516406 0.0385745 0.0580127 0.00455503
11 0.0733528 0.700911 0.04271 0.0469048 0.00436591
11 0.871153 0.353409 0.0237066 0.0212449 0.00434575
11 0.84739 0.390978 0.0293805 0.0454443 0.0042779
11 0.0762973 0.504352 0.0542709 0.0400535 0.00426737
11 0.80801 0.360768 0.0423758 0.0471696 0.00419943
11 0.0835159 0.796393 0.048388 0.0276269 0.00404206
11 0.12596 0.637575 0.0160203 0.0566963 0.00401309
11 0.0985784 0.560057 0.0376488 0.0462494 0.00391971
11 0.0692829 0.675686 0.0349366 0.0532896 0.00379022
11 0.0821407 0.715872 0.0319845 0.0448254 0.00371854
11 0.852057 0.332704 0.0295875 0.0311293 0.00367308
11 0.677589 0.498048 0.0472519 0.0446658 0.00366984
11 0.0596617 0.697536 0.0259833 0.039544 0.00362821
11 0.829374 0.407487 0.0406914 0.0704923 0.00362024
11 0.104239 0.571184 0.0360821 0.0304962 0.00357313
11 0.593653 0.509036 0.0486506 0.0366884 0.00354617
11 0.815385 0.381314 0.035567 0.0479443 0.00351964
11 0.559326 0.51059 0.0422183 0.0512409 0.00334503
11 0.0517307 0.549716 0.0263884 0.0568057 0.00331869
11 0.0521869 0.714057 0.0210456 0.0479434 0.00322335
11 0.0534891 0.743143 0.0192398 0.0853692 0.00321432
11 0.0507519 0.695196 0.0232995 0.0407318 0.00320564
11 0.826481 0.365161 0.0347332 0.0453216 0.00319152
11 0.101817 0.583327 0.0390995 0.0368855 0.0031042
11 0.122621 0.788552 0.0456771 0.0225912 0.00307391
11 0.123436 0.584281 0.0192472 0.0473441 0.00307149
11 0.0617157 0.494371 0.0404204 0.0415019 0.00306463
11 0.119761 0.582428 0.0216342 0.0416216 0.00305291
11 0.839745 0.372104 0.037961 0.0397372 0.00301925
11 0.809435 0.369187 0.0327846 0.053442 0.00291194
11 0.700893 0.442032 0.0274579 0.0690081 0.00290572
11 0.111183 0.625017 0.0205818 0.0434726 0.00289028
11 0.119804 0.63164 0.0200148 0.0602564 0.0027884
11 0.859797 0.399546 0.0347971 0.0507513 0.0027399
11 0.603106 0.464743 0.0518365 0.053233 0.002548
11 0.0581372 0.711284 0.0233077 0.0518104 0.00248954
11 0.806174 0.383919 0.030919 0.0469688 0.00247289
11 0.877741 0.369427 0.0246711 0.0351006 0.00241541
11 0.754212 0.355648 0.0172901 0.0549223 0.00240936
10 0.0669359 0.746608 0.0213621 0.0665352 0.00239461
11 0.790108 0.348142 0.0388647 0.0436422 0.00238141
11 0.0490359 0.557514 0.0282565 0.0710706 0.00236645
10 0.629709 0.49934 0.0794999 0.0592769 0.00223037
11 0.656604 0.476738 0.059244 0.0539622 0.00221612
11 0.840763 0.417128 0.0328961 0.0602879 0.00215282
11 0.105063 0.790757 0.0544369 0.0230717 0.00208728
10 0.0596071 0.739112 0.0196306 0.0593042 0.00207203
11 0.0530428 0.726065 0.0193263 0.0633922 0.00207174
11 0.567401 0.517838 0.0378623 0.0529017 0.00202821
11 0.802134 0.365253 0.0349143 0.0554441 0.001947
11 0.880182 0.355264 0.0306594 0.0321147 0.00189712
11 0.0469454 0.496039 0.020552 0.050171 0.00187609
11 0.549457 0.523513 0.0297637 0.0687865 0.00181232
11 0.671623 0.480611 0.0427678 0.0462075 0.00179035
11 0.608487 0.461359 0.0505107 0.0654925 0.0017762
11 0.86412 0.35445 0.0271349 0.0245915 0.00171862
10 0.63959 0.493527 0.0610473 0.0502946 0.00169225
11 0.043752 0.695246 0.0183799 0.0509535 0.00168397
11 0.648633 0.482825 0.0656859 0.0583868 0.00168351
11 0.544259 0.532059 0.0255906 0.0825276 0.00167285
11 0.587928 0.519324 0.0473409 0.0449378 0.00166039
11 0.809663 0.319903 0.0577926 0.0345288 0.00164758
11 0.0996105 0.539712 0.0447963 0.0488943 0.00161875
11 0.0882562 0.71361 0.0441599 0.0486459 0.00156457
11 0.0675792 0.708954 0.027565 0.0473397 0.00154421
11 0.0582292 0.489938 0.0328708 0.0384269 0.00153633
11 0.793193 0.400603 0.0418687 0.0541309 0.00150372
11 0.848861 0.369519 0.0355113 0.0294118 0.00150105
11 0.785068 0.337395 0.0304019 0.0406798 0.00149774
11 0.851898 0.356383 0.0379232 0.0302853 0.00149254
11 0.633552 0.530475 0.0444611 0.0724909 0.00148385
11 0.130137 0.666204 0.0132155 0.0383489 0.00148312
11 0.626485 0.522372 0.0675634 0.0640099 0.00148305
11 0.555378 0.472825 0.041983 0.0352323 0.00147289
11 0.0874017 0.558062 0.0287441 0.0572141 0.00145447
11 0.617434 0.464371 0.0281539 0.079365 0.00145067
11 0.684159 0.50075 0.0430128 0.0348308 0.0014352
10 0.597379 0.515115 0.0500597 0.0368906 0.00142287
11 0.880684 0.345017 0.0269279 0.0374826 0.00137112
11 0.889994 0.387207 0.0228669 0.0375933 0.00136693
11 0.878197 0.32875 0.0221332 0.0436219 0.0013613
11 0.822911 0.413722 0.0410189 0.0656428 0.00135256
11 0.0867417 0.792252 0.0452659 0.0245191 0.00134307
11 0.0820346 0.596144 0.0239719 0.0537737 0.00133639
11 0.76039 0.346632 0.0192025 0.047578 0.00133533
11 0.587034 0.488078 0.0540661 0.0527077 0.00131971
11 0.868874 0.365693 0.0250948 0.0295866 0.00131842
11 0.862985 0.433934 0.0279174 0.0348227 0.00130174
11 0.0893037 0.72115 0.0471455 0.0511143 0.00129369
11 0.856071 0.390764 0.0307201 0.0416423 0.00126748
11 0.837247 0.359022 0.0411028 0.0364077 0.00125382
11 0.836889 0.326148 0.0431226 0.0432558 0.00122586
10 0.632009 0.476426 0.0645433 0.0604728 0.00121805
11 0.680438 0.510935 0.0404456 0.0562139 0.00120559
11 0.882881 0.382129 0.0228179 0.0412245 0.00116427
11 0.594433 0.499049 0.0495454 0.0446993 0.00115947
11 0.0578806 0.751883 0.0201221 0.0771714 0.00114451
11 0.846564 0.556368 0.0250864 0.0681716 0.00112151
11 0.120999 0.655242 0.0166939 0.0521801 0.00109888
11 0.856447 0.366289 0.0388174 0.0274627 0.00109556
11 0.0788092 0.68814 0.0393231 0.0511772 0.00108712
11 0.0992267 0.600194 0.0319345 0.0491668 0.00107052
11 0.784565 0.357374 0.0373567 0.0506691 0.00105946
11 0.108048 0.708526 0.0186981 0.0519916 0.00105151
11 0.61439 0.540593 0.0410191 0.0688073 0.00104999
11 0.871927 0.455777 0.0343297 0.0490099 0.00104453
11 0.842079 0.466835 0.0640478 0.0317515 0.00104352
11 0.111149 0.534146 0.0400212 0.0416723 0.00104222
11 0.131768 0.680126 0.0130606 0.040099 0.0010355
11 0.792701 0.392604 0.0394633 0.0455712 0.0010142
11 0.863257 0.457119 0.0274515 0.039737 0.00101037
11 0.0566962 0.533706 0.0299432 0.0378672 0.00100814
11 0.0799885 0.603611 0.0279192 0.0510757 0.00100727
11 0.791253 0.358186 0.0393497 0.0496792 0.00100206
