7 0.566662 0.40925 0.03012 0.0563731 0.321207
7 0.79724 0.388244 0.0577386 0.0672624 0.0321059
7 0.802492 0.370189 0.0666307 0.0309609 0.0290989
7 0.562627 0.416006 0.0290033 0.0702247 0.0117932
7 0.844131 0.344591 0.0535034 0.0386515 0.0113615
7 0.543183 0.414929 0.0417461 0.0845125 0.00932264
7 0.440999 0.732298 0.0747645 0.051401 0.00708363
7 0.55975 0.403413 0.0479636 0.0604048 0.00673788
7 0.797512 0.390042 0.0433381 0.0740887 0.00547349
7 0.555282 0.424781 0.040671 0.079836 0.00454535
7 0.844135 0.352112 0.0547496 0.0424095 0.00443466
7 0.793084 0.37743 0.0639639 0.0518519 0.00193814
7 0.551768 0.381559 0.0654996 0.102336 0.00149915
11 0.675019 0.355295 0.136405 0.122834 0.00141092
11 0.57284 0.424989 0.0578393 0.0831331 0.00137436
7 0.818671 0.366866 0.0856835 0.0294637 0.00131504
7 0.808481 0.368154 0.0681534 0.0422574 0.00130957
7 0.56267 0.423985 0.0338549 0.0760821 0.00111299
