2 0.176667 0.532874 0.171526 0.536913 0.953864
1 0.574966 0.599561 0.176833 0.412146 0.924265
5 0.624207 0.692676 0.254647 0.216573 0.512493
2 0.608326 0.632673 0.26571 0.335277 0.0295864
5 0.65883 0.713606 0.185981 0.173418 0.0192661
1 0.642693 0.688935 0.216804 0.219381 0.00632152
5 0.620669 0.620542 0.0706922 0.377619 0.00179455
1 0.596528 0.694553 0.158506 0.215138 0.00166529
2 0.614934 0.61406 0.144228 0.33513 0.001365
2 0.63236 0.570722 0.161223 0.365336 0.00119392
1 0.591428 0.662466 0.129516 0.2731 0.0011452
