11 0.0973506 0.599814 0.0293017 0.0684678 0.31537
11 0.0938273 0.588277 0.031701 0.0914393 0.0718968
11 0.133899 0.501853 0.0237932 0.0561115 0.0636943
11 0.192558 0.460854 0.0254772 0.0528167 0.0584005
11 0.141571 0.393484 0.0350382 0.0419684 0.0487136
11 0.145399 0.389918 0.0400595 0.0410115 0.0349039
11 0.193651 0.45252 0.02924 0.0586427 0.0320363
11 0.134001 0.48702 0.03309 0.0555499 0.028053
11 0.699171 0.330158 0.0637219 0.0244929 0.0273414
11 0.141005 0.394904 0.037663 0.0564497 0.0239346
11 0.100076 0.586377 0.0293834 0.0652599 0.0209319
11 0.23035 0.362099 0.0472066 0.0570795 0.0176237
11 0.190096 0.32375 0.038793 0.0441077 0.0174464
11 0.154537 0.38468 0.0499637 0.0323721 0.0158168
11 0.0917064 0.571978 0.02855 0.0850422 0.0149555
11 0.143725 0.405977 0.0345434 0.0359421 0.0144539
11 0.141317 0.383832 0.0370215 0.0368261 0.0139831
11 0.171496 0.316956 0.0491635 0.024142 0.0109986
11 0.142398 0.487181 0.0389259 0.0488922 0.0095942
11 0.67434 0.526504 0.0582102 0.0329597 0.00941998
11 0.138474 0.389862 0.0458156 0.0570041 0.00928168
11 0.706292 0.328211 0.0655699 0.0273079 0.00849388
11 0.0900379 0.560774 0.023803 0.0682233 0.00801621
11 0.192287 0.444824 0.0294362 0.0472329 0.00753095
11 0.182776 0.318258 0.0515486 0.0309485 0.00715863
11 0.193443 0.468399 0.0220256 0.0404887 0.00715615
11 0.183392 0.581589 0.0380062 0.0392896 0.0068414
11 0.683638 0.529477 0.0520338 0.0379012 0.00660374
11 0.210188 0.349765 0.0382335 0.0360316 0.00629761
11 0.15145 0.376561 0.0524262 0.0248258 0.00607243
11 0.695395 0.393097 0.0324605 0.0364431 0.00568878
11 0.197114 0.346892 0.0419672 0.0291205 0.00521131
11 0.702351 0.392291 0.0301204 0.0377889 0.00490602
11 0.139002 0.47963 0.0412571 0.0520091 0.00483509
11 0.69309 0.332235 0.0564785 0.0207096 0.00481569
11 0.684701 0.436652 0.0361569 0.0225446 0.00461861
11 0.708625 0.393185 0.0330884 0.0384989 0.00459567
11 0.752217 0.338149 0.0586318 0.0322102 0.00457654
11 0.754107 0.343344 0.0577119 0.0256473 0.00440087
11 0.144019 0.498922 0.0335532 0.0563327 0.00432713
11 0.692253 0.435699 0.040909 0.0201651 0.00429656
11 0.225602 0.357242 0.0422926 0.0503777 0.00417688
11 0.195352 0.335398 0.0356665 0.0421229 0.00408186
11 0.184487 0.444195 0.0317441 0.0480136 0.00389166
11 0.183882 0.348686 0.040996 0.0236492 0.00336162
11 0.177396 0.310371 0.049392 0.0339066 0.00324049
11 0.232558 0.371718 0.0526079 0.0483386 0.00275011
11 0.152721 0.43505 0.0431103 0.0519013 0.00259407
11 0.689098 0.42796 0.0309005 0.0210937 0.00250597
11 0.694048 0.401729 0.03197 0.0406381 0.00239293
11 0.148007 0.425787 0.0395068 0.0362308 0.00237478
11 0.683713 0.392504 0.0428972 0.0420059 0.00237036
11 0.199489 0.344681 0.0341123 0.0357164 0.00229967
11 0.650591 0.368367 0.0465407 0.0240848 0.00227404
11 0.154837 0.40916 0.0438474 0.0378166 0.00215516
11 0.1398 0.384327 0.0376297 0.0544187 0.00213592
11 0.1175 0.462413 0.0400174 0.0419734 0.0021301
11 0.21066 0.355394 0.0363303 0.0506431 0.00203583
11 0.534093 0.706333 0.0264563 0.0665604 0.00203495
11 0.153982 0.392289 0.0481551 0.0453836 0.00199643
11 0.155714 0.434225 0.0361316 0.0414163 0.00197328
11 0.217778 0.354413 0.0438197 0.0440575 0.00197176
11 0.193437 0.328835 0.0392667 0.0514482 0.00194415
11 0.187987 0.413829 0.0372966 0.050157 0.00184884
11 0.704926 0.399586 0.0359751 0.0392779 0.00175439
11 0.186436 0.463833 0.0381592 0.0458188 0.00166321
11 0.680252 0.380936 0.0392194 0.0296839 0.0016558
11 0.642222 0.356805 0.0455317 0.0314622 0.00153044
11 0.133952 0.524077 0.0225613 0.0536308 0.00148913
11 0.641561 0.363352 0.0481631 0.0326572 0.00148408
11 0.161198 0.440279 0.0289971 0.0483177 0.00147177
11 0.699496 0.427166 0.0373829 0.0246827 0.00145977
11 0.192764 0.343483 0.040475 0.0207888 0.00144208
11 0.130457 0.512333 0.0289907 0.0523019 0.00137194
11 0.240742 0.379203 0.0415579 0.0494066 0.00132325
11 0.186616 0.31492 0.0459817 0.0444793 0.00132186
11 0.709822 0.325732 0.0622346 0.0358707 0.0012611
11 0.199027 0.446058 0.0387976 0.0432002 0.0011473
11 0.143236 0.417535 0.0390121 0.0420714 0.00113282
11 0.121749 0.475554 0.0447371 0.0453757 0.00113111
11 0.244614 0.386037 0.0343705 0.0441113 0.00109504
11 0.125816 0.337238 0.0392163 0.0330434 0.00106707
11 0.195866 0.407674 0.0403752 0.0420195 0.00105873
11 0.637276 0.364486 0.0433705 0.0405628 0.00104303
11 0.670712 0.380341 0.0320302 0.0295209 0.00104195
11 0.683398 0.335801 0.0398483 0.0186862 0.001039
11 0.721036 0.474263 0.0370499 0.0289655 0.00102795
11 0.145947 0.42685 0.0415714 0.0530447 0.00102169
