3 0.748726 0.547166 0.095473 0.0650831 0.861089
11 0.150118 0.44506 0.149399 0.0328071 0.0148096
3 0.673342 0.48841 0.0967479 0.0847542 0.0114199
11 0.222957 0.633371 0.0663468 0.0438282 0.00989029
11 0.224632 0.450852 0.0762593 0.0288323 0.00965339
11 0.26136 0.60162 0.0701804 0.0400539 0.00909312
11 0.195876 0.487407 0.141199 0.0335743 0.00815602
11 0.167579 0.448246 0.0936272 0.0295199 0.00771774
11 0.266518 0.591244 0.0732853 0.0602217 0.00737788
11 0.240123 0.450313 0.0800139 0.0273039 0.00725992
11 0.211966 0.631704 0.0482673 0.046155 0.00708817
11 0.327334 0.628887 0.0414958 0.0618246 0.00662403
11 0.180202 0.448902 0.101041 0.0334101 0.00620032
11 0.159994 0.675843 0.0679327 0.0299145 0.00593751
11 0.316618 0.620512 0.0524887 0.0442731 0.00516743
11 0.151476 0.683335 0.0499389 0.0260414 0.00467062
11 0.256687 0.599629 0.0718546 0.0561049 0.00450179
11 0.159081 0.445634 0.0884045 0.0259637 0.00440835
11 0.126791 0.442116 0.107337 0.0210062 0.00422258
11 0.146248 0.684344 0.0457167 0.0323699 0.0039196
11 0.13205 0.669934 0.0475535 0.0245576 0.00377902
11 0.131939 0.446002 0.111694 0.0359587 0.00369063
11 0.141522 0.671552 0.0478774 0.025003 0.00360346
11 0.595097 0.345135 0.076849 0.0501112 0.00353107
11 0.259144 0.590825 0.0710886 0.0774338 0.00296813
11 0.335886 0.629036 0.0468303 0.0633455 0.00279742
11 0.129125 0.691723 0.0534995 0.0396169 0.00266125
11 0.156686 0.449831 0.0761112 0.0288443 0.00264201
11 0.142253 0.690444 0.0449294 0.0355097 0.00261481
11 0.105982 0.698823 0.0509147 0.0525128 0.00248895
11 0.133309 0.684997 0.0524979 0.0426142 0.00236316
11 0.168111 0.442822 0.094076 0.0330276 0.00231529
11 0.320913 0.672825 0.0691753 0.0399269 0.00228631
11 0.20032 0.450432 0.0779498 0.0315072 0.00224585
11 0.21014 0.450293 0.0787383 0.0271188 0.00216648
11 0.307582 0.61685 0.0604687 0.0383678 0.00213754
11 0.28189 0.592168 0.0605355 0.0432382 0.00212711
11 0.14767 0.445245 0.0913708 0.0220235 0.00212477
11 0.187041 0.456514 0.109004 0.0468518 0.00202563
11 0.22108 0.594563 0.0551821 0.0563471 0.00192158
11 0.275244 0.606202 0.0547923 0.029249 0.00190603
11 0.250411 0.449277 0.0758858 0.0312753 0.00184454
11 0.0943452 0.702017 0.0407352 0.0473115 0.00178315
11 0.151579 0.455785 0.0693349 0.0329372 0.00177583
11 0.287333 0.603745 0.0576844 0.0318154 0.00175935
11 0.237591 0.650828 0.0821991 0.0601244 0.00175868
11 0.320055 0.656049 0.0671036 0.0659517 0.00174705
11 0.136457 0.454125 0.0693493 0.0374905 0.00170749
11 0.21411 0.623793 0.0568619 0.0626217 0.00168763
11 0.300486 0.62154 0.0583552 0.0467913 0.0016411
11 0.204561 0.632255 0.037152 0.0451681 0.00124817
11 0.593223 0.426643 0.0752575 0.0424469 0.00124226
11 0.116875 0.693692 0.0500074 0.0444638 0.0012354
11 0.136355 0.695042 0.0573973 0.0355509 0.00123172
11 0.143156 0.495307 0.0453019 0.054345 0.00121332
11 0.231142 0.588408 0.0710232 0.0552008 0.00120977
11 0.290589 0.610244 0.0513042 0.0323451 0.00113766
11 0.247287 0.660735 0.085874 0.0768865 0.00109416
11 0.231366 0.578471 0.0723004 0.0616518 0.0010731
11 0.251101 0.454449 0.0753685 0.0258382 0.00107106
11 0.598027 0.359738 0.0756913 0.0429379 0.00101481
