3 0.787998 0.427297 0.138903 0.0877361 0.888766
11 0.294973 0.53796 0.065183 0.0267418 0.225872
11 0.320146 0.757248 0.0907199 0.0207015 0.0126213
11 0.341393 0.742791 0.105623 0.0266107 0.00952084
11 0.277067 0.7361 0.0675782 0.0389146 0.00707012
11 0.355468 0.742565 0.0884074 0.0241461 0.00448642
11 0.285515 0.738796 0.0611264 0.0464996 0.00377958
11 0.301119 0.546953 0.0564418 0.0493763 0.00336508
11 0.299906 0.640756 0.108893 0.039501 0.00334852
11 0.330269 0.745476 0.0897424 0.0284728 0.00297088
11 0.100656 0.65171 0.0324259 0.0708844 0.00286397
11 0.353194 0.749886 0.0817108 0.0298074 0.0026362
11 0.317955 0.716448 0.110374 0.0804426 0.00185939
11 0.162268 0.857742 0.0839215 0.0343597 0.00172703
11 0.290291 0.53716 0.079003 0.0333632 0.00163072
11 0.304226 0.740692 0.0659894 0.0405884 0.00121603
11 0.320271 0.744763 0.0917356 0.0331787 0.00111455
11 0.366855 0.746944 0.0670255 0.0334687 0.00105232
