11 0.0403209 0.41252 0.0347436 0.062503 0.391243
11 0.0432023 0.40861 0.0344015 0.0478828 0.0462054
11 0.836027 0.380324 0.0411372 0.0267936 0.0290229
11 0.831885 0.384612 0.0446241 0.0204126 0.0235078
11 0.799556 0.390832 0.0387275 0.025717 0.0201418
11 0.835368 0.376472 0.046964 0.0218903 0.0196272
11 0.156967 0.52417 0.0306312 0.0680737 0.0173077
11 0.86994 0.654073 0.0334322 0.0672417 0.0166335
11 0.227775 0.602215 0.0308365 0.0396045 0.0134025
11 0.858209 0.647669 0.0417802 0.0536414 0.0130289
11 0.829182 0.377709 0.0504424 0.0196757 0.0121109
11 0.847289 0.662912 0.0296148 0.0771871 0.010883
11 0.895666 0.375966 0.0454863 0.0182506 0.0103045
11 0.872538 0.664041 0.0311099 0.0788423 0.0102717
11 0.639624 0.434784 0.0299799 0.0426867 0.0102345
11 0.0443533 0.415439 0.0306239 0.0546071 0.0092691
11 0.784538 0.399778 0.0321391 0.0372777 0.0091514
11 0.140358 0.522463 0.0401688 0.0797451 0.00883634
11 0.120879 0.565932 0.0380828 0.0377508 0.00874426
11 0.814564 0.388792 0.0410446 0.0198392 0.00860848
11 0.863288 0.707915 0.0452681 0.0453816 0.00824291
11 0.161927 0.521531 0.026581 0.0693818 0.00821094
11 0.883987 0.40769 0.032765 0.0341931 0.0079594
11 0.885277 0.391038 0.0318856 0.0275715 0.00789759
11 0.944905 0.480631 0.0355285 0.0308144 0.00772291
11 0.362267 0.485902 0.0388615 0.0476376 0.00749953
3 0.257805 0.48112 0.0776794 0.145732 0.00741357
11 0.163795 0.516851 0.022521 0.0549644 0.00725976
11 0.814687 0.619678 0.0463139 0.0536476 0.00715782
11 0.098416 0.402392 0.0401872 0.0289506 0.0070079
11 0.0829412 0.416843 0.0376027 0.038714 0.00694684
11 0.887243 0.374164 0.0355793 0.0209959 0.00694418
11 0.790436 0.397862 0.0366373 0.0340858 0.0065039
11 0.84308 0.59773 0.0350861 0.0440901 0.00648322
11 0.115579 0.56402 0.0326126 0.0364577 0.00636299
11 0.859018 0.636645 0.0416721 0.0386562 0.00621069
11 0.12808 0.520934 0.0285156 0.0681446 0.00618751
11 0.786725 0.385361 0.0376113 0.0287482 0.00617594
11 0.935863 0.485587 0.0298991 0.0317711 0.00613393
11 0.796651 0.747225 0.052334 0.0727182 0.00613214
11 0.808046 0.399837 0.0342697 0.0292856 0.00610271
11 0.64305 0.434033 0.02858 0.054778 0.00604471
11 0.346224 0.489391 0.0141245 0.052382 0.00597018
11 0.892371 0.390589 0.0376045 0.0221971 0.00565243
11 0.891839 0.408973 0.0366396 0.0373808 0.00554711
11 0.0833829 0.4001 0.0408412 0.0296466 0.00546214
10 0.0566385 0.485249 0.0196741 0.072482 0.00544318
11 0.875469 0.411156 0.0268876 0.0366118 0.00528241
11 0.857445 0.700249 0.048535 0.0553287 0.00512556
11 0.753001 0.72451 0.0205366 0.0917419 0.0050027
11 0.0283168 0.423224 0.0268009 0.0518523 0.0049736
11 0.135418 0.440924 0.0268466 0.0532134 0.00492521
11 0.579814 0.48994 0.0277151 0.0733556 0.0047716
11 0.0912598 0.400498 0.0412438 0.0265768 0.00473977
11 0.0708729 0.416054 0.0331657 0.0433451 0.00464575
11 0.222799 0.601948 0.0210335 0.0365932 0.00462956
11 0.815091 0.40235 0.03453 0.0273662 0.0045999
11 0.778553 0.475941 0.0196462 0.0469996 0.00453846
11 0.121368 0.552166 0.0311623 0.038784 0.00449604
11 0.737042 0.426866 0.0240056 0.051576 0.00441504
11 0.893306 0.36271 0.0390475 0.0293625 0.004409
11 0.145691 0.439356 0.0332032 0.0558055 0.00412154
11 0.896161 0.535854 0.0402627 0.0434073 0.00408657
11 0.77985 0.462661 0.0216349 0.0448561 0.00404813
11 0.295636 0.460067 0.0211191 0.060891 0.00400932
11 0.835299 0.598261 0.0306138 0.0475177 0.00397747
11 0.815735 0.563041 0.0456625 0.0350909 0.00396762
11 0.872307 0.432428 0.0218735 0.0373134 0.00392305
11 0.126977 0.564449 0.0448324 0.0425254 0.00384422
11 0.145949 0.52036 0.0373183 0.064069 0.00383086
11 0.613925 0.49289 0.0204485 0.0600061 0.00375689
11 0.295425 0.489836 0.0163587 0.0801171 0.003618
11 0.111989 0.55396 0.0277524 0.0317773 0.00360273
11 0.810077 0.707955 0.0394268 0.0672613 0.00360253
11 0.743614 0.425576 0.0216225 0.0567866 0.00357555
11 0.849068 0.611364 0.0359993 0.0280006 0.00357091
11 0.801835 0.3816 0.0460724 0.0254226 0.00352673
11 0.884744 0.429785 0.0328291 0.0370796 0.003525
11 0.115361 0.401908 0.0297802 0.028743 0.00347308
11 0.0988789 0.455123 0.0317845 0.0371576 0.0033331
11 0.871934 0.448745 0.0222448 0.0411412 0.00332922
11 0.842172 0.666938 0.0301749 0.0850928 0.00331151
11 0.353244 0.590585 0.0247895 0.0629361 0.00329331
11 0.944325 0.475528 0.0338768 0.0280414 0.00322982
11 0.133377 0.518618 0.0334475 0.0705626 0.00315917
11 0.877415 0.388451 0.0294615 0.0329635 0.00314579
11 0.780827 0.426419 0.0249287 0.0358685 0.00309692
11 0.0999869 0.548794 0.0370316 0.0289161 0.0030927
3 0.995648 0.698937 0.00870386 0.0799048 0.00302798
11 0.150035 0.41912 0.0275652 0.0391407 0.00302057
11 0.10291 0.413741 0.0349931 0.0267661 0.00301511
11 0.611921 0.480647 0.0235983 0.0569915 0.00296403
11 0.81891 0.704263 0.0433798 0.0692505 0.0029607
11 0.153055 0.477001 0.0291604 0.0490142 0.00291861
11 0.838423 0.671704 0.0273721 0.0858839 0.00290788
11 0.869574 0.716201 0.0453612 0.0581877 0.00285691
11 0.346102 0.582167 0.0167922 0.0673734 0.00283753
11 0.0982596 0.415188 0.0392502 0.0314901 0.00279633
11 0.0820268 0.486335 0.0280433 0.0595254 0.00279213
11 0.232082 0.701104 0.0508513 0.0358104 0.00276262
11 0.233086 0.605821 0.0378002 0.0357013 0.00274681
11 0.0924865 0.41628 0.0446592 0.0350703 0.00265796
11 0.7379 0.409808 0.0268839 0.0525768 0.00263116
11 0.746812 0.394353 0.0243743 0.0423184 0.00258708
11 0.807359 0.379699 0.0478936 0.0215096 0.00257923
11 0.77111 0.474975 0.0200412 0.0485763 0.00256453
11 0.734916 0.454476 0.0202069 0.0544048 0.00255561
11 0.885994 0.361946 0.0345179 0.0278404 0.00254239
11 0.809278 0.630723 0.0494225 0.0678844 0.00251478
11 0.130813 0.444097 0.0236355 0.0521272 0.00249909
11 0.847206 0.692803 0.0345914 0.0683841 0.00247175
11 0.0570173 0.489937 0.0220922 0.0831438 0.00246261
11 0.0889715 0.476985 0.0296368 0.0539725 0.00240771
11 0.744885 0.408542 0.0222409 0.0555583 0.00240409
11 0.346134 0.559489 0.0168255 0.0577289 0.0023492
11 0.365215 0.509448 0.0375074 0.0255547 0.00234724
11 0.882448 0.449801 0.0301066 0.0361314 0.00231209
10 0.0579112 0.475347 0.017502 0.072282 0.0022758
11 0.818039 0.608612 0.0421343 0.0404189 0.00226889
11 0.832821 0.487901 0.0222177 0.0729676 0.00226256
11 0.872905 0.678431 0.0331621 0.0831482 0.00225399
11 0.636282 0.451621 0.0369525 0.0396991 0.00224329
11 0.0646681 0.481414 0.0195803 0.066012 0.00223342
11 0.850332 0.372118 0.0410064 0.0235013 0.00221551
11 0.0581184 0.507234 0.0253209 0.0921557 0.00220531
11 0.0709792 0.433252 0.0279019 0.0384915 0.00218655
11 0.0962937 0.46501 0.0338548 0.0444204 0.00218411
11 0.352088 0.578824 0.025716 0.0684796 0.00215591
11 0.361526 0.477047 0.0384008 0.0430154 0.00215176
11 0.0683833 0.471623 0.0203458 0.0667022 0.00212441
11 0.0536486 0.481683 0.0177287 0.0668746 0.00211287
11 0.110361 0.531197 0.0327266 0.044752 0.00207745
11 0.138635 0.427255 0.0402209 0.0500541 0.00204625
11 0.342638 0.513051 0.0160886 0.0678029 0.00201761
11 0.794364 0.38091 0.0478278 0.0260611 0.00199287
11 0.727057 0.461075 0.0160779 0.0614142 0.00199166
11 0.887703 0.470957 0.0408362 0.0382429 0.00197227
11 0.741556 0.449717 0.0234019 0.0513086 0.00197135
11 0.871415 0.467399 0.0226587 0.0394052 0.001947
11 0.147545 0.431896 0.0323242 0.0588977 0.00194195
11 0.836454 0.485059 0.0224102 0.0652439 0.00193563
11 0.613147 0.507286 0.0243707 0.0562404 0.00193554
11 0.900208 0.390665 0.0441586 0.0199469 0.00193181
11 0.625919 0.434079 0.0514242 0.0294439 0.00192772
11 0.106081 0.550891 0.0346594 0.0302764 0.00192609
11 0.157586 0.474117 0.0338406 0.0407796 0.00191966
11 0.0950671 0.458342 0.0330125 0.0398096 0.00191593
11 0.770283 0.382539 0.0446129 0.0298519 0.00191562
11 0.771381 0.483373 0.0231031 0.0519584 0.00190403
11 0.891568 0.532492 0.0359042 0.045626 0.00189533
11 0.824627 0.59941 0.0441447 0.0548332 0.00187387
11 0.292596 0.451352 0.0273459 0.0555798 0.00186199
11 0.748498 0.526869 0.0250845 0.0516308 0.00184385
11 0.859767 0.381328 0.033123 0.0294638 0.00184224
11 0.902234 0.497924 0.0328712 0.0467877 0.00181449
11 0.8556 0.617557 0.0385954 0.0264358 0.00179127
11 0.194741 0.491099 0.0249896 0.0509915 0.0017892
11 0.898805 0.474549 0.0325493 0.0371512 0.0017602
11 0.894029 0.426313 0.0392695 0.043011 0.00174295
11 0.605974 0.585967 0.0187755 0.0536689 0.00173159
11 0.766962 0.719832 0.0281611 0.0787805 0.00173
11 0.150228 0.511051 0.0303551 0.0658816 0.00172461
11 0.443683 0.689277 0.0161822 0.100285 0.00170675
11 0.921056 0.496757 0.022692 0.0427737 0.00169199
11 0.347705 0.596403 0.016714 0.0611441 0.00168292
11 0.926331 0.427601 0.0158555 0.0740069 0.00165423
11 0.790805 0.4707 0.0304371 0.0401116 0.00165273
11 0.601342 0.486618 0.0329617 0.061206 0.00165078
11 0.928285 0.423383 0.0141989 0.0742222 0.00158088
11 0.831266 0.604015 0.0364221 0.0378447 0.00156486
11 0.788317 0.461279 0.0285297 0.0412707 0.00155795
11 0.875409 0.37209 0.0323845 0.0205412 0.00155262
11 0.815848 0.602192 0.0450535 0.0652642 0.00154751
11 0.889925 0.542988 0.0334873 0.0517564 0.00153889
11 0.172248 0.394326 0.0416444 0.0247992 0.00152282
11 0.0824834 0.461735 0.0320737 0.0454993 0.00152191
11 0.854319 0.595978 0.0348079 0.0442865 0.00152058
11 0.792241 0.753757 0.0433075 0.0703341 0.00151121
11 0.811006 0.718115 0.0422717 0.0532487 0.00150881
11 0.785571 0.471871 0.0278727 0.0441331 0.00149896
11 0.754716 0.385152 0.0338566 0.0295368 0.00149636
11 0.229407 0.610088 0.0341967 0.0540128 0.00149188
11 0.839226 0.692878 0.0287768 0.0758145 0.00148622
11 0.610638 0.463215 0.0332858 0.0494703 0.0014702
11 0.0978816 0.564175 0.033519 0.036215 0.00144596
11 0.621256 0.460043 0.0297829 0.0415943 0.00144523
11 0.300256 0.462567 0.0227732 0.0663403 0.00144211
11 0.824437 0.402628 0.0346343 0.0274093 0.00143627
11 0.755686 0.532513 0.0277904 0.0522752 0.00143583
11 0.157889 0.537876 0.0275599 0.0962115 0.00142447
11 0.837848 0.476655 0.018509 0.0586371 0.00142079
11 0.155578 0.446397 0.0340654 0.044841 0.00141843
11 0.166648 0.501198 0.02198 0.0437388 0.00141536
11 0.0635267 0.50881 0.0246124 0.0849754 0.00140167
11 0.770799 0.399078 0.0341221 0.0393453 0.00139779
11 0.896954 0.493403 0.0284144 0.0488486 0.00139444
11 0.618256 0.43556 0.0444489 0.0273783 0.00137539
11 0.901564 0.467768 0.0332597 0.0252594 0.00135295
11 0.903117 0.506386 0.0395241 0.0355735 0.00134227
11 0.628676 0.565837 0.020898 0.0550659 0.00133619
11 0.592063 0.567007 0.0173373 0.0554768 0.00133113
10 0.132497 0.515641 0.030038 0.0724026 0.00131263
11 0.899675 0.542604 0.0429285 0.04836 0.00131236
11 0.0516361 0.433848 0.0204229 0.0500909 0.00130809
11 0.775262 0.558574 0.0322739 0.0431797 0.00130239
11 0.7283 0.430917 0.0188136 0.0500638 0.00129609
11 0.836388 0.365311 0.0515474 0.0323779 0.00129514
11 0.282414 0.409535 0.042818 0.0351666 0.00129381
11 0.791632 0.722822 0.0487808 0.0554483 0.00129372
11 0.0646968 0.493897 0.0200156 0.076735 0.00129285
11 0.767397 0.557627 0.0292231 0.0471305 0.0012892
11 0.868233 0.433538 0.0237675 0.04167 0.00128917
11 0.631285 0.588375 0.0205477 0.0368596 0.00128043
11 0.789791 0.627709 0.0375706 0.0659684 0.00126098
11 0.102406 0.529768 0.0314927 0.041508 0.00125963
11 0.626347 0.508132 0.0233386 0.0773012 0.00125818
11 0.829508 0.676906 0.0336265 0.0790128 0.00125495
11 0.157922 0.511094 0.0292063 0.0609882 0.00125006
11 0.607075 0.570372 0.0170349 0.0619175 0.00124086
11 0.622496 0.518342 0.020342 0.0621537 0.00124084
11 0.0579791 0.432746 0.0219292 0.0347156 0.00123495
11 0.113806 0.416144 0.0317975 0.0278539 0.00123106
11 0.812475 0.535997 0.0370996 0.0344748 0.00120904
11 0.359914 0.593615 0.0317524 0.0502656 0.00120239
11 0.158287 0.40733 0.02958 0.027427 0.00119203
11 0.295249 0.511633 0.0119928 0.0767303 0.00119085
11 0.0427938 0.455188 0.0262787 0.0528103 0.00118368
11 0.283174 0.427226 0.0435297 0.04356 0.00117835
11 0.864698 0.644957 0.0527746 0.0597419 0.00117681
11 0.903747 0.416837 0.0382026 0.0527698 0.00115578
11 0.836601 0.587429 0.0340177 0.0517474 0.00115059
11 0.619374 0.566896 0.0222981 0.0590985 0.00113832
11 0.92686 0.450307 0.0160546 0.0387761 0.0011363
11 0.807147 0.529759 0.0341126 0.0340584 0.00113265
11 0.779984 0.622923 0.0278756 0.0598316 0.00112824
4 0.894921 0.492274 0.0312748 0.0464057 0.0011202
11 0.759316 0.550107 0.027328 0.0460019 0.0011189
11 0.919234 0.509761 0.0233657 0.0407876 0.0011124
11 0.737919 0.399122 0.029424 0.0510593 0.00111057
11 0.787941 0.42087 0.0315438 0.0360075 0.00110993
11 0.746631 0.509657 0.0254106 0.0401154 0.00110774
11 0.804681 0.473048 0.018291 0.0426026 0.00110147
11 0.343343 0.560413 0.016534 0.0451603 0.00109004
11 0.916753 0.46905 0.029888 0.0283476 0.00108887
11 0.224312 0.610867 0.0249428 0.0553829 0.00105731
11 0.609506 0.534002 0.0217892 0.0371003 0.00105431
11 0.139308 0.537144 0.0372515 0.0979507 0.00105406
11 0.905328 0.378632 0.0454728 0.0228925 0.00104749
11 0.128767 0.424063 0.0384295 0.0411943 0.00104477
11 0.0798352 0.427622 0.0339009 0.0367891 0.00104123
11 0.860148 0.712451 0.0509925 0.0584428 0.00104044
11 0.768323 0.459881 0.0185109 0.046585 0.00103892
11 0.132557 0.630728 0.0377296 0.0197766 0.00103615
3 0.113286 0.448074 0.0459885 0.0535345 0.00102979
11 0.741015 0.466027 0.0259886 0.0546151 0.00102954
11 0.34522 0.520954 0.0162849 0.0625327 0.00102724
11 0.353102 0.48214 0.0244347 0.0497437 0.00101862
11 0.343146 0.496586 0.0137841 0.0612187 0.00101621
11 0.617863 0.586131 0.022136 0.0459967 0.00101113
11 0.784077 0.7159 0.0459996 0.0560688 0.00100751
11 0.920953 0.431382 0.0192665 0.062778 0.00100682
11 0.623464 0.501854 0.0180732 0.0725659 0.00100513
