6 0.825189 0.614798 0.135531 0.201785 0.839603
7 0.848811 0.590399 0.0594234 0.154393 0.00428788
7 0.794599 0.621984 0.0557413 0.189995 0.00313321
7 0.70459 0.460342 0.0397211 0.0768458 0.00278437
7 0.721154 0.467869 0.0453944 0.0903851 0.0024766
7 0.685336 0.455804 0.0651496 0.0678337 0.00158866
7 0.841081 0.542144 0.07562 0.057529 0.00158509
7 0.794344 0.592919 0.0584591 0.131817 0.00152992
7 0.83756 0.595611 0.0847444 0.169256 0.00146382
7 0.84421 0.567803 0.0734723 0.110398 0.00119352
7 0.729082 0.475217 0.0421607 0.0902282 0.00116612
7 0.829156 0.568286 0.0537516 0.107667 0.00107015
7 0.853274 0.567034 0.0514096 0.102249 0.00100622
