9 0.546359 0.376372 0.374001 0.145823 0.951842
7 0.533869 0.399135 0.162513 0.0215545 0.182289
7 0.549996 0.400362 0.148781 0.0181522 0.14224
7 0.521201 0.39468 0.192647 0.0302603 0.105103
7 0.532999 0.404337 0.172681 0.0275183 0.0225071
6 0.513645 0.388009 0.202744 0.0454731 0.0103739
7 0.523956 0.406646 0.195676 0.0350497 0.00953922
6 0.517774 0.40858 0.203594 0.0541635 0.00922422
6 0.516991 0.387778 0.193886 0.0672895 0.00595227
7 0.537459 0.387647 0.198275 0.0412122 0.00592156
6 0.530059 0.418559 0.185271 0.0542914 0.00516797
6 0.517624 0.403614 0.204545 0.0777016 0.00329029
6 0.592048 0.337639 0.408272 0.221643 0.00297697
7 0.550178 0.378732 0.211414 0.0612259 0.00253661
7 0.516519 0.382495 0.202153 0.0534228 0.0023345
