3 0.0779323 0.57936 0.0679256 0.0851136 0.293636
3 0.0616092 0.75305 0.0394717 0.112063 0.0694152
11 0.150698 0.781863 0.0454204 0.0757827 0.0666441
11 0.528593 0.482199 0.041077 0.0360708 0.0376992
3 0.98892 0.492354 0.0217571 0.19009 0.0352913
11 0.203823 0.684849 0.01916 0.0782169 0.0170126
3 0.572164 0.67769 0.037855 0.142279 0.0169153
11 0.200043 0.676615 0.0232265 0.0750343 0.0155684
11 0.207361 0.682756 0.020615 0.0792812 0.0142678
11 0.724683 0.416 0.0279061 0.0589158 0.0134088
11 0.555686 0.526682 0.0308996 0.0696824 0.0130117
11 0.525765 0.477815 0.0449201 0.0322617 0.010218
11 0.200826 0.662566 0.0235856 0.0839618 0.0101496
11 0.524726 0.510814 0.0529594 0.0577951 0.00970618
11 0.559178 0.539957 0.0281356 0.083055 0.00923321
11 0.518486 0.512076 0.0383377 0.0618021 0.00848053
11 0.737442 0.414928 0.0380059 0.0579675 0.00790865
11 0.530551 0.51901 0.0500175 0.0552565 0.00675999
3 0.0683043 0.578458 0.0467608 0.0903385 0.00646609
3 0.0730002 0.558355 0.0503843 0.0882713 0.00620053
11 0.747806 0.416636 0.0255731 0.0570744 0.00599682
11 0.152759 0.691528 0.0156149 0.0985384 0.00592656
11 0.726639 0.448011 0.030386 0.0239681 0.00588583
11 0.751858 0.418591 0.0220048 0.0590824 0.00585957
11 0.203582 0.670224 0.0201252 0.0786596 0.00534865
11 0.409559 0.761185 0.0627634 0.0300622 0.00503764
11 0.159405 0.720461 0.028899 0.0544669 0.00433032
11 0.536627 0.490696 0.0421727 0.0285159 0.00394938
11 0.725602 0.404044 0.0261234 0.0679437 0.0038218
11 0.521399 0.494502 0.0463695 0.0447691 0.00374735
11 0.158739 0.693065 0.0193457 0.0968991 0.00371164
11 0.198062 0.739889 0.0234138 0.0576881 0.00370991
11 0.207508 0.66785 0.0196898 0.0666257 0.0036505
11 0.738723 0.450772 0.0311527 0.0212299 0.00356231
11 0.749461 0.366396 0.0395642 0.0188999 0.00333491
11 0.752076 0.356596 0.0411423 0.0198293 0.00330744
11 0.204475 0.640759 0.0190063 0.0932387 0.00328984
11 0.692115 0.438317 0.0170021 0.0707202 0.00323809
3 0.988767 0.530459 0.0224661 0.266525 0.00322192
11 0.159299 0.676685 0.0216948 0.0728011 0.0031834
11 0.747153 0.449855 0.0237067 0.025477 0.00302635
11 0.0511816 0.680679 0.0181645 0.0588331 0.00302296
11 0.197107 0.687674 0.0237831 0.0710129 0.00288064
11 0.734199 0.403249 0.0302399 0.06255 0.00269655
11 0.740902 0.354584 0.0355288 0.0167037 0.00266191
11 0.156142 0.606578 0.0297387 0.0417974 0.00243085
11 0.218072 0.660505 0.0198742 0.0562488 0.00242885
11 0.790148 0.405658 0.023666 0.0528567 0.00239923
11 0.192332 0.744526 0.031865 0.0581274 0.00228675
11 0.742148 0.403303 0.0324166 0.0570234 0.002185
11 0.160342 0.662502 0.0265088 0.0478656 0.0021324
11 0.777137 0.45181 0.0265586 0.0303513 0.00212165
11 0.205624 0.604277 0.0185974 0.0766066 0.00206514
11 0.20734 0.637527 0.0200831 0.085378 0.00201887
11 0.14899 0.55383 0.030252 0.0432398 0.00201157
11 0.533854 0.47938 0.0509471 0.0363147 0.00196615
11 0.165799 0.669857 0.025411 0.0626445 0.00189792
11 0.69385 0.424646 0.0186748 0.0621983 0.00186125
11 0.727819 0.353604 0.033144 0.0169415 0.00179439
11 0.768611 0.451401 0.0220903 0.0334764 0.00176258
11 0.543031 0.661779 0.0280931 0.119964 0.00175155
11 0.75482 0.365028 0.038264 0.0197275 0.00161085
11 0.741451 0.36985 0.0397838 0.0223203 0.00160176
11 0.138112 0.764027 0.0286712 0.0602722 0.00159626
11 0.726278 0.373593 0.0309254 0.0279992 0.00156674
11 0.754146 0.44908 0.0208423 0.037723 0.00149526
11 0.401366 0.75601 0.0612731 0.0311653 0.00145324
11 0.200555 0.634251 0.0227184 0.0831372 0.0014527
11 0.719102 0.402554 0.0260716 0.0626472 0.0014249
11 0.101889 0.537932 0.0236021 0.0692149 0.00142172
11 0.557953 0.599806 0.0258221 0.038327 0.00139884
11 0.164081 0.724614 0.0298954 0.0469853 0.0013983
11 0.512401 0.509366 0.0385555 0.0607644 0.00127433
11 0.559787 0.558887 0.0232531 0.0768562 0.00127152
11 0.151555 0.665791 0.0185619 0.0529691 0.00126509
11 0.139201 0.543691 0.0301541 0.0526836 0.00126211
11 0.520009 0.474372 0.0534221 0.027635 0.00122962
11 0.144785 0.77477 0.0424195 0.0656431 0.00121403
11 0.174138 0.761069 0.033814 0.0554329 0.00121389
11 0.0536971 0.692766 0.0208437 0.0674804 0.001187
11 0.189863 0.682316 0.0293444 0.0659993 0.00117644
11 0.166249 0.714313 0.022866 0.0586901 0.00113284
11 0.749959 0.395279 0.0285621 0.0436356 0.0011311
11 0.511926 0.501875 0.0460321 0.0508126 0.00110834
11 0.20765 0.592591 0.0187974 0.0726621 0.00104839
11 0.757717 0.416125 0.0271 0.0616645 0.00104109
3 0.544619 0.663537 0.0293445 0.129254 0.00103979
11 0.165271 0.657721 0.0306294 0.0451931 0.00103885
11 0.168206 0.687182 0.0209891 0.0761698 0.00103013
11 0.221547 0.636346 0.0279524 0.0384695 0.00101789
