10 0.390273 0.681436 0.387363 0.331034 0.826426
4 0.757611 0.416809 0.0723657 0.317008 0.792191
3 0.693071 0.907433 0.159252 0.0690263 0.592248
3 0.6902 0.893471 0.152247 0.0935807 0.297242
10 0.379895 0.758295 0.409819 0.179713 0.203356
10 0.752407 0.411617 0.0616493 0.305641 0.115482
11 0.25566 0.888853 0.163934 0.0495689 0.0186807
4 0.436118 0.767367 0.309856 0.153476 0.00453081
3 0.68722 0.861918 0.138726 0.0916893 0.00394892
4 0.783323 0.574665 0.0314449 0.154311 0.00227649
4 0.368447 0.708068 0.369385 0.140965 0.00173993
4 0.783919 0.552813 0.0285065 0.105468 0.0013113
11 0.235581 0.886895 0.127002 0.0450946 0.00121766
10 0.36489 0.738156 0.423446 0.100179 0.00108921
