11 0.243698 0.683874 0.0790674 0.0704371 0.21497
11 0.781737 0.682652 0.0645575 0.104721 0.0597255
11 0.244133 0.671339 0.0735664 0.0803487 0.0277069
11 0.0913109 0.675008 0.0438932 0.0540209 0.0196065
11 0.772074 0.676313 0.0689046 0.102325 0.0168283
11 0.241266 0.693682 0.0886708 0.0848634 0.0154089
11 0.0979279 0.678805 0.0523902 0.0610364 0.0126487
11 0.189582 0.674369 0.070107 0.0800642 0.0123494
11 0.0870776 0.660837 0.0371143 0.0628468 0.00876859
11 0.230865 0.678373 0.106685 0.0851165 0.0069013
10 0.733834 0.784814 0.0735817 0.0856276 0.00541282
11 0.195059 0.6577 0.0771886 0.0816845 0.00515625
11 0.243026 0.656757 0.0705585 0.0696727 0.00490272
11 0.21193 0.72332 0.11038 0.0688562 0.0047136
11 0.187965 0.717277 0.0873816 0.0561132 0.00425744
4 0.221105 0.72599 0.115528 0.0724805 0.00388946
11 0.161327 0.645575 0.102374 0.0549606 0.00340827
11 0.0840318 0.670539 0.0416665 0.0524994 0.00264185
11 0.207458 0.710283 0.111899 0.0629069 0.00252536
11 0.708103 0.739432 0.0847575 0.0835273 0.00210377
11 0.186198 0.855188 0.0677699 0.0883847 0.00208196
11 0.236994 0.703068 0.0982872 0.112129 0.00202479
11 0.121126 0.697902 0.0470076 0.0576766 0.0017693
11 0.739156 0.703765 0.0595685 0.0828964 0.00176476
11 0.174177 0.850924 0.0656102 0.0884985 0.00176406
11 0.146416 0.64122 0.0864112 0.0442313 0.00175865
11 0.110776 0.685077 0.0473226 0.0549946 0.00174034
11 0.161504 0.707134 0.0562183 0.0459029 0.00159588
11 0.180272 0.706363 0.0753817 0.0478216 0.00149836
11 0.163159 0.714397 0.0656014 0.0431927 0.00149096
11 0.122942 0.692117 0.0385641 0.050759 0.00129435
11 0.185658 0.681172 0.0558533 0.0609442 0.00116713
11 0.195974 0.731475 0.0820359 0.0523186 0.00115573
11 0.747284 0.677736 0.0855592 0.106954 0.00115493
11 0.224737 0.653937 0.10929 0.071283 0.00114868
11 0.169484 0.836911 0.0623553 0.0564635 0.00107974
11 0.0932089 0.66456 0.0396596 0.059091 0.00105889
11 0.103835 0.688134 0.0586466 0.0595683 0.00105717
11 0.68056 0.66042 0.0429538 0.0776116 0.00103661
11 0.206455 0.646589 0.0973434 0.0660175 0.00102517
