10 0.324989 0.655067 0.0475338 0.0670787 0.103077
11 0.251753 0.678535 0.0346728 0.0469103 0.0774376
11 0.626696 0.481757 0.0525106 0.0305516 0.0292113
11 0.256997 0.669372 0.0396824 0.0555571 0.0208122
11 0.211402 0.584336 0.0525962 0.0206775 0.0204022
11 0.135163 0.513734 0.0286456 0.0774333 0.012912
11 0.260868 0.658054 0.044143 0.0349866 0.0112878
3 0.285196 0.724969 0.0415691 0.0530364 0.0103097
11 0.837251 0.370115 0.0380513 0.0220552 0.00838524
11 0.181998 0.521463 0.0518506 0.0499264 0.00698042
11 0.677372 0.477728 0.0545595 0.0263524 0.00679581
11 0.16244 0.48357 0.0564471 0.0399484 0.00667891
11 0.553932 0.418135 0.0464484 0.0430239 0.00585006
11 0.0862336 0.510442 0.027576 0.0694544 0.00542552
11 0.78459 0.418155 0.0765349 0.0314304 0.00509929
11 0.630714 0.487163 0.0587741 0.0367704 0.00474507
11 0.815462 0.419217 0.0761197 0.0327685 0.0046176
3 0.120824 0.569768 0.0275091 0.116818 0.00413071
11 0.62374 0.489823 0.0542339 0.038788 0.00395081
11 0.830393 0.413504 0.055797 0.0371904 0.00376185
11 0.664803 0.479823 0.0604197 0.0268305 0.00364044
11 0.687017 0.474659 0.0571238 0.0251231 0.0034826
11 0.770176 0.419539 0.0882581 0.0311762 0.00317466
11 0.839385 0.363777 0.0417607 0.0247295 0.00300177
11 0.70673 0.441348 0.0611668 0.0331643 0.0029681
11 0.543935 0.496851 0.0473482 0.0262203 0.00215855
11 0.639559 0.482159 0.0614427 0.0273364 0.00213414
11 0.843599 0.372562 0.046711 0.022665 0.00208792
11 0.289152 0.721577 0.0508533 0.0469685 0.00193126
11 0.156705 0.490018 0.0611172 0.0466775 0.00182936
11 0.57183 0.350463 0.0461515 0.0194089 0.00176013
11 0.150685 0.480956 0.0493356 0.0406418 0.00170526
11 0.0839076 0.508588 0.0366726 0.0751882 0.00167972
11 0.135354 0.524951 0.0299833 0.0560055 0.00161984
11 0.786959 0.409544 0.0726862 0.0350883 0.00158771
11 0.296012 0.715545 0.0543962 0.038215 0.00155674
11 0.810573 0.410531 0.0727669 0.0405786 0.00147794
11 0.792508 0.42162 0.0632944 0.0332224 0.00142885
11 0.657247 0.485536 0.0407324 0.0348421 0.00140719
11 0.693912 0.393887 0.065796 0.0247519 0.00138395
11 0.798456 0.408751 0.0653429 0.0384903 0.00137655
11 0.778801 0.422989 0.0742074 0.0388503 0.00132942
11 0.698032 0.388215 0.0673618 0.0289794 0.00120708
9 0.570208 0.835186 0.237309 0.108689 0.00119573
11 0.847143 0.363497 0.0554921 0.0279101 0.00113132
11 0.918087 0.37187 0.0295963 0.0427046 0.00112763
11 0.615058 0.501672 0.0591081 0.0355846 0.00109732
11 0.715802 0.444706 0.0632503 0.034106 0.0010939
11 0.819337 0.376636 0.0605354 0.0301314 0.00108274
11 0.216408 0.589811 0.0561085 0.0216679 0.00108088
11 0.925074 0.36704 0.0518757 0.044179 0.0010745
11 0.802925 0.400124 0.0576649 0.0454781 0.00106072
11 0.692462 0.400078 0.0687553 0.0331842 0.00102847
