9 0.617844 0.612799 0.615727 0.424037 0.962836
7 0.501635 0.760704 0.394179 0.13338 0.767193
7 0.573412 0.750132 0.253972 0.141238 0.0962375
6 0.50986 0.683793 0.228896 0.160292 0.0456519
6 0.508349 0.645126 0.218148 0.219267 0.0443059
6 0.512307 0.614872 0.187054 0.256768 0.00702129
11 0.31385 0.406523 0.144002 0.187637 0.00339803
6 0.479914 0.681263 0.161161 0.204717 0.00338813
11 0.293537 0.398396 0.145455 0.176939 0.0031213
6 0.465407 0.637359 0.121738 0.266528 0.00256002
7 0.427931 0.789467 0.263567 0.0778742 0.0016985
7 0.427224 0.803347 0.261204 0.050545 0.00115568
