11 0.320678 0.657679 0.116017 0.0991222 0.63287
11 0.330381 0.666422 0.0909197 0.0787947 0.358779
11 0.408305 0.365733 0.147277 0.035697 0.257065
11 0.404888 0.373773 0.137874 0.0286542 0.0359708
11 0.43014 0.380572 0.175318 0.0233574 0.00899494
11 0.275998 0.625729 0.120289 0.0637407 0.00698656
11 0.237071 0.39696 0.131676 0.0405501 0.00420833
11 0.182446 0.406999 0.119484 0.0283348 0.00413359
11 0.227928 0.617939 0.0535166 0.0672136 0.00365551
11 0.208434 0.398085 0.147167 0.039738 0.00355649
11 0.220089 0.60998 0.0461888 0.0574677 0.00310647
11 0.252352 0.400514 0.113997 0.0426148 0.00307481
11 0.445433 0.36774 0.173551 0.0347146 0.00283865
11 0.292443 0.427971 0.146671 0.0512745 0.0026378
11 0.25873 0.43497 0.139252 0.0350774 0.00245595
11 0.297656 0.649096 0.119171 0.0850877 0.00237039
11 0.252125 0.624293 0.0852857 0.0611863 0.00220216
11 0.244202 0.375206 0.143103 0.0218812 0.00190736
11 0.231863 0.391576 0.155449 0.0387389 0.00185158
11 0.279977 0.433439 0.13936 0.0400548 0.00172982
11 0.270762 0.401322 0.102806 0.0475726 0.00135344
11 0.450174 0.386468 0.12303 0.0321791 0.0012241
11 0.193467 0.403364 0.128625 0.0317065 0.00111147
