4 0.660122 0.39018 0.48033 0.0845342 0.623518
4 0.604379 0.390297 0.36694 0.0952612 0.109794
7 0.775578 0.381077 0.246824 0.0395311 0.0157926
4 0.650419 0.392781 0.500019 0.127408 0.013082
7 0.796154 0.381141 0.179307 0.0341314 0.00663913
10 0.725293 0.380552 0.345179 0.0382798 0.00559163
4 0.490647 0.399538 0.527834 0.155788 0.0050394
4 0.552893 0.388351 0.261607 0.0948573 0.00477801
11 0.726129 0.413397 0.089366 0.131961 0.00339699
4 0.714967 0.364992 0.366749 0.070566 0.00238616
10 0.634237 0.38317 0.517903 0.0456637 0.0017035
4 0.568813 0.393007 0.371474 0.122136 0.00151085
