3 0.75987 0.573974 0.0600593 0.127162 0.789685
3 0.453052 0.54643 0.0411878 0.118833 0.409994
3 0.802327 0.576534 0.0413488 0.0918745 0.147215
3 0.773958 0.573419 0.0887708 0.119151 0.0279114
11 0.331244 0.532529 0.031248 0.0459219 0.0220686
11 0.325729 0.538774 0.0276848 0.0511046 0.0214527
11 0.334629 0.505028 0.0280287 0.0280805 0.0203356
11 0.333197 0.51316 0.0268282 0.0330535 0.0144508
11 0.332266 0.401229 0.0349519 0.0334535 0.0135993
11 0.987137 0.42688 0.0257269 0.0317766 0.0130118
11 0.989312 0.417902 0.021377 0.0256521 0.0128572
11 0.326618 0.398757 0.0383309 0.0303223 0.0128189
11 0.385507 0.475738 0.0235713 0.0302517 0.0122136
11 0.371613 0.403577 0.0254537 0.0455898 0.0115196
11 0.321024 0.540828 0.0288612 0.0491906 0.00880362
11 0.343575 0.402776 0.036571 0.0372863 0.00701089
11 0.367252 0.400761 0.0290001 0.042034 0.00674453
11 0.35626 0.452462 0.0316547 0.0306997 0.00665926
11 0.331003 0.545172 0.03412 0.0616953 0.00609384
11 0.73599 0.782161 0.0224279 0.0633843 0.00568715
11 0.362632 0.399686 0.0317076 0.0386466 0.00558611
11 0.342971 0.475266 0.0299729 0.03103 0.00553754
11 0.418499 0.585314 0.0180046 0.0780355 0.00513359
11 0.388295 0.486423 0.0210239 0.0464294 0.00503895
11 0.343365 0.52764 0.0320927 0.0386456 0.0050052
11 0.320022 0.395521 0.0379816 0.0255811 0.00499696
11 0.342963 0.449827 0.0275988 0.0305082 0.00453937
11 0.976044 0.433616 0.0361951 0.0269129 0.00447934
3 0.0612817 0.782366 0.0422524 0.0870035 0.00442896
11 0.339233 0.507836 0.0341988 0.0270319 0.0039597
11 0.323515 0.522253 0.0312381 0.0415746 0.00394884
11 0.361651 0.448036 0.0371795 0.0276561 0.00393343
11 0.34923 0.470497 0.0272501 0.0303852 0.00368115
11 0.984675 0.497355 0.026535 0.0625068 0.00359269
3 0.751182 0.67843 0.0321417 0.0959271 0.00342783
11 0.337092 0.495624 0.0280952 0.0317113 0.00330493
11 0.966564 0.448021 0.0225703 0.0398457 0.0032898
11 0.981018 0.493419 0.0251531 0.0506102 0.00306865
11 0.314741 0.393764 0.0394118 0.0240767 0.00290261
11 0.749842 0.681215 0.0318152 0.0891266 0.0028941
3 0.0538973 0.481149 0.0554266 0.0914057 0.0028927
11 0.985879 0.505767 0.0260418 0.0922278 0.00273581
11 0.813792 0.765407 0.0262229 0.0596661 0.00269039
11 0.819142 0.771725 0.0225168 0.0565003 0.00267392
11 0.962257 0.595532 0.0201963 0.0570565 0.00263197
3 0.0602195 0.534621 0.0649497 0.0812017 0.00255753
3 0.846842 0.600697 0.0446122 0.0422479 0.00255336
11 0.334976 0.469491 0.0286722 0.0266156 0.00249208
11 0.382048 0.472556 0.0223055 0.0222868 0.00247669
11 0.0956326 0.434215 0.018198 0.0192064 0.00247141
11 0.307235 0.434744 0.0316786 0.0441794 0.0024689
11 0.313582 0.550522 0.0282386 0.0564583 0.00245978
11 0.754857 0.370606 0.0403411 0.0247987 0.00233406
11 0.357288 0.469269 0.0398107 0.0236139 0.00227765
11 0.358959 0.522097 0.023918 0.0458531 0.00222225
11 0.273901 0.395581 0.0428051 0.0226712 0.00219317
11 0.339675 0.603391 0.0320233 0.0554713 0.00216983
3 0.847042 0.611126 0.0447213 0.0626911 0.0021619
11 0.969784 0.435016 0.0289578 0.0272852 0.00211594
11 0.825047 0.373619 0.0314229 0.0245353 0.00210023
11 0.278409 0.393409 0.0424637 0.0223245 0.00209967
11 0.988187 0.498513 0.0227874 0.0692993 0.00209554
11 0.813876 0.3738 0.030791 0.0248081 0.00203923
11 0.811215 0.755515 0.024286 0.0545431 0.00202679
11 0.371016 0.619545 0.0465677 0.093236 0.00200635
11 0.369199 0.60101 0.0382237 0.0571329 0.00198326
11 0.989637 0.491617 0.0195162 0.0587256 0.00194743
11 0.311067 0.516112 0.0318583 0.0337297 0.00192496
11 0.36658 0.613106 0.0428236 0.0783472 0.00192492
11 0.332391 0.606318 0.0250939 0.0506236 0.00192112
11 0.344588 0.552179 0.0259589 0.0505742 0.00187781
11 0.285859 0.39218 0.043073 0.0249683 0.00185146
11 0.765601 0.747897 0.0231393 0.0617688 0.00179975
11 0.967145 0.466506 0.0218506 0.0497425 0.00178666
11 0.323442 0.440617 0.0314756 0.0422271 0.00174337
11 0.396826 0.494235 0.0188943 0.0603708 0.00172038
11 0.314536 0.540274 0.0305354 0.0444267 0.00168053
11 0.805471 0.751534 0.0255048 0.0491569 0.00167158
11 0.987832 0.518192 0.0233964 0.118995 0.00161367
11 0.3155 0.383021 0.0433176 0.0338796 0.0014538
11 0.810409 0.739855 0.0254174 0.0424559 0.00143038
11 0.839832 0.809729 0.020864 0.0351105 0.0014261
11 0.305229 0.383591 0.0437903 0.0343055 0.00140386
11 0.30517 0.392177 0.0400701 0.0247715 0.00138673
11 0.359468 0.512974 0.0210355 0.0367752 0.00137462
11 0.733601 0.758918 0.0231584 0.0713341 0.00136038
11 0.274708 0.383674 0.042817 0.0333209 0.00132647
11 0.82967 0.35644 0.0329021 0.0173222 0.00129042
11 0.302643 0.631027 0.0348515 0.044584 0.00128902
11 0.79024 0.706873 0.0253776 0.039156 0.00127548
11 0.958914 0.600544 0.0222613 0.0700215 0.00126615
11 0.97236 0.443405 0.0275609 0.0332154 0.00123693
11 0.349239 0.601074 0.0360775 0.0587175 0.00122711
11 0.790103 0.688404 0.0287851 0.0492386 0.00119983
11 0.815254 0.755538 0.0257319 0.0514393 0.00118213
11 0.38364 0.416844 0.0206091 0.0441675 0.00117956
11 0.983732 0.442409 0.0311906 0.0328304 0.00115382
11 0.324749 0.433724 0.0315787 0.0454977 0.00115261
11 0.311956 0.562774 0.0256684 0.0599602 0.00111742
11 0.08489 0.432059 0.0297918 0.0190949 0.00111164
11 0.771012 0.385427 0.0321202 0.0279205 0.00109834
11 0.355991 0.4373 0.0304443 0.0247993 0.00109727
11 0.765272 0.370953 0.0390698 0.023823 0.00108613
11 0.758615 0.382304 0.0323665 0.0307684 0.0010807
11 0.811376 0.698524 0.0303676 0.0364912 0.00103332
11 0.801962 0.710327 0.0308168 0.0311653 0.0010332
