9 0.496871 0.663547 0.26389 0.270537 0.940494
7 0.198476 0.779415 0.262215 0.131019 0.928122
6 0.62976 0.575056 0.156108 0.111225 0.0197399
7 0.462408 0.723872 0.110653 0.105079 0.0101777
6 0.629445 0.559982 0.155176 0.0765958 0.0100974
6 0.542122 0.572114 0.331517 0.105941 0.00458481
6 0.408266 0.654109 0.0664 0.253371 0.0034892
6 0.628628 0.529071 0.155724 0.133646 0.00295602
6 0.630161 0.545582 0.152949 0.0437142 0.00292748
6 0.626749 0.532511 0.160831 0.0782218 0.00253023
7 0.447314 0.714563 0.126425 0.107377 0.00180828
