3 0.707956 0.526102 0.068459 0.0901731 0.080164
3 0.67488 0.52528 0.13428 0.0902895 0.0575768
3 0.648619 0.523336 0.180936 0.0911269 0.0417275
3 0.382323 0.816184 0.0528455 0.0796586 0.022177
11 0.617104 0.470681 0.115515 0.0170297 0.0104362
11 0.656407 0.471038 0.0713728 0.0210543 0.00445781
3 0.126226 0.746667 0.035641 0.0933494 0.00351082
11 0.727163 0.706147 0.0347764 0.063995 0.00345225
11 0.649975 0.69411 0.0652179 0.0266553 0.00255227
11 0.39268 0.425812 0.0304383 0.0573139 0.00193215
11 0.647823 0.467655 0.0799011 0.0204183 0.00174057
3 0.62097 0.521207 0.152338 0.0886934 0.0014692
3 0.651379 0.546189 0.167459 0.13545 0.00119594
11 0.66423 0.474842 0.0735973 0.029611 0.00115063
