11 0.162825 0.436441 0.139584 0.0289089 0.0363418
11 0.790891 0.582623 0.0598457 0.0820233 0.0343888
11 0.0697057 0.5626 0.042474 0.0746581 0.03394
11 0.0709966 0.524998 0.0484169 0.0676185 0.0333077
11 0.0865886 0.508969 0.0905779 0.0739464 0.0287815
11 0.116952 0.497103 0.121053 0.045177 0.0281999
11 0.0698115 0.540531 0.041157 0.0508879 0.024206
11 0.107625 0.501439 0.123908 0.0581532 0.0240298
11 0.132644 0.643531 0.0758956 0.0540482 0.0214984
11 0.067444 0.509619 0.0604243 0.0719473 0.0203408
11 0.544772 0.462361 0.114379 0.039657 0.0186427
11 0.153863 0.647387 0.0612419 0.0700785 0.0178975
11 0.54547 0.470839 0.110214 0.0364373 0.0155359
11 0.55705 0.480989 0.123998 0.0336315 0.0145084
11 0.161717 0.462703 0.0826613 0.0488963 0.0139351
10 0.0967056 0.586482 0.0827783 0.0639532 0.0134955
11 0.747464 0.666937 0.108805 0.0225773 0.0121647
11 0.536584 0.423721 0.115366 0.0207562 0.0119786
11 0.0812089 0.525414 0.0657008 0.0702588 0.0118439
11 0.0870532 0.585426 0.0763691 0.0677731 0.0112226
11 0.0739498 0.518692 0.0685397 0.074725 0.0107774
11 0.223118 0.451528 0.0938034 0.0447626 0.00989511
11 0.0619171 0.499998 0.0509134 0.0578493 0.00979477
11 0.0836941 0.499687 0.0759977 0.0584238 0.00963802
11 0.0778602 0.56031 0.0534532 0.0719911 0.00945756
11 0.0979077 0.507814 0.102422 0.0634396 0.0093283
11 0.226687 0.445688 0.0954147 0.0333136 0.00920285
11 0.180846 0.434936 0.138399 0.0256054 0.00911808
11 0.655594 0.461295 0.097832 0.0365154 0.00888306
11 0.732788 0.486448 0.085821 0.0504457 0.00848819
11 0.654668 0.420393 0.0572858 0.0439319 0.00829379
11 0.114131 0.640199 0.09432 0.0427275 0.00667545
11 0.250996 0.449436 0.0600699 0.0467477 0.0065939
11 0.153934 0.448056 0.10662 0.0443029 0.00605632
11 0.149375 0.459958 0.0954352 0.0447596 0.00598138
11 0.066728 0.622492 0.0496166 0.0675771 0.00582803
11 0.558545 0.455155 0.107446 0.0463106 0.00567749
11 0.16785 0.438462 0.113199 0.036681 0.00520152
11 0.684251 0.575234 0.0850533 0.0325895 0.00519154
11 0.206676 0.455432 0.0945794 0.0560405 0.00503245
11 0.187625 0.430901 0.162211 0.0253614 0.00499591
11 0.160342 0.474405 0.0675723 0.0418129 0.00492959
11 0.0673007 0.55348 0.0415504 0.0634676 0.0047438
11 0.731672 0.482313 0.107079 0.0361355 0.00472769
11 0.189096 0.455362 0.0882274 0.0564118 0.00435098
11 0.199592 0.445341 0.110125 0.0346451 0.00424845
11 0.664945 0.579763 0.0943763 0.0484595 0.00418668
11 0.622961 0.546488 0.0760412 0.0326813 0.00415348
11 0.0871182 0.596679 0.0694785 0.0763995 0.00410247
11 0.737193 0.478177 0.0803501 0.0469972 0.00405668
11 0.202172 0.516544 0.093754 0.065355 0.00393378
10 0.157695 0.648174 0.05879 0.0730037 0.00360334
11 0.242213 0.445378 0.0805891 0.0353911 0.00355662
11 0.188727 0.497057 0.0856779 0.0917422 0.00346056
11 0.294276 0.448285 0.122136 0.0511407 0.00343777
10 0.0161303 0.583965 0.0276801 0.0385705 0.00343169
11 0.211291 0.504564 0.0737 0.0821234 0.00328323
11 0.0771402 0.53862 0.0543846 0.0608716 0.00303674
11 0.102163 0.586413 0.0810102 0.062871 0.00301126
11 0.168183 0.451309 0.0904085 0.0509623 0.0028892
11 0.717167 0.441345 0.114649 0.0389429 0.00286018
11 0.224542 0.505544 0.0581371 0.0860929 0.00283739
11 0.223425 0.514796 0.0747352 0.0791996 0.00277088
11 0.416832 0.467831 0.130302 0.038596 0.00263055
11 0.0874825 0.630836 0.0676527 0.0514331 0.00258323
11 0.77059 0.456584 0.0809463 0.0154357 0.00257926
11 0.0505614 0.615805 0.063783 0.0605734 0.00257656
11 0.6373 0.544081 0.0784532 0.0321953 0.00249837
11 0.701216 0.578263 0.109709 0.0377375 0.00248867
11 0.190258 0.43474 0.145598 0.0197671 0.0024821
11 0.421125 0.460102 0.152245 0.0340366 0.00246849
11 0.573295 0.487534 0.144829 0.0534515 0.00246418
11 0.610844 0.526364 0.104414 0.0385746 0.00244643
11 0.0436989 0.499732 0.0406837 0.0582775 0.00240336
11 0.674391 0.540653 0.0876008 0.0368259 0.00236845
11 0.156492 0.489829 0.0770273 0.0627005 0.00229607
11 0.183125 0.467983 0.0683532 0.0510996 0.00228247
11 0.623814 0.552525 0.0716136 0.0305594 0.00226248
11 0.676504 0.569063 0.0723165 0.0256155 0.00225714
11 0.751249 0.671571 0.118874 0.0307943 0.00221477
11 0.141216 0.444267 0.111017 0.0279994 0.0021996
11 0.803818 0.586492 0.0529431 0.0941797 0.00215787
11 0.343241 0.583641 0.0951248 0.0990068 0.00212442
11 0.550348 0.400416 0.123556 0.0158649 0.00207488
11 0.583244 0.399877 0.159725 0.0159409 0.00203968
10 0.32317 0.447236 0.170427 0.0510303 0.00202557
11 0.0461909 0.509903 0.0456907 0.0684506 0.0019793
11 0.606753 0.517047 0.123575 0.0400182 0.0019719
11 0.140697 0.489159 0.0946289 0.0507741 0.00197015
11 0.0760051 0.550736 0.0505479 0.0590473 0.00196027
11 0.654263 0.581287 0.11164 0.0601847 0.00193166
11 0.675134 0.46844 0.0991858 0.0330144 0.00189246
11 0.215341 0.435907 0.120031 0.0195651 0.00183999
11 0.0800866 0.615742 0.0582691 0.0660968 0.00181738
11 0.615363 0.505144 0.133804 0.0573764 0.00175931
11 0.744045 0.466696 0.0763736 0.0312176 0.00174156
11 0.323711 0.520282 0.0565113 0.038973 0.0017054
11 0.640153 0.555962 0.0614078 0.0256372 0.00169112
11 0.0836352 0.575091 0.0665224 0.0921401 0.0016895
11 0.759576 0.458749 0.0776939 0.0181584 0.00167145
11 0.75309 0.499201 0.0722843 0.0636039 0.00166974
11 0.508404 0.435187 0.0725551 0.047537 0.00166504
11 0.647917 0.561048 0.0771691 0.0284257 0.00164061
11 0.622166 0.53652 0.0907654 0.0388206 0.00158263
11 0.0737974 0.635432 0.0563945 0.0453426 0.00156642
11 0.36719 0.515975 0.107322 0.0276756 0.00156261
11 0.323546 0.513956 0.0595939 0.0343109 0.00155429
11 0.635618 0.460317 0.108227 0.0403976 0.00155385
11 0.409869 0.522615 0.113326 0.0289877 0.001553
11 0.651782 0.453317 0.0812783 0.0478609 0.00154765
11 0.655664 0.571644 0.098527 0.0461345 0.00154746
11 0.229184 0.524969 0.0845296 0.0867972 0.00154625
11 0.0720064 0.614185 0.0498113 0.0605776 0.00154538
11 0.252025 0.457918 0.047476 0.0608768 0.00150388
11 0.15823 0.431676 0.153021 0.0255871 0.0015007
11 0.583143 0.474101 0.144935 0.0495383 0.00149989
11 0.664759 0.593992 0.0737306 0.0673119 0.00147341
11 0.115401 0.48888 0.116269 0.0307517 0.00145545
3 0.61395 0.399302 0.14128 0.0142951 0.00144931
11 0.725676 0.477023 0.0833376 0.0398793 0.00143921
11 0.581786 0.543819 0.0888109 0.038729 0.00143658
11 0.414016 0.575289 0.125085 0.0632501 0.00140438
11 0.375095 0.426841 0.133485 0.0433114 0.00134982
11 0.425098 0.478136 0.136243 0.0291698 0.00133372
11 0.660821 0.542181 0.0793883 0.0324888 0.00132858
11 0.33387 0.567338 0.0834533 0.08243 0.00130101
11 0.492988 0.570021 0.182014 0.0319277 0.001301
11 0.528967 0.440425 0.110938 0.0550885 0.00129405
11 0.527795 0.402593 0.0992256 0.0191703 0.00127207
11 0.518972 0.565356 0.163293 0.0319953 0.00123666
11 0.172524 0.521687 0.116901 0.0522805 0.0012039
11 0.610568 0.539255 0.0807127 0.0374913 0.0011883
11 0.138056 0.592919 0.0698487 0.0722219 0.00118506
11 0.680001 0.420143 0.0897075 0.0417527 0.00116897
11 0.327009 0.506185 0.0637177 0.0425614 0.00115633
11 0.241853 0.597524 0.0642111 0.103044 0.00112599
11 0.648372 0.592604 0.117912 0.0690734 0.00112342
11 0.0615041 0.615635 0.0433493 0.0602284 0.00110832
11 0.317441 0.525274 0.0543949 0.0541232 0.00110171
11 0.527304 0.425047 0.102994 0.025708 0.00107088
11 0.0358772 0.446251 0.0284846 0.0769795 0.00105413
11 0.405756 0.516088 0.111142 0.0255126 0.00105254
11 0.200411 0.466798 0.0769531 0.0638086 0.00105062
11 0.689808 0.542252 0.0916489 0.0374325 0.00102343
11 0.356431 0.506723 0.0842118 0.0316262 0.00100436
