5 0.51274 0.481044 0.36271 0.455402 0.946331
5 0.368782 0.4084 0.200767 0.348394 0.841718
5 0.372636 0.611513 0.372834 0.199477 0.0282291
1 0.370648 0.410369 0.214817 0.351049 0.0190962
1 0.404976 0.375862 0.292 0.30796 0.00743623
5 0.70258 0.583417 0.366019 0.209109 0.00283762
5 0.666262 0.746784 0.336201 0.308143 0.00278107
5 0.373948 0.584512 0.278646 0.17518 0.00245047
5 0.30061 0.609151 0.340419 0.171219 0.00227487
1 0.443957 0.404052 0.348645 0.330138 0.00200201
1 0.376457 0.311724 0.2124 0.217454 0.00143344
5 0.717247 0.616564 0.37735 0.159884 0.00135875
5 0.41201 0.631096 0.396931 0.197733 0.00109824
