6 0.699247 0.595675 0.142263 0.107039 0.56105
3 0.260644 0.631281 0.101668 0.0364906 0.362736
3 0.699388 0.595682 0.141768 0.106645 0.184873
11 0.149408 0.45422 0.0495636 0.0703907 0.0845692
11 0.582094 0.588809 0.037853 0.0552983 0.0156865
11 0.420164 0.577997 0.120417 0.0387433 0.0127924
11 0.424001 0.580927 0.0930273 0.0369852 0.00717848
11 0.399254 0.574417 0.124601 0.0449174 0.00465695
11 0.908913 0.593485 0.0471299 0.077473 0.003816
11 0.583649 0.587855 0.0663097 0.0561324 0.00361209
11 0.433383 0.586366 0.0778612 0.0454454 0.00272289
11 0.412114 0.510904 0.117242 0.0427438 0.00249056
11 0.338775 0.58856 0.0926619 0.0297902 0.00215606
11 0.363081 0.600227 0.069822 0.0461442 0.00197732
11 0.394072 0.577088 0.0859704 0.0415537 0.0016872
11 0.441788 0.590601 0.0695344 0.0558696 0.00168507
11 0.149196 0.435783 0.0586982 0.0343006 0.00146386
11 0.352422 0.593344 0.0839881 0.0326221 0.00144878
11 0.588675 0.583545 0.0582956 0.0704535 0.00137858
11 0.137305 0.447088 0.074537 0.0580586 0.00129891
11 0.412825 0.567251 0.150228 0.0571851 0.0011716
10 0.721106 0.587216 0.0763129 0.087863 0.00109517
