9 0.688665 0.643913 0.505641 0.249878 0.9602
0 0.539006 0.638898 0.388538 0.349874 0.959447
11 0.715759 0.613781 0.251199 0.109291 0.445929
11 0.829842 0.503729 0.138602 0.0846755 0.340622
11 0.648384 0.619698 0.167386 0.117234 0.144516
11 0.681578 0.606125 0.198026 0.103823 0.0664426
11 0.692431 0.628862 0.276535 0.109725 0.0397265
11 0.631136 0.627751 0.16978 0.141007 0.0260987
11 0.623749 0.671255 0.161319 0.151967 0.0193645
11 0.631521 0.653102 0.18755 0.18936 0.00697655
11 0.614941 0.664768 0.109498 0.131607 0.00585382
11 0.721706 0.627991 0.209064 0.136732 0.00535866
11 0.606711 0.638021 0.277627 0.16219 0.00411244
11 0.741345 0.60353 0.276626 0.106862 0.00347384
11 0.625703 0.635899 0.228866 0.197678 0.00260774
6 0.677485 0.601864 0.304807 0.164916 0.00255989
11 0.671116 0.630716 0.220563 0.133385 0.00253834
11 0.831389 0.620359 0.164933 0.1032 0.00232463
11 0.829876 0.525705 0.149935 0.130656 0.00200876
11 0.598533 0.671865 0.114261 0.211276 0.00181852
9 0.315021 0.645442 0.290415 0.229736 0.00108912
