9 0.27665 0.43323 0.321593 0.24741 0.965606
7 0.358427 0.637615 0.123235 0.150405 0.940572
7 0.196601 0.331121 0.10265 0.0763988 0.0787474
6 0.239739 0.395714 0.242496 0.123148 0.0730774
7 0.221142 0.343907 0.15715 0.0717212 0.0703063
7 0.202899 0.341761 0.11684 0.0650053 0.0479644
6 0.235595 0.364551 0.225655 0.111355 0.0466779
7 0.250844 0.411258 0.123464 0.150782 0.0434544
6 0.306983 0.39951 0.272094 0.122261 0.0352459
7 0.210322 0.334237 0.135395 0.0942402 0.0328382
7 0.268448 0.413094 0.203118 0.147312 0.0250534
6 0.269845 0.404821 0.242388 0.134104 0.0219856
6 0.297052 0.416118 0.251255 0.174874 0.0155231
7 0.260084 0.424159 0.156252 0.142557 0.0121383
7 0.223848 0.384689 0.262807 0.101167 0.0119112
7 0.234639 0.347407 0.183857 0.0895279 0.010816
7 0.219109 0.402396 0.210705 0.136926 0.0098617
7 0.217539 0.364207 0.266187 0.0879293 0.00696696
7 0.18347 0.335117 0.0773566 0.0564939 0.00516325
7 0.240186 0.407049 0.164247 0.172848 0.00458674
7 0.209677 0.405609 0.147559 0.160765 0.0035695
6 0.271758 0.395532 0.307742 0.172926 0.00315847
6 0.247887 0.41435 0.184829 0.150096 0.00313167
6 0.323139 0.382095 0.258297 0.0828649 0.00230886
7 0.258136 0.366602 0.242555 0.102423 0.00226443
7 0.20199 0.358689 0.115668 0.0966266 0.00115173
