10 0.390414 0.413349 0.147135 0.0320041 0.542009
3 0.610714 0.606339 0.20465 0.152104 0.230704
11 0.637934 0.602985 0.106764 0.0730242 0.074874
11 0.650674 0.596562 0.0904672 0.0636256 0.0336739
11 0.828558 0.523706 0.0789789 0.0612775 0.0305444
11 0.639498 0.602844 0.0985764 0.0547965 0.0189254
11 0.790213 0.522287 0.0685223 0.0462096 0.0123089
11 0.656427 0.592354 0.0829048 0.046604 0.0113415
11 0.658268 0.583678 0.074633 0.0516402 0.00504616
3 0.700353 0.594574 0.137753 0.126855 0.0037734
11 0.802644 0.525073 0.0720898 0.0564019 0.00359901
11 0.27534 0.458682 0.045048 0.0534766 0.00341571
11 0.628334 0.613788 0.0878423 0.0676997 0.0034155
11 0.639398 0.621938 0.0799188 0.0590343 0.0030862
11 0.487363 0.446052 0.115569 0.0318929 0.002749
11 0.795465 0.485881 0.0536301 0.0719666 0.00249491
11 0.669531 0.594994 0.0834415 0.0410079 0.0022975
11 0.808867 0.487559 0.0430386 0.0750833 0.0022102
11 0.776256 0.516258 0.0701429 0.0409446 0.00157535
11 0.787707 0.482719 0.0744308 0.0646395 0.00150094
11 0.27227 0.466142 0.0444308 0.0519636 0.00146964
3 0.584557 0.432146 0.125524 0.0301321 0.00138462
11 0.657089 0.459424 0.0966254 0.0379349 0.00126738
11 0.649711 0.601623 0.0941393 0.0453675 0.00116188
11 0.851286 0.565341 0.0524335 0.0620798 0.00114912
11 0.810025 0.533244 0.0626733 0.0478659 0.00113577
11 0.8159 0.546926 0.052546 0.0414138 0.00102082
11 0.781594 0.529512 0.0524095 0.0604324 0.00101523
