1 0.651292 0.5769 0.20902 0.34195 0.949891
5 0.107095 0.549902 0.0789423 0.406313 0.946107
3 0.16013 0.460571 0.170692 0.231892 0.82137
5 0.182485 0.45309 0.109693 0.417636 0.235687
5 0.167017 0.486043 0.139242 0.484279 0.169687
5 0.190512 0.413413 0.0901384 0.335682 0.152902
5 0.15928 0.428105 0.154903 0.357516 0.0116966
2 0.41178 0.390826 0.491826 0.290229 0.0105119
5 0.198538 0.383077 0.0742558 0.277234 0.00523634
5 0.11509 0.500051 0.0668944 0.291341 0.002381
5 0.156567 0.461942 0.164276 0.233798 0.00113796
