9 0.583314 0.473501 0.273808 0.246778 0.938101
6 0.492788 0.556464 0.409113 0.0850923 0.779355
11 0.315079 0.165385 0.058444 0.065115 0.144698
6 0.495153 0.520949 0.416534 0.142558 0.0569475
6 0.490738 0.560794 0.402884 0.0579885 0.0462089
6 0.545619 0.483429 0.229805 0.21981 0.00589476
11 0.301829 0.15876 0.0879682 0.0725612 0.00396236
11 0.315299 0.156399 0.0663714 0.0422417 0.00202604
11 0.316211 0.16309 0.0733937 0.0523292 0.00179144
11 0.321326 0.170353 0.0440717 0.0547751 0.00175873
6 0.557152 0.534047 0.267021 0.140641 0.00118208
7 0.654478 0.547099 0.073696 0.056026 0.00110147
