2 0.714279 0.521467 0.344554 0.472326 0.954285
5 0.120206 0.726891 0.161605 0.308909 0.934125
5 0.621952 0.596109 0.160472 0.344795 0.885544
2 0.184934 0.709085 0.275629 0.225414 0.869725
5 0.642145 0.575539 0.11347 0.302415 0.803465
5 0.185912 0.709068 0.282666 0.235387 0.0453209
2 0.195847 0.717954 0.254956 0.167173 0.0410726
1 0.0937684 0.710278 0.0660331 0.243698 0.0153555
3 0.0967668 0.703888 0.07347 0.252177 0.00322245
5 0.139723 0.682836 0.10908 0.222836 0.00306227
1 0.105327 0.707536 0.107966 0.24215 0.00155629
5 0.647848 0.535812 0.101596 0.226468 0.00151634
1 0.0928447 0.727562 0.0951263 0.280452 0.00135585
5 0.629397 0.589309 0.104779 0.238542 0.00134657
1 0.0883519 0.687135 0.0619085 0.200049 0.00132417
2 0.086873 0.729715 0.0890172 0.276579 0.00108999
1 0.624059 0.589458 0.0925966 0.260887 0.001088
5 0.61071 0.624075 0.0876851 0.263293 0.00100608
