7 0.536533 0.722522 0.0376913 0.0425168 0.654387
7 0.353535 0.555094 0.0263592 0.062109 0.26952
7 0.56395 0.72133 0.0367893 0.0620156 0.106863
7 0.546414 0.717303 0.0463537 0.0529003 0.0549507
7 0.538199 0.716605 0.0444189 0.0498163 0.0337911
7 0.79793 0.382072 0.0328563 0.0759541 0.0227022
7 0.565714 0.741099 0.0407488 0.0992157 0.0115881
7 0.554606 0.720537 0.0566495 0.0557656 0.0108955
7 0.803963 0.380304 0.0442174 0.0716671 0.00978622
11 0.834739 0.519173 0.112772 0.143347 0.00807216
11 0.840526 0.48392 0.158861 0.202461 0.00739791
7 0.448257 0.694393 0.050248 0.0392552 0.00296952
7 0.415605 0.542041 0.0435216 0.0365041 0.00239646
7 0.815205 0.3713 0.0670138 0.0687097 0.00196171
11 0.837821 0.514601 0.144599 0.160246 0.00162151
7 0.402869 0.575251 0.0482249 0.0406659 0.00157794
7 0.44752 0.687715 0.054843 0.0559177 0.00156023
7 0.404634 0.580138 0.040727 0.0512896 0.00123894
7 0.400357 0.564912 0.050261 0.0456532 0.00100517
