8 0.569032 0.516819 0.522303 0.227256 0.931952
3 0.56945 0.423948 0.413692 0.136457 0.848545
11 0.717268 0.493889 0.126084 0.0748028 0.00843024
10 0.742989 0.50533 0.189682 0.0844857 0.00760016
11 0.555581 0.494035 0.19316 0.0481073 0.00687338
11 0.543869 0.467742 0.248613 0.077891 0.00537913
11 0.681688 0.49305 0.171468 0.0776146 0.00405273
10 0.680069 0.503827 0.319707 0.0896379 0.00374927
11 0.575112 0.489236 0.222665 0.0570038 0.00305448
11 0.548092 0.490077 0.128144 0.0400772 0.00221978
11 0.54684 0.50842 0.129615 0.0782402 0.00157412
10 0.665949 0.837112 0.347066 0.105099 0.00152967
11 0.654904 0.486099 0.203231 0.0868158 0.00137415
11 0.557586 0.503049 0.174525 0.0663058 0.00120525
11 0.590806 0.4777 0.241029 0.0773071 0.00105467
11 0.737924 0.501213 0.165042 0.0806732 0.00104439
