11 0.364821 0.444877 0.168559 0.0330978 0.503068
11 0.39053 0.446593 0.156312 0.027434 0.0922042
11 0.638414 0.449156 0.119515 0.0397184 0.0635949
11 0.615642 0.448034 0.156888 0.0425703 0.0626348
11 0.48796 0.442001 0.169798 0.0408546 0.0565255
11 0.443946 0.445574 0.179353 0.033656 0.0437815
11 0.590873 0.442436 0.148647 0.0399699 0.0425707
11 0.57204 0.455376 0.133559 0.0503158 0.028005
11 0.593699 0.470184 0.0753739 0.0326999 0.02029
11 0.578894 0.467441 0.096068 0.04204 0.0174848
11 0.598926 0.451927 0.152951 0.0503858 0.0163691
11 0.560035 0.442901 0.138899 0.0372774 0.0149932
11 0.57876 0.494396 0.0634757 0.0723116 0.0122903
11 0.591222 0.475142 0.0888412 0.0326986 0.0115861
11 0.58914 0.492235 0.0941778 0.0786611 0.0108789
11 0.537275 0.438912 0.132474 0.0332143 0.00896483
11 0.562352 0.438101 0.123194 0.0308686 0.00799256
3 0.422307 0.488378 0.259162 0.0767006 0.00739207
11 0.565192 0.448744 0.151509 0.0485776 0.00730376
11 0.627077 0.490457 0.100685 0.0669543 0.00524612
11 0.34305 0.450429 0.173266 0.0284155 0.00521293
11 0.510365 0.447153 0.175323 0.0475184 0.00516185
11 0.5985 0.460006 0.114005 0.0441564 0.0051144
11 0.617105 0.477354 0.114535 0.0333214 0.00489844
11 0.490849 0.451823 0.180875 0.0472899 0.00349004
11 0.619402 0.456288 0.129487 0.0491335 0.00343011
11 0.640947 0.456306 0.108022 0.055125 0.00334682
11 0.604349 0.470583 0.105159 0.0257774 0.0030401
11 0.666054 0.489068 0.0510476 0.056952 0.00302601
10 0.541844 0.494102 0.0763582 0.0798507 0.00261766
11 0.741984 0.658215 0.0466033 0.0685032 0.00260079
11 0.697408 0.656568 0.0597818 0.0736671 0.00245204
11 0.490327 0.435545 0.172849 0.0334217 0.00244683
11 0.579127 0.434827 0.127802 0.0282759 0.00235029
11 0.521627 0.453789 0.149986 0.0458414 0.00231537
11 0.570387 0.492216 0.0543623 0.0833809 0.00229
11 0.558704 0.464964 0.120142 0.0511225 0.00219207
11 0.190987 0.452462 0.051284 0.0667856 0.00218567
4 0.569708 0.491717 0.0547276 0.0835479 0.00165638
11 0.734566 0.665781 0.0536877 0.0899202 0.00153457
2 0.4887 0.0383342 0.9774 0.0766684 0.00141307
11 0.658203 0.474431 0.0686252 0.0641446 0.00137385
10 0.566237 0.493842 0.0507229 0.0794417 0.00137068
11 0.65147 0.487796 0.074585 0.0555897 0.00129134
11 0.627062 0.440778 0.143791 0.0364008 0.00119709
11 0.358171 0.458363 0.160297 0.0536153 0.00119632
10 0.531057 0.48752 0.0790263 0.0763312 0.00119032
11 0.535088 0.433898 0.115891 0.0289628 0.00108372
11 0.563269 0.432021 0.127452 0.0249528 0.00106346
11 0.661437 0.511216 0.0435338 0.0490944 0.00101443
