2 0.670687 0.390368 0.492038 0.49726 0.90267
1 0.589805 0.512557 0.513422 0.165565 0.772111
1 0.640332 0.448957 0.435792 0.116192 0.0262779
10 0.568551 0.434745 0.34389 0.0662757 0.0163814
1 0.665575 0.546823 0.323532 0.13147 0.0159381
1 0.63001 0.441183 0.497607 0.189853 0.0124708
1 0.616968 0.479809 0.48967 0.218981 0.0110464
1 0.634668 0.471074 0.43729 0.124559 0.00387113
4 0.575596 0.433544 0.366867 0.0723338 0.00363467
5 0.638294 0.447003 0.452042 0.236019 0.0028772
1 0.648806 0.528994 0.367269 0.135138 0.00216755
1 0.700448 0.517444 0.370678 0.094541 0.0017604
1 0.56109 0.482996 0.348966 0.197872 0.00106853
