9 0.73931 0.57728 0.255095 0.245883 0.92486
6 0.617236 0.505824 0.233335 0.2473 0.902921
6 0.672134 0.520485 0.101281 0.218128 0.128496
7 0.707674 0.594365 0.0708866 0.227572 0.0622718
6 0.679324 0.50047 0.0797534 0.246256 0.0229404
6 0.662016 0.510332 0.134883 0.197849 0.0156248
7 0.711541 0.620261 0.0641757 0.183605 0.0111302
6 0.705258 0.518171 0.164892 0.205518 0.00797087
6 0.666476 0.500066 0.0920973 0.305291 0.00681022
6 0.642888 0.496005 0.17072 0.203479 0.00530137
6 0.717288 0.623673 0.0794382 0.168764 0.00392858
6 0.676497 0.475821 0.102671 0.256492 0.0034961
7 0.694835 0.575547 0.0989492 0.265895 0.00308965
7 0.708422 0.638023 0.0724983 0.140656 0.00188562
6 0.690191 0.51467 0.0997298 0.208886 0.00156471
6 0.680795 0.57597 0.132278 0.265388 0.00139918
6 0.653964 0.518567 0.0941628 0.232314 0.00115065
6 0.645661 0.526329 0.255583 0.219774 0.00112082
