8 0.68926 0.529804 0.418 0.332242 0.963395
11 0.74356 0.304843 0.223869 0.112622 0.466155
11 0.479058 0.273277 0.343802 0.111349 0.103282
11 0.543414 0.28114 0.176244 0.08427 0.0217951
11 0.41627 0.279521 0.225365 0.0852188 0.0196328
11 0.523745 0.273609 0.227927 0.114117 0.0190611
11 0.717948 0.294761 0.185411 0.107331 0.0138339
11 0.630801 0.291774 0.180438 0.0985721 0.00756235
11 0.596725 0.28805 0.154757 0.0967554 0.00545104
11 0.679871 0.302607 0.278171 0.117491 0.0042486
11 0.761513 0.331168 0.209735 0.0803828 0.00248996
11 0.770389 0.319726 0.230707 0.0921624 0.00230473
11 0.558668 0.280876 0.233718 0.108387 0.00190435
11 0.640876 0.296198 0.231226 0.114704 0.0016849
11 0.426807 0.269451 0.263303 0.0875854 0.00134
