11 0.658621 0.501836 0.0805121 0.0531883 0.106725
10 0.166186 0.762828 0.0982509 0.0446803 0.0964926
11 0.388186 0.598941 0.0621448 0.106152 0.0125222
10 0.149315 0.764927 0.12641 0.0456996 0.0101304
11 0.385987 0.507999 0.0512329 0.101807 0.00567397
11 0.39323 0.520567 0.0421006 0.121177 0.00296041
11 0.658306 0.489753 0.0759903 0.0539461 0.00234963
11 0.385921 0.581414 0.0589851 0.106235 0.00232791
11 0.609203 0.27824 0.141216 0.0455581 0.00120328
11 0.628862 0.745242 0.0318378 0.127692 0.00107008
