4 0.295954 0.52251 0.183371 0.278008 0.873686
8 0.421978 0.522129 0.294083 0.26631 0.828392
10 0.598852 0.52637 0.430542 0.39814 0.780517
3 0.316612 0.685291 0.201612 0.227509 0.700467
3 0.338255 0.673981 0.154734 0.217498 0.584799
10 0.398964 0.71302 0.415256 0.143717 0.0695292
10 0.441632 0.719535 0.314617 0.144252 0.0113585
10 0.433381 0.641147 0.302993 0.255855 0.00481474
10 0.449102 0.748663 0.264047 0.0996386 0.00479828
10 0.444575 0.731968 0.283825 0.108555 0.00394444
4 0.111238 0.588839 0.0585295 0.176078 0.00363942
10 0.229092 0.532151 0.0886969 0.242492 0.00194336
3 0.248823 0.641765 0.158487 0.215114 0.00159029
8 0.375406 0.408989 0.355301 0.127374 0.00155452
10 0.403073 0.776093 0.167614 0.0448127 0.00110287
