3 0.106847 0.388252 0.0711005 0.12699 0.879983
3 0.181608 0.394009 0.0753712 0.0962086 0.822737
3 0.642399 0.731091 0.0572058 0.0661261 0.162235
11 0.760838 0.347737 0.0335369 0.0315891 0.0359927
11 0.768599 0.346032 0.0331883 0.0296072 0.0250402
11 0.786686 0.34753 0.0372191 0.029337 0.0116973
11 0.716986 0.412411 0.0159446 0.0654288 0.0112157
3 0.124573 0.588668 0.056838 0.180781 0.00958033
11 0.760615 0.357141 0.0294793 0.0346026 0.0087741
11 0.774375 0.343403 0.0376571 0.0247878 0.00821025
11 0.780934 0.34535 0.0415074 0.0273467 0.00808013
11 0.742389 0.341481 0.0375384 0.0285792 0.00799872
11 0.765406 0.352644 0.0297716 0.0378583 0.00622524
11 0.488612 0.335476 0.0465298 0.0280781 0.00613076
11 0.77406 0.328118 0.0395184 0.0214082 0.00605684
11 0.801722 0.348139 0.0287281 0.0356142 0.00534781
11 0.848224 0.358236 0.0198053 0.0545829 0.00477858
3 0.66239 0.763829 0.0929737 0.0831502 0.00462907
3 0.662996 0.750741 0.0867971 0.0586281 0.00458106
3 0.691523 0.766329 0.0325191 0.0765671 0.00453241
11 0.827473 0.34781 0.0238841 0.0491233 0.00450731
11 0.853358 0.355098 0.0244253 0.0520353 0.00439331
11 0.855522 0.349875 0.0243886 0.0474035 0.00410706
11 0.846022 0.364914 0.017291 0.0551471 0.00389573
11 0.772735 0.349825 0.0347611 0.0319847 0.00383548
11 0.808251 0.357202 0.0236408 0.0308552 0.00342261
11 0.485226 0.346507 0.0468042 0.0409179 0.0034102
11 0.833455 0.348879 0.0193803 0.0586177 0.0033033
11 0.854052 0.436319 0.0337626 0.0174643 0.00330002
11 0.716737 0.433246 0.0156441 0.061358 0.00316123
11 0.819697 0.563208 0.0180553 0.0463212 0.0031221
11 0.751209 0.36054 0.0329493 0.0294623 0.00299467
11 0.455135 0.418756 0.0404798 0.0232432 0.00292372
11 0.779645 0.326498 0.0395044 0.019231 0.00263472
11 0.829499 0.360323 0.0215664 0.0452695 0.00258364
11 0.829076 0.373606 0.023475 0.0495721 0.00256481
11 0.835113 0.36941 0.0196295 0.0521021 0.00242871
11 0.754447 0.329774 0.0362978 0.0291751 0.00239035
11 0.833341 0.360361 0.02072 0.052473 0.00237872
11 0.691919 0.378543 0.0227923 0.088147 0.00229228
11 0.736646 0.359168 0.0310969 0.0300285 0.00219802
11 0.826976 0.362726 0.0228396 0.0384793 0.00198634
11 0.463715 0.417261 0.046507 0.0231008 0.00195707
11 0.844429 0.309203 0.0333804 0.0249275 0.00178894
11 0.850596 0.351022 0.0265217 0.0532114 0.00175679
11 0.856615 0.540586 0.0235389 0.0380564 0.00163638
11 0.428923 0.449973 0.0269181 0.045462 0.00155768
11 0.71865 0.364414 0.0189893 0.0486179 0.00155433
11 0.696528 0.365378 0.0189524 0.0628318 0.00155311
3 0.651855 0.745028 0.0757948 0.0705063 0.00154607
11 0.827806 0.38498 0.0249866 0.0565653 0.00153642
10 0.717759 0.384335 0.0170562 0.050985 0.00150309
11 0.734115 0.335268 0.0315517 0.041885 0.00146097
11 0.847283 0.5388 0.0292966 0.0333618 0.00143154
11 0.490697 0.324852 0.0430055 0.0204008 0.00138698
11 0.81445 0.379322 0.0244093 0.0372681 0.00136499
11 0.837342 0.310916 0.033488 0.0266582 0.00132645
11 0.79746 0.37452 0.0320757 0.0345441 0.00126135
11 0.796521 0.572305 0.0138572 0.0684583 0.00125897
3 0.696471 0.770949 0.0226105 0.0815692 0.00122274
11 0.698541 0.371189 0.017286 0.0694639 0.00119847
11 0.710014 0.406173 0.0224164 0.0660588 0.00119093
11 0.756103 0.375696 0.0285384 0.0377888 0.00118148
11 0.705205 0.392594 0.0154662 0.0697235 0.00117476
11 0.198671 0.46877 0.0279844 0.0519533 0.00116499
11 0.447008 0.422019 0.0356035 0.0314999 0.00116275
11 0.69344 0.368807 0.0200704 0.0781676 0.00114263
11 0.467744 0.414098 0.0475104 0.0223522 0.00111811
11 0.833317 0.558665 0.040339 0.0340253 0.0010869
11 0.786297 0.326925 0.0366808 0.0215251 0.0010795
11 0.432963 0.44433 0.0307193 0.0444159 0.00107386
11 0.799611 0.537615 0.0212148 0.0399703 0.00107045
11 0.803837 0.572869 0.0163466 0.0669368 0.00103985
11 0.492558 0.339297 0.0418301 0.0301176 0.0010232
11 0.704203 0.417014 0.0225054 0.0678707 0.00100652
