4 0.512349 0.651839 0.45653 0.395521 0.90983
3 0.694631 0.744265 0.331794 0.288063 0.868574
8 0.61505 0.601006 0.444929 0.267386 0.841917
3 0.535351 0.58865 0.426374 0.268326 0.050177
4 0.626821 0.723194 0.314594 0.255079 0.0376678
8 0.624709 0.705284 0.433098 0.243309 0.0159729
3 0.427814 0.579165 0.314285 0.248478 0.0149504
8 0.601915 0.648718 0.466502 0.23935 0.0074387
9 0.661492 0.497813 0.309869 0.208396 0.00372432
11 0.29127 0.689596 0.219262 0.164042 0.00256069
4 0.483633 0.59177 0.394147 0.266799 0.00238962
4 0.666035 0.729279 0.351521 0.19247 0.00233725
11 0.630178 0.679814 0.237995 0.126515 0.0020292
11 0.829126 0.995625 0.124726 0.00874949 0.00159722
8 0.587326 0.614011 0.230875 0.217677 0.00129383
8 0.56084 0.693892 0.490323 0.313961 0.001213
