1 0.631703 0.618184 0.0839105 0.192178 0.767105
1 0.71629 0.67546 0.265562 0.265652 0.711584
1 0.752937 0.774 0.108603 0.202012 0.11437
1 0.6917 0.722533 0.184539 0.184395 0.0142807
1 0.631074 0.588023 0.0986737 0.198946 0.00918975
1 0.64796 0.694669 0.111245 0.201959 0.00440319
5 0.758441 0.736284 0.119986 0.166791 0.00391866
1 0.615219 0.57867 0.0646986 0.190452 0.00329895
1 0.757731 0.567293 0.0909576 0.169662 0.00292745
1 0.664087 0.713614 0.126851 0.190615 0.00288805
5 0.699107 0.635275 0.183957 0.0928929 0.00284831
5 0.781477 0.639706 0.131947 0.116973 0.00203378
5 0.757687 0.570566 0.105485 0.181389 0.0018875
1 0.63308 0.678712 0.111936 0.206945 0.00146501
5 0.771707 0.566615 0.0925171 0.166192 0.00136748
1 0.659643 0.717586 0.0876444 0.174873 0.0010374
