1 0.421111 0.684121 0.129658 0.149112 0.527592
1 0.439186 0.694735 0.100743 0.157143 0.0371838
1 0.449547 0.715349 0.0963114 0.129472 0.0312514
5 0.0118141 0.851337 0.0236282 0.295188 0.0136569
1 0.415178 0.703457 0.125515 0.134931 0.0106921
1 0.444523 0.683009 0.142584 0.178289 0.00883564
5 0.95971 0.809393 0.0805792 0.356998 0.00451263
1 0.404217 0.666919 0.120364 0.085825 0.00443281
1 0.178448 0.761168 0.0967916 0.117837 0.00300052
1 0.180171 0.772177 0.159479 0.179869 0.00286999
5 0.166034 0.750847 0.129617 0.128378 0.00154208
5 0.109594 0.822775 0.0433506 0.142788 0.00152954
1 0.832513 0.715656 0.115741 0.120364 0.00142113
1 0.445073 0.720128 0.141532 0.120974 0.00140188
1 0.411573 0.709201 0.108554 0.109025 0.00139536
4 0.435144 0.581286 0.120287 0.0585833 0.00131824
10 0.829577 0.715235 0.114691 0.123106 0.00105566
1 0.426754 0.676248 0.0996471 0.138827 0.00105216
1 0.426887 0.670513 0.115205 0.107866 0.00101236
