1 0.420298 0.767286 0.199239 0.175499 0.840283
1 0.306047 0.774227 0.167473 0.123479 0.763196
1 0.400308 0.751903 0.311638 0.166588 0.576977
1 0.432012 0.812587 0.231913 0.15803 0.536231
5 0.766471 0.843566 0.120374 0.165342 0.447935
1 0.414845 0.775231 0.273233 0.206379 0.317829
1 0.339753 0.756267 0.119911 0.162555 0.315153
1 0.406508 0.753663 0.180689 0.136877 0.253704
1 0.335228 0.763935 0.178037 0.132441 0.150132
1 0.380233 0.760204 0.17531 0.13744 0.11633
1 0.341853 0.730082 0.18115 0.132714 0.0356289
5 0.429958 0.819918 0.200689 0.147345 0.011236
5 0.421709 0.75401 0.169506 0.133784 0.011178
5 0.295588 0.768231 0.110267 0.112195 0.0108019
1 0.390518 0.730316 0.243913 0.120323 0.00726609
1 0.358663 0.787189 0.257347 0.103451 0.00611748
1 0.770619 0.848585 0.123414 0.165111 0.00545456
5 0.734372 0.838026 0.083171 0.155449 0.00543612
1 0.476847 0.822922 0.167711 0.142186 0.00427243
1 0.336272 0.752537 0.0845696 0.161298 0.00349786
1 0.534847 0.818771 0.122741 0.126897 0.00312554
1 0.307828 0.767808 0.12426 0.114372 0.00303292
5 0.417451 0.82497 0.247286 0.120555 0.00300534
1 0.446695 0.829926 0.225474 0.132626 0.00289831
5 0.5228 0.819248 0.115815 0.120631 0.00288662
2 0.413763 0.0648053 0.827527 0.129611 0.00267075
1 0.366697 0.764642 0.140026 0.165501 0.00244211
1 0.445923 0.719797 0.417911 0.157417 0.00192607
5 0.469087 0.750384 0.0988094 0.136039 0.001882
2 0.442694 0.516043 0.787046 0.165079 0.00140777
5 0.57378 0.841993 0.112106 0.161029 0.00125648
1 0.639016 0.74258 0.181813 0.124224 0.00114389
2 0.498615 0.0523329 0.930945 0.10438 0.00103039
