1 0.288176 0.271543 0.084993 0.193178 0.863367
1 0.201285 0.449118 0.163556 0.135483 0.729467
1 0.80705 0.284752 0.101855 0.0572026 0.0177688
1 0.799015 0.373975 0.0848225 0.073002 0.0126036
1 0.813337 0.386874 0.0945285 0.0946588 0.00969468
1 0.279713 0.232063 0.0743522 0.117774 0.00676705
1 0.812427 0.377451 0.0738289 0.0726855 0.00484516
1 0.266205 0.231663 0.0775493 0.110869 0.00313623
4 0.382687 0.394125 0.0314122 0.0859533 0.00308414
5 0.804379 0.374878 0.0791607 0.0733062 0.00221457
1 0.811145 0.276053 0.0881093 0.0487182 0.00168501
1 0.219372 0.424957 0.184731 0.156411 0.00121878
1 0.817201 0.388123 0.0817666 0.0574283 0.00117484
1 0.791444 0.282353 0.103649 0.0580737 0.00114059
5 0.272171 0.232206 0.0704962 0.113377 0.00112391
