5 0.7336 0.524237 0.260012 0.475509 0.818288
10 0.436316 0.632461 0.440698 0.417913 0.79454
5 0.791704 0.636772 0.356707 0.274235 0.713186
1 0.794508 0.664826 0.331985 0.305378 0.603225
6 0.844323 0.618501 0.203309 0.245806 0.419462
5 0.775511 0.562909 0.3381 0.40217 0.367428
10 0.785849 0.523954 0.335847 0.463063 0.246075
10 0.806503 0.632256 0.379513 0.26109 0.167707
6 0.845328 0.638497 0.25172 0.243946 0.0526911
10 0.792115 0.587266 0.356577 0.333753 0.0395413
10 0.780103 0.494697 0.231523 0.415253 0.0301473
5 0.761231 0.60778 0.286697 0.212292 0.0222278
6 0.852881 0.605573 0.153268 0.202229 0.0103351
10 0.745053 0.593342 0.293973 0.143304 0.00983714
1 0.771463 0.753415 0.261417 0.139369 0.00866206
10 0.766897 0.604722 0.29776 0.208011 0.00763458
6 0.814763 0.636753 0.261276 0.342143 0.00733007
10 0.725694 0.567718 0.219082 0.112962 0.00731747
10 0.822176 0.644293 0.212822 0.290085 0.00674961
5 0.793918 0.669585 0.303998 0.295978 0.00478873
5 0.709402 0.55431 0.168137 0.101629 0.00453124
10 0.730956 0.612975 0.268544 0.149297 0.00358577
5 0.704787 0.538365 0.158894 0.0710134 0.00335002
1 0.869332 0.691462 0.225305 0.162625 0.00331594
10 0.670123 0.505856 0.191851 0.126302 0.00328495
5 0.745593 0.58451 0.252705 0.167238 0.00325534
10 0.694474 0.518357 0.146599 0.09979 0.00314229
1 0.832262 0.642164 0.261507 0.204372 0.00267631
10 0.832751 0.588552 0.223536 0.185612 0.00246912
10 0.825583 0.592934 0.21813 0.273908 0.00221812
10 0.721429 0.513371 0.211479 0.110579 0.00217626
10 0.789795 0.576267 0.273221 0.176509 0.0019735
10 0.644026 0.4798 0.209114 0.193311 0.00195859
10 0.710101 0.643453 0.317174 0.215861 0.00174167
10 0.732842 0.508853 0.243669 0.407455 0.00163619
6 0.813484 0.618476 0.28788 0.226423 0.001594
10 0.723333 0.532444 0.272394 0.309523 0.00143886
10 0.764976 0.471581 0.315893 0.379126 0.00119993
10 0.821419 0.545015 0.245459 0.177438 0.00103068
