1 0.766907 0.443831 0.10721 0.155281 0.792458
1 0.746806 0.42482 0.148717 0.245037 0.60269
1 0.808625 0.40072 0.104578 0.232213 0.34661
5 0.827165 0.460141 0.0951862 0.181216 0.259874
4 0.342292 0.586325 0.135705 0.101283 0.218919
1 0.754485 0.454716 0.0802409 0.161911 0.162177
1 0.781781 0.432938 0.14717 0.170592 0.108542
5 0.750441 0.455327 0.141213 0.204232 0.0610303
1 0.812842 0.433594 0.0596423 0.167457 0.0386103
5 0.816865 0.418282 0.11304 0.236012 0.0189861
1 0.798928 0.368948 0.0975336 0.170291 0.0125465
1 0.772188 0.420579 0.11139 0.155157 0.0115992
5 0.8325 0.480641 0.091692 0.143892 0.00970059
1 0.752733 0.430615 0.0955662 0.166045 0.00534683
4 0.354157 0.584886 0.10085 0.0865858 0.0045527
1 0.791725 0.424968 0.10162 0.173584 0.00406424
1 0.76032 0.476141 0.0787794 0.167216 0.00294653
4 0.328703 0.596629 0.107402 0.0745856 0.0025954
5 0.83195 0.481739 0.0843973 0.101494 0.00255976
1 0.794067 0.405084 0.10264 0.254069 0.00222004
5 0.742146 0.366543 0.112664 0.138412 0.00190083
5 0.832896 0.485292 0.0823327 0.0664608 0.00189008
1 0.796078 0.412381 0.0785847 0.197983 0.00176558
1 0.750056 0.455273 0.115468 0.160957 0.00143171
1 0.736815 0.418174 0.129926 0.197204 0.00125787
1 0.764827 0.358287 0.0988783 0.144761 0.00124337
4 0.221352 0.252227 0.0548602 0.0448219 0.00108453
