1 0.367121 0.559558 0.0687375 0.315111 0.582793
10 0.712121 0.430508 0.0815333 0.519563 0.349532
10 0.692732 0.540766 0.14131 0.754649 0.13912
10 0.724504 0.318805 0.0637626 0.294748 0.0592019
10 0.701525 0.4689 0.103468 0.600815 0.0456422
10 0.719516 0.270344 0.0574668 0.189855 0.0150188
4 0.614769 0.784225 0.0283919 0.106735 0.0116378
10 0.723326 0.395683 0.0731748 0.45733 0.00348607
2 0.893165 0.541845 0.212881 0.737439 0.00227602
11 0.60926 0.424844 0.0426125 0.155979 0.00180721
10 0.614408 0.776391 0.0281937 0.0940418 0.00155561
