5 0.206284 0.619541 0.215498 0.321963 0.940928
1 0.213027 0.359017 0.338186 0.225702 0.926921
10 0.434543 0.542227 0.474783 0.51645 0.851933
6 0.644256 0.649927 0.204676 0.239906 0.834588
5 0.226732 0.546789 0.347525 0.375022 0.0395431
10 0.376004 0.491538 0.329988 0.489853 0.0270085
10 0.247803 0.527252 0.390853 0.368618 0.0131498
1 0.227871 0.518871 0.324644 0.249551 0.0106822
6 0.219995 0.387798 0.339162 0.187737 0.00726739
10 0.326449 0.498479 0.316377 0.40765 0.00691629
10 0.458799 0.519183 0.124471 0.51423 0.00596762
10 0.423636 0.510816 0.170499 0.511414 0.00592259
10 0.400606 0.496556 0.234554 0.50905 0.00325657
5 0.248813 0.500505 0.393433 0.329619 0.0030575
6 0.965029 0.528768 0.069942 0.263449 0.00196268
6 0.967953 0.588924 0.0639473 0.130143 0.00125855
10 0.37428 0.501909 0.262903 0.423737 0.00102208
