1 0.299435 0.329222 0.406404 0.161168 0.918479
1 0.61733 0.762867 0.231278 0.188603 0.481606
1 0.383597 0.8108 0.363385 0.16855 0.289306
1 0.425585 0.790042 0.344836 0.197129 0.043046
1 0.49657 0.753278 0.255478 0.177327 0.0188547
1 0.582241 0.786472 0.15879 0.130071 0.00684235
5 0.925103 0.828489 0.149795 0.339341 0.00489202
5 0.281259 0.32328 0.387552 0.147229 0.003143
1 0.549802 0.752332 0.247333 0.162419 0.00240641
1 0.343813 0.819365 0.299771 0.138528 0.00145802
1 0.579715 0.769216 0.214497 0.17777 0.001183
