1 0.563144 0.664719 0.220821 0.228986 0.789744
1 0.610325 0.691866 0.395555 0.212856 0.395846
1 0.622709 0.682246 0.393502 0.15682 0.118049
1 0.615528 0.694198 0.323895 0.132028 0.0626116
1 0.625946 0.646701 0.31239 0.176873 0.0346039
1 0.670601 0.689866 0.319593 0.184438 0.0185027
5 0.286585 0.523595 0.145918 0.220754 0.00878643
5 0.588899 0.774749 0.239024 0.113562 0.00730492
5 0.527869 0.702255 0.202161 0.203345 0.00601572
5 0.280613 0.47304 0.16103 0.298082 0.00568853
1 0.715797 0.69558 0.245265 0.148861 0.00532092
1 0.649817 0.674416 0.305375 0.120419 0.00388239
5 0.287565 0.586527 0.151878 0.186271 0.00265249
5 0.309096 0.634358 0.152064 0.0910065 0.00249828
1 0.557053 0.674124 0.268885 0.187283 0.0023927
5 0.297349 0.537284 0.0968511 0.159781 0.00232375
1 0.501282 0.691991 0.314814 0.0699509 0.00196542
1 0.522093 0.697941 0.339465 0.104421 0.00182743
1 0.520408 0.725749 0.199216 0.189254 0.00159354
1 0.569789 0.702825 0.260417 0.153204 0.00133311
5 0.318873 0.64363 0.170376 0.0680935 0.00132372
5 0.672249 0.661943 0.249073 0.119251 0.00125038
1 0.688644 0.65339 0.294403 0.194937 0.00122681
1 0.600038 0.667194 0.287182 0.188502 0.00114169
5 0.29377 0.506988 0.0970937 0.186272 0.00101022
