5 0.219115 0.806508 0.272899 0.0868321 0.903343
1 0.691466 0.211156 0.200201 0.187583 0.844709
1 0.879236 0.275412 0.092684 0.147349 0.812382
1 0.161384 0.67987 0.103338 0.165066 0.642195
1 0.713876 0.219819 0.163996 0.162303 0.37303
1 0.743536 0.298955 0.111871 0.152053 0.265115
1 0.163733 0.701126 0.117305 0.133974 0.0875593
1 0.172502 0.660721 0.121365 0.167311 0.068978
1 0.159027 0.649441 0.128865 0.198311 0.0478923
5 0.109649 0.73108 0.0668339 0.167716 0.0354652
1 0.120389 0.662693 0.0972021 0.139818 0.0178538
1 0.179713 0.637143 0.158943 0.189892 0.0151271
1 0.729369 0.236787 0.1492 0.190701 0.00701773
1 0.146416 0.649546 0.122557 0.130025 0.00565919
1 0.191745 0.613463 0.144837 0.179165 0.00541151
1 0.171178 0.626425 0.119057 0.174924 0.00467379
1 0.729457 0.268059 0.15967 0.110356 0.00466152
1 0.161272 0.689116 0.0940191 0.126179 0.00432221
5 0.74135 0.303145 0.103286 0.138338 0.00310555
5 0.111006 0.665454 0.0859312 0.122611 0.00267723
1 0.730203 0.294957 0.157174 0.131786 0.00221766
1 0.132602 0.658521 0.140623 0.198062 0.00199415
1 0.744484 0.21983 0.115387 0.16878 0.00191607
5 0.13272 0.724332 0.105408 0.195839 0.00166447
1 0.109586 0.677294 0.0853122 0.161129 0.00157068
1 0.662863 0.248188 0.18003 0.231167 0.00144891
5 0.287772 0.822402 0.133629 0.0498711 0.00127375
5 0.116806 0.74166 0.0874387 0.148658 0.0012615
5 0.140716 0.669358 0.118393 0.199793 0.00125409
5 0.0373283 0.839489 0.0746566 0.299719 0.0012298
1 0.880396 0.261105 0.0774559 0.127192 0.00122919
1 0.159522 0.660299 0.123025 0.130913 0.00114704
1 0.733961 0.215612 0.124359 0.137614 0.00110786
5 0.119658 0.70399 0.122346 0.196234 0.0010642
1 0.113872 0.657596 0.0816412 0.115779 0.00102472
