6 0.157467 0.748015 0.28559 0.281405 0.912936
10 0.512173 0.533393 0.704615 0.317788 0.865598
5 0.315551 0.872862 0.410044 0.194037 0.609439
5 0.404368 0.874147 0.615262 0.193637 0.507669
5 0.458113 0.913795 0.436336 0.102144 0.504297
5 0.328502 0.854896 0.358449 0.154922 0.449336
10 0.676646 0.674712 0.505384 0.245671 0.441205
10 0.40106 0.860868 0.612155 0.17354 0.282694
10 0.63557 0.743053 0.580015 0.273946 0.250537
5 0.408393 0.855581 0.448567 0.155027 0.166787
6 0.764689 0.704734 0.333954 0.239166 0.152913
10 0.488232 0.908633 0.472668 0.0773979 0.147922
10 0.427042 0.902014 0.581895 0.0898986 0.137972
5 0.494927 0.843715 0.518268 0.0722447 0.0786573
1 0.317282 0.888498 0.441958 0.162386 0.0744707
5 0.473366 0.907149 0.573398 0.0946313 0.0542293
10 0.538431 0.752899 0.707309 0.294923 0.03425
10 0.464654 0.919436 0.516891 0.0673374 0.0257957
5 0.436563 0.880764 0.411317 0.1313 0.0253833
10 0.514072 0.845494 0.484582 0.0732812 0.0245867
10 0.430688 0.854279 0.571008 0.126598 0.0155884
5 0.429681 0.852931 0.521902 0.115972 0.0150216
5 0.471157 0.789977 0.484036 0.073811 0.0141176
5 0.481213 0.802242 0.504355 0.0652153 0.013847
5 0.472248 0.931483 0.587315 0.0883756 0.0116682
5 0.282685 0.890436 0.297882 0.0968644 0.00818161
10 0.668623 0.639757 0.479524 0.197958 0.00751924
10 0.544926 0.835759 0.541105 0.0590883 0.00666096
10 0.489796 0.936694 0.478951 0.104688 0.00598406
10 0.600955 0.792204 0.548201 0.118522 0.00595857
10 0.554829 0.873267 0.355744 0.119839 0.00440038
10 0.469368 0.834006 0.536128 0.168575 0.00417691
10 0.313781 0.851173 0.398199 0.147385 0.00407857
10 0.590614 0.828246 0.47682 0.157624 0.00401536
6 0.36896 0.872009 0.25979 0.0911696 0.00363183
5 0.489732 0.873586 0.569351 0.0613042 0.00348662
10 0.581881 0.832462 0.520669 0.088643 0.00330346
10 0.492643 0.884184 0.468193 0.0582482 0.00284826
10 0.610193 0.863969 0.450857 0.138822 0.00270719
5 0.468296 0.986639 0.451612 0.0267228 0.00262968
5 0.209812 0.888647 0.285731 0.106041 0.00256452
5 0.376468 0.887749 0.473892 0.151576 0.00227841
10 0.49976 0.783876 0.432654 0.0807686 0.00219314
10 0.459414 0.885139 0.525525 0.108968 0.00214203
5 0.440562 0.856367 0.300967 0.0689303 0.00196717
10 0.483653 0.815274 0.466598 0.101507 0.00189119
10 0.487733 0.525084 0.49702 0.200255 0.00139786
10 0.611868 0.768095 0.539679 0.146419 0.00137827
1 0.765608 0.704926 0.345095 0.242501 0.00137626
6 0.98164 0.504795 0.0367207 0.320024 0.00135968
6 0.321821 0.872332 0.260749 0.0853054 0.00133043
