10 0.293061 0.643264 0.452592 0.320743 0.95411
6 0.191602 0.491545 0.108703 0.148742 0.910137
6 0.0964873 0.44023 0.0403099 0.185318 0.84106
10 0.295441 0.738479 0.425458 0.141478 0.537251
10 0.297809 0.710037 0.401695 0.208135 0.470605
10 0.25181 0.727897 0.347208 0.168619 0.400775
10 0.303098 0.783326 0.409006 0.138213 0.225101
10 0.302877 0.811008 0.41481 0.101708 0.0794892
10 0.241819 0.732793 0.340827 0.119832 0.00795861
10 0.279599 0.819608 0.415989 0.147879 0.00687025
10 0.268475 0.656001 0.351899 0.221798 0.00601387
10 0.229773 0.709735 0.269037 0.0745202 0.00249009
10 0.242006 0.700002 0.326778 0.183099 0.00213505
10 0.261646 0.669445 0.345527 0.159741 0.00178647
10 0.2265 0.694437 0.240994 0.124395 0.00127592
10 0.299006 0.743534 0.274372 0.086934 0.00111359
6 0.967123 0.357788 0.0657539 0.33444 0.00100974
