10 0.0440902 0.646558 0.0879561 0.188801 0.589536
10 0.0450952 0.677435 0.0901905 0.138855 0.10584
10 0.0427292 0.684797 0.0854584 0.0955361 0.0477777
10 0.0301729 0.64847 0.0602141 0.146202 0.0105262
6 0.0437687 0.705545 0.0874307 0.160132 0.00680893
10 0.0129631 0.642246 0.0259261 0.141987 0.00447614
6 0.00756699 0.625843 0.015134 0.217342 0.00383501
6 0.0132256 0.631752 0.0258546 0.222097 0.00374597
6 0.00799361 0.603483 0.0159872 0.156981 0.00331225
6 0.0122098 0.609338 0.0240587 0.155797 0.00322487
10 0.0148004 0.551136 0.0296008 0.356059 0.00277112
10 0.0126781 0.360941 0.0253562 0.393987 0.00270001
10 0.0127618 0.494472 0.0255236 0.407646 0.00249949
10 0.0488796 0.616207 0.0977591 0.255741 0.00239178
10 0.0380539 0.666515 0.0760991 0.104249 0.00238461
6 0.00650667 0.395494 0.0130133 0.215584 0.00184699
10 0.0455298 0.702369 0.0905896 0.115239 0.001681
6 0.00811489 0.555377 0.0162298 0.180082 0.00159898
6 0.0119336 0.398413 0.0237731 0.223257 0.00149908
6 0.0120787 0.566384 0.0239044 0.155976 0.00144257
6 0.0362264 0.700165 0.0724513 0.216074 0.00120932
6 0.0156392 0.184222 0.0312783 0.271893 0.00113286
