6 0.809033 0.420059 0.315997 0.260119 0.885341
10 0.911397 0.491181 0.0720107 0.716782 0.869905
6 0.806591 0.285993 0.157695 0.312502 0.608005
6 0.840135 0.339595 0.202165 0.419836 0.225549
6 0.805599 0.245432 0.149144 0.22965 0.0660909
6 0.867878 0.382692 0.135981 0.367179 0.0370051
6 0.818413 0.35363 0.191507 0.313942 0.018224
10 0.901743 0.361179 0.0568965 0.477417 0.0174227
6 0.84814 0.348723 0.140772 0.413752 0.0159752
6 0.866564 0.407033 0.174183 0.320183 0.0107337
6 0.824817 0.440929 0.217339 0.230362 0.00799045
10 0.855369 0.358319 0.143112 0.469658 0.0056323
10 0.855096 0.340426 0.10637 0.445224 0.00321926
6 0.836802 0.41178 0.169503 0.324378 0.00272789
10 0.986077 0.594797 0.0274137 0.576441 0.00249638
6 0.987114 0.62563 0.0251884 0.391706 0.00198641
6 0.99425 0.630346 0.0115003 0.38717 0.00190851
6 0.841973 0.423151 0.118152 0.385889 0.00164428
10 0.994379 0.682648 0.0112422 0.378681 0.00138741
6 0.845727 0.499416 0.240967 0.212484 0.00136309
10 0.980036 0.610439 0.0388762 0.503263 0.00109324
10 0.987016 0.501454 0.0257593 0.664178 0.00104988
