1 0.748668 0.817673 0.183596 0.120656 0.686139
1 0.655889 0.816406 0.195907 0.0939881 0.596249
5 0.791749 0.770788 0.195129 0.0955614 0.361812
1 0.663069 0.833313 0.204886 0.128674 0.239345
1 0.710423 0.81249 0.193984 0.0815629 0.155082
1 0.70415 0.792318 0.201404 0.113546 0.14424
1 0.747135 0.829039 0.137018 0.10388 0.113217
1 0.734839 0.771461 0.249659 0.153532 0.0618422
1 0.724548 0.806128 0.209511 0.124842 0.0479384
4 0.843671 0.762652 0.0987587 0.0348969 0.0393945
1 0.776373 0.759899 0.183828 0.0872604 0.0365021
1 0.771245 0.739886 0.279006 0.164215 0.0359324
1 0.755093 0.773694 0.193442 0.119642 0.032979
1 0.653242 0.810666 0.158575 0.0774263 0.0215343
1 0.674832 0.806277 0.180251 0.0910209 0.0203545
1 0.795111 0.829386 0.203826 0.086861 0.0162881
5 0.833286 0.762431 0.120536 0.0350843 0.0152931
4 0.837244 0.770735 0.121768 0.0389768 0.0152081
1 0.683827 0.80904 0.186209 0.139438 0.0151479
1 0.750301 0.807863 0.211614 0.089033 0.0146065
1 0.778872 0.741636 0.189032 0.0932582 0.0143791
1 0.710186 0.821269 0.215687 0.104981 0.0130457
5 0.799435 0.782522 0.171699 0.0684823 0.0117133
5 0.82012 0.841716 0.0780648 0.074618 0.0107913
1 0.70759 0.802724 0.168156 0.0703751 0.0103053
1 0.78917 0.816983 0.241746 0.0852378 0.00989558
4 0.705141 0.791371 0.207689 0.110119 0.0075767
1 0.676049 0.780459 0.14741 0.0870411 0.00733087
5 0.68242 0.819916 0.208752 0.0983276 0.0066611
1 0.675558 0.770461 0.13523 0.0650846 0.00635516
1 0.769505 0.737899 0.226316 0.11791 0.00627629
1 0.766851 0.750982 0.1551 0.0876574 0.00577488
1 0.75459 0.786173 0.19144 0.0835126 0.00547703
1 0.760457 0.839606 0.124351 0.0982593 0.0052768
5 0.810468 0.76574 0.163994 0.0349529 0.00514215
5 0.736532 0.802685 0.20065 0.107864 0.00484733
4 0.831795 0.759396 0.124727 0.0402751 0.00480822
1 0.749876 0.761409 0.233672 0.10814 0.00452057
5 0.653647 0.806326 0.140058 0.0702541 0.00419439
1 0.771699 0.797607 0.233216 0.114161 0.00401042
1 0.812145 0.757648 0.16176 0.0475969 0.00324218
1 0.7617 0.82672 0.204233 0.091943 0.00309002
5 0.701847 0.792162 0.152838 0.0685521 0.00294884
1 0.822907 0.742658 0.141409 0.0697414 0.0026877
1 0.785706 0.774952 0.187185 0.102354 0.00246086
1 0.796419 0.838413 0.139634 0.0804981 0.00235096
1 0.777603 0.728385 0.180447 0.0731933 0.00201688
1 0.75696 0.774413 0.164247 0.0926854 0.00186299
1 0.687404 0.83103 0.175413 0.089895 0.00176547
1 0.832287 0.750654 0.126086 0.0540362 0.00151434
1 0.786097 0.820263 0.167483 0.0893774 0.00145841
5 0.635332 0.819856 0.146404 0.0712304 0.00138999
4 0.858215 0.76161 0.0840231 0.0361682 0.00138582
1 0.760827 0.716015 0.247856 0.11762 0.00136858
1 0.691943 0.84688 0.130467 0.0774851 0.00127146
5 0.620151 0.817518 0.125764 0.0620076 0.00118076
5 0.662479 0.774291 0.109487 0.070862 0.00113016
1 0.802932 0.751346 0.177061 0.0774316 0.00112816
5 0.663292 0.761992 0.104271 0.0474447 0.00108336
5 0.783153 0.783384 0.189799 0.0853015 0.00103714
