4 0.278707 0.27227 0.0540271 0.144067 0.62874
5 0.5406 0.538607 0.104977 0.283727 0.496523
5 0.550713 0.52091 0.0802622 0.23477 0.369618
1 0.520273 0.488504 0.0465068 0.260097 0.277846
1 0.52354 0.497083 0.0613923 0.294193 0.18103
5 0.2737 0.273706 0.0308148 0.139693 0.176198
1 0.532649 0.505832 0.0853584 0.320302 0.126597
5 0.561304 0.516602 0.0553883 0.234419 0.0949661
1 0.532513 0.478674 0.0567937 0.267123 0.0931798
1 0.539205 0.498833 0.0501461 0.267991 0.0708525
5 0.527298 0.515711 0.0709429 0.295839 0.0340862
4 0.887406 0.608673 0.0306059 0.155852 0.0229779
5 0.517525 0.503307 0.0448753 0.27102 0.0179196
4 0.882927 0.612662 0.0290337 0.140114 0.0107463
1 0.512598 0.546207 0.0399704 0.193093 0.00691513
4 0.284491 0.25221 0.0481417 0.103508 0.00652882
4 0.274682 0.270421 0.0382744 0.134212 0.00557725
1 0.540356 0.472214 0.0393388 0.252448 0.0053133
1 0.528045 0.530101 0.0608576 0.232712 0.00517151
4 0.270865 0.271891 0.085223 0.141607 0.00479082
1 0.518622 0.527306 0.0551833 0.219837 0.00430185
5 0.281615 0.265932 0.057277 0.130624 0.00357067
5 0.52065 0.639618 0.0880562 0.173666 0.00345752
4 0.276216 0.25141 0.0481629 0.100642 0.00304517
5 0.53999 0.43747 0.0462012 0.187039 0.00298308
5 0.532648 0.515601 0.0642856 0.240915 0.0028666
1 0.251472 0.377641 0.0607095 0.0295491 0.00249502
4 0.508311 0.814706 0.0432457 0.0509127 0.00224652
1 0.559933 0.51377 0.0566276 0.228821 0.00197777
5 0.524489 0.557506 0.0822148 0.311331 0.00191145
5 0.289247 0.244391 0.0546912 0.0900591 0.00160514
