4 0.508713 0.548798 0.162748 0.0982665 0.829336
4 0.615047 0.811957 0.0892378 0.0988134 0.763907
4 0.455868 0.64514 0.124152 0.0675303 0.442155
4 0.726204 0.633301 0.100372 0.125355 0.293343
4 0.401575 0.740087 0.0853446 0.0358593 0.0867765
4 0.49236 0.534992 0.129963 0.0635493 0.0762865
4 0.465116 0.658296 0.131603 0.0826665 0.0741931
1 0.721964 0.638137 0.104283 0.13463 0.0632095
4 0.482405 0.67515 0.153858 0.0757617 0.0313002
4 0.447281 0.641629 0.0992948 0.0586321 0.0298837
4 0.39764 0.747805 0.0930816 0.0304696 0.0107738
1 0.462286 0.642789 0.132338 0.0609054 0.00998196
4 0.506748 0.54363 0.127592 0.0813632 0.00784783
4 0.464171 0.658266 0.131201 0.0466497 0.00674609
1 0.503193 0.645649 0.126879 0.056468 0.00501579
4 0.529436 0.556832 0.107111 0.0916307 0.00483918
4 0.499096 0.683447 0.120401 0.0602901 0.00429066
2 0.471494 0.0262252 0.77475 0.0524503 0.00419968
1 0.486937 0.662846 0.150514 0.0677975 0.00379052
4 0.496746 0.67572 0.138202 0.0583508 0.00355066
4 0.434666 0.642186 0.106739 0.0662113 0.00296066
4 0.50203 0.66443 0.145985 0.061083 0.00257013
2 0.481116 0.0383756 0.769419 0.0765347 0.00240887
4 0.444553 0.633797 0.0776236 0.0445838 0.00211298
1 0.466275 0.659495 0.130261 0.0698105 0.00205303
1 0.698903 0.646582 0.0997115 0.132316 0.00182999
4 0.390365 0.739342 0.0976434 0.0420526 0.0018272
1 0.484136 0.641146 0.146421 0.0525914 0.00174849
1 0.483603 0.651375 0.141613 0.0674215 0.00153064
2 0.494807 0.0684475 0.69334 0.135398 0.00145872
