10 0.372899 0.443573 0.575483 0.492101 0.769202
5 0.138574 0.496958 0.120975 0.547447 0.763031
5 0.366622 0.41645 0.359051 0.513798 0.691097
6 0.369743 0.491442 0.46496 0.385881 0.614568
10 0.447884 0.49174 0.659159 0.448558 0.58874
10 0.378357 0.405679 0.325527 0.499952 0.457847
10 0.391283 0.411956 0.445991 0.526867 0.434146
6 0.325817 0.382533 0.369867 0.389135 0.419989
5 0.437755 0.537538 0.682327 0.46852 0.320617
5 0.153414 0.548123 0.112905 0.494096 0.152058
6 0.23309 0.548547 0.382225 0.367718 0.10367
5 0.323499 0.396662 0.362058 0.444931 0.0956097
10 0.167096 0.529008 0.143487 0.521431 0.0759353
10 0.233189 0.497057 0.297696 0.562513 0.0316797
10 0.180795 0.492782 0.207207 0.555875 0.031257
10 0.456626 0.496891 0.575802 0.298725 0.027723
10 0.451681 0.415125 0.559579 0.433758 0.0274941
6 0.331211 0.531036 0.432118 0.395883 0.0180614
10 0.290593 0.535089 0.39921 0.501036 0.0170047
5 0.377321 0.402525 0.264933 0.460801 0.0161996
10 0.268124 0.464524 0.407551 0.487606 0.0154283
10 0.0927417 0.541431 0.112217 0.3709 0.00832782
10 0.535491 0.449067 0.548024 0.366303 0.00682503
6 0.203657 0.527156 0.315772 0.460826 0.00539086
6 0.405243 0.503262 0.549308 0.238534 0.00527398
10 0.327867 0.363631 0.468896 0.388501 0.00357277
5 0.152549 0.461636 0.152039 0.449194 0.00308413
10 0.539087 0.38342 0.567459 0.424453 0.00243363
10 0.139495 0.509242 0.175897 0.554012 0.00233473
6 0.0850217 0.551637 0.107998 0.372398 0.00161155
5 0.155601 0.575278 0.165009 0.439187 0.00153256
10 0.100597 0.652583 0.0871521 0.182763 0.00152056
10 0.119677 0.545438 0.157541 0.381369 0.00119714
6 0.119956 0.527171 0.175538 0.324593 0.00105266
10 0.41605 0.335112 0.21073 0.300224 0.00101934
