1 0.211738 0.547774 0.0721083 0.138523 0.65285
4 0.846934 0.471684 0.031966 0.0688643 0.464591
4 0.840893 0.468032 0.0424293 0.0733118 0.407281
4 0.83224 0.46753 0.0338743 0.07754 0.269525
1 0.201198 0.572912 0.0541633 0.159054 0.150203
1 0.264639 0.553964 0.0843422 0.156142 0.140323
1 0.191092 0.577936 0.0685015 0.180845 0.0976504
1 0.278249 0.569253 0.0790145 0.137762 0.088217
1 0.252647 0.546684 0.129077 0.192681 0.0836753
1 0.244611 0.554953 0.0904009 0.152705 0.0751591
1 0.188595 0.689476 0.077034 0.212162 0.0739145
1 0.194891 0.537541 0.0612799 0.11242 0.0664
1 0.204341 0.538332 0.0582328 0.122543 0.049988
4 0.83219 0.483813 0.0388199 0.11489 0.0341263
1 0.191217 0.56551 0.0607734 0.14134 0.0250792
1 0.184317 0.58165 0.102763 0.145714 0.0194977
1 0.232977 0.555588 0.119582 0.178235 0.0141614
4 0.829824 0.466743 0.0233989 0.0760095 0.0141078
1 0.162159 0.641217 0.100977 0.101641 0.0120454
1 0.147781 0.693645 0.107551 0.209624 0.00931645
4 0.835373 0.49833 0.0375573 0.0981026 0.00586955
4 0.838521 0.461785 0.0329231 0.068249 0.00553749
1 0.151387 0.655192 0.0866357 0.139913 0.00512153
1 0.172483 0.630094 0.105289 0.121081 0.00422069
1 0.216806 0.528896 0.0738769 0.115077 0.00398991
1 0.176784 0.601223 0.106945 0.135378 0.00365333
1 0.177659 0.675899 0.0989253 0.188716 0.00364598
4 0.842698 0.48177 0.0389535 0.0902729 0.00249215
5 0.312029 0.572233 0.0755474 0.0639994 0.00220129
4 0.832393 0.518457 0.0360246 0.0726824 0.00202804
4 0.828473 0.502552 0.0381727 0.0868901 0.00147408
1 0.27787 0.54447 0.107738 0.144035 0.00146793
1 0.255645 0.585652 0.0787572 0.179814 0.00117927
4 0.837423 0.523928 0.0370511 0.0640488 0.00115577
5 0.289594 0.582291 0.0733092 0.128238 0.00104774
