5 0.776458 0.457767 0.141265 0.539343 0.821831
1 0.713177 0.320665 0.369703 0.273798 0.776257
6 0.818726 0.290635 0.150769 0.236968 0.611315
10 0.713179 0.358154 0.32838 0.335175 0.501076
5 0.715579 0.35277 0.345936 0.344275 0.349911
10 0.532736 0.395629 0.712758 0.219345 0.215773
10 0.699921 0.419208 0.322658 0.243991 0.210653
6 0.774708 0.355515 0.219991 0.254607 0.179977
10 0.448801 0.381849 0.579363 0.1848 0.163105
5 0.785214 0.445506 0.203058 0.550389 0.14618
10 0.70359 0.419378 0.28672 0.363461 0.118412
10 0.668796 0.378593 0.261347 0.25367 0.0908606
10 0.60122 0.450776 0.546071 0.172978 0.0816159
6 0.786089 0.31 0.19867 0.278655 0.0687889
5 0.771444 0.484657 0.156827 0.405877 0.0538867
10 0.655042 0.475966 0.234463 0.106168 0.0491216
5 0.755212 0.332598 0.218435 0.327787 0.0363673
10 0.725684 0.458277 0.359727 0.138399 0.0275769
6 0.721291 0.390342 0.344668 0.304827 0.0198307
6 0.670067 0.373705 0.281444 0.237069 0.0179674
10 0.732773 0.489457 0.22424 0.414603 0.01748
10 0.793513 0.300081 0.195955 0.265537 0.0170779
10 0.481873 0.479699 0.415667 0.107786 0.0165839
10 0.680002 0.437179 0.273192 0.177164 0.0161897
10 0.501045 0.290847 0.692363 0.195481 0.0141185
5 0.769684 0.383738 0.240486 0.418284 0.0121044
10 0.466739 0.344515 0.62699 0.197189 0.0111159
10 0.647134 0.500731 0.262935 0.15194 0.0105619
10 0.790278 0.294738 0.253035 0.312125 0.00978045
6 0.784795 0.393638 0.216734 0.186242 0.00551361
6 0.773762 0.332047 0.295267 0.174915 0.00476338
10 0.756444 0.318508 0.231721 0.286224 0.00469703
10 0.532207 0.424623 0.617964 0.22574 0.00457563
10 0.832711 0.520329 0.116915 0.391969 0.00434117
10 0.551934 0.472166 0.565176 0.138483 0.00416949
10 0.755753 0.391479 0.0963691 0.198447 0.00407755
1 0.817952 0.293073 0.145291 0.20635 0.00358677
10 0.632425 0.447645 0.180827 0.0710976 0.0032049
10 0.5805 0.424591 0.315963 0.139215 0.00284
9 0.524863 0.866947 0.234068 0.149513 0.00258094
6 0.806991 0.290883 0.209613 0.222328 0.00247931
6 0.785291 0.302256 0.287511 0.196174 0.00246706
5 0.698518 0.24168 0.280114 0.106719 0.00225776
10 0.662471 0.484712 0.37883 0.230059 0.00221536
10 0.721879 0.480482 0.358519 0.11251 0.00204616
10 0.647839 0.389789 0.199099 0.225929 0.00199562
10 0.852984 0.28425 0.0891256 0.197939 0.00198518
10 0.765602 0.400958 0.127991 0.226576 0.00195895
10 0.61991 0.434763 0.193796 0.0969489 0.00188101
10 0.723601 0.396615 0.161745 0.198739 0.0017779
10 0.638874 0.395699 0.264798 0.176332 0.00176345
10 0.688211 0.227123 0.247569 0.0791884 0.00176065
10 0.589032 0.407472 0.249584 0.0775222 0.00174856
6 0.788965 0.387437 0.199274 0.330293 0.00170782
10 0.408706 0.351542 0.489426 0.155775 0.00170718
10 0.783823 0.395247 0.172667 0.192492 0.00165214
10 0.403074 0.3132 0.487966 0.19231 0.00164684
10 0.824694 0.485556 0.0859463 0.283738 0.00163066
10 0.703398 0.392466 0.223589 0.221746 0.00156796
1 0.829052 0.269583 0.135995 0.258931 0.00138376
10 0.65484 0.453665 0.214556 0.0880688 0.00135002
10 0.706917 0.520874 0.335686 0.19426 0.00132325
10 0.803688 0.470041 0.210023 0.518497 0.00123004
10 0.492872 0.458103 0.497498 0.115742 0.00122599
10 0.610319 0.429203 0.228595 0.0745374 0.00122055
10 0.745588 0.411272 0.13204 0.231285 0.00100801
