6 0.227817 0.399224 0.258733 0.253387 0.829145
5 0.226404 0.432733 0.317242 0.351622 0.669638
10 0.568593 0.700504 0.371505 0.403442 0.599418
5 0.136631 0.501634 0.151074 0.237646 0.582994
5 0.140806 0.465525 0.162008 0.169036 0.561788
10 0.34867 0.412391 0.558065 0.35177 0.505802
1 0.154533 0.403546 0.199427 0.283827 0.362956
5 0.245248 0.471474 0.282311 0.256937 0.245206
10 0.447518 0.398782 0.756942 0.288098 0.164693
1 0.563518 0.710702 0.371086 0.400474 0.124905
1 0.181603 0.43199 0.243492 0.331474 0.069166
5 0.156913 0.449378 0.171374 0.217888 0.0666695
5 0.273219 0.43334 0.225728 0.327102 0.0321878
10 0.630085 0.492584 0.222171 0.382177 0.0181149
5 0.15235 0.486313 0.167317 0.33295 0.0164569
10 0.427666 0.450877 0.671454 0.386454 0.0163161
10 0.1871 0.494959 0.223109 0.413164 0.0138948
6 0.196388 0.34166 0.236449 0.156557 0.00789163
10 0.667015 0.409434 0.336173 0.274186 0.00699861
10 0.17274 0.432824 0.195439 0.23548 0.00698868
10 0.191915 0.477269 0.201063 0.299674 0.0055396
10 0.182354 0.405191 0.233023 0.291431 0.00541262
1 0.158278 0.477669 0.128326 0.136216 0.00490887
10 0.233129 0.498314 0.261952 0.314632 0.00459944
5 0.272304 0.48969 0.215559 0.209967 0.00446848
10 0.210204 0.452672 0.17883 0.235698 0.00444371
5 0.16214 0.483475 0.116689 0.121613 0.00399342
5 0.132391 0.482449 0.131525 0.190234 0.00386078
10 0.232039 0.431423 0.282183 0.321563 0.00353064
10 0.632157 0.446371 0.284756 0.274096 0.0031718
10 0.144849 0.524817 0.157117 0.292994 0.00306371
10 0.236534 0.546226 0.149789 0.361748 0.0021299
10 0.582257 0.472197 0.283678 0.353212 0.00195868
10 0.210081 0.448761 0.228327 0.201587 0.00177008
6 0.212118 0.368486 0.266315 0.221261 0.00156621
10 0.534512 0.395407 0.575137 0.32222 0.00149942
10 0.674908 0.421758 0.252078 0.227171 0.00145852
10 0.304749 0.539037 0.217266 0.194558 0.00142241
11 0.282502 0.905078 0.04876 0.0827427 0.00138373
10 0.160609 0.396914 0.141864 0.252722 0.001326
5 0.310538 0.414234 0.179627 0.365577 0.00130668
5 0.158063 0.45036 0.196762 0.357434 0.00127171
10 0.306884 0.403011 0.226378 0.387177 0.00126501
5 0.199841 0.420428 0.250884 0.193328 0.0011326
5 0.281808 0.535167 0.226219 0.190206 0.00110151
