1 0.303781 0.539434 0.184427 0.2493 0.882908
1 0.399919 0.513496 0.075571 0.199072 0.839557
1 0.39024 0.543796 0.0645209 0.135048 0.00834518
1 0.338597 0.589487 0.153264 0.155718 0.00833228
1 0.320392 0.608952 0.136793 0.135175 0.00661637
1 0.335295 0.604455 0.108271 0.108769 0.00632065
5 0.339792 0.586893 0.102915 0.13811 0.00180117
1 0.311526 0.544085 0.138277 0.139626 0.00174091
1 0.352637 0.558141 0.0821295 0.133151 0.00145943
1 0.371314 0.556863 0.109177 0.126934 0.00144033
1 0.323092 0.615975 0.096498 0.0982822 0.00131405
1 0.383221 0.537827 0.04753 0.147625 0.0011374
1 0.333525 0.565238 0.180074 0.194192 0.00105288
