5 0.496869 0.395889 0.516001 0.272363 0.750817
5 0.397031 0.537032 0.430813 0.272064 0.68454
5 0.502801 0.355229 0.523417 0.187333 0.409919
1 0.315903 0.410837 0.230038 0.202654 0.0680867
1 0.351737 0.401783 0.324574 0.209358 0.0343946
1 0.399642 0.421865 0.389132 0.216501 0.0311486
1 0.428674 0.352879 0.403705 0.141687 0.00844421
5 0.299412 0.406122 0.109392 0.204817 0.00817145
5 0.642386 0.378982 0.212429 0.310883 0.00726439
5 0.286732 0.420489 0.0798606 0.182 0.00717323
1 0.417345 0.462798 0.402471 0.208467 0.00622082
5 0.522228 0.464549 0.187232 0.126201 0.00557065
1 0.323576 0.398597 0.151967 0.213179 0.0054373
1 0.349639 0.402825 0.167602 0.196551 0.00481479
5 0.667267 0.37463 0.146448 0.311741 0.00467725
1 0.380819 0.408115 0.188079 0.179776 0.00396563
5 0.547642 0.46227 0.167819 0.144982 0.00370122
5 0.572626 0.456043 0.132916 0.141461 0.0029393
5 0.57761 0.445162 0.176161 0.159174 0.00262516
5 0.54203 0.37273 0.380692 0.108563 0.00260658
1 0.582885 0.31903 0.220534 0.232149 0.00227835
5 0.306547 0.404017 0.202488 0.204445 0.00183381
1 0.46919 0.288723 0.424824 0.197485 0.00182225
1 0.333572 0.442144 0.235145 0.231964 0.00170003
1 0.540204 0.309122 0.29465 0.2236 0.00158938
5 0.545982 0.472053 0.265597 0.117843 0.0013837
1 0.487913 0.457629 0.302769 0.170045 0.00137698
1 0.362478 0.341324 0.349675 0.143266 0.00131534
5 0.277308 0.434246 0.0798148 0.186032 0.00115346
5 0.365192 0.40419 0.183816 0.188161 0.0011137
5 0.281058 0.540533 0.0747577 0.202974 0.00106189
