5 0.403182 0.48397 0.342905 0.287185 0.948799
10 0.392082 0.458874 0.553129 0.33907 0.770088
5 0.405553 0.462666 0.528189 0.341834 0.0374497
10 0.379268 0.377003 0.306109 0.0751899 0.0079405
10 0.335536 0.444626 0.306017 0.246506 0.00545513
10 0.390068 0.401385 0.254036 0.109675 0.00154033
10 0.383343 0.367239 0.266496 0.0721693 0.00147981
10 0.42882 0.444804 0.4062 0.296274 0.00147699
10 0.372897 0.519515 0.487619 0.332157 0.00143961
10 0.335361 0.446139 0.268542 0.187747 0.00111599
5 0.387409 0.458439 0.290566 0.221659 0.00100356
