5 0.463035 0.822917 0.159662 0.163414 0.869964
1 0.693908 0.56124 0.200832 0.0550421 0.32618
5 0.391412 0.831693 0.0693284 0.167544 0.0909367
1 0.660917 0.558445 0.259812 0.0582693 0.0518782
5 0.402901 0.830157 0.099474 0.164503 0.0462494
1 0.467498 0.565345 0.206019 0.0562864 0.0402639
1 0.462888 0.580347 0.200814 0.0637188 0.00984097
1 0.529595 0.564639 0.248856 0.059175 0.00822175
1 0.422252 0.817324 0.178524 0.124778 0.00730286
1 0.456889 0.59214 0.20363 0.0703272 0.0070712
1 0.44634 0.61809 0.222687 0.0571823 0.00541443
1 0.420813 0.827452 0.180668 0.082695 0.00418088
1 0.246019 0.82611 0.12431 0.0465899 0.00368989
1 0.706211 0.562776 0.158954 0.0464076 0.0035263
5 0.497534 0.58182 0.152453 0.0564077 0.00348763
5 0.441433 0.634119 0.178104 0.0507884 0.00346586
5 0.425118 0.829242 0.127637 0.160392 0.0021463
1 0.4218 0.840477 0.145925 0.100887 0.00213195
5 0.566294 0.569785 0.232321 0.0407752 0.00212992
5 0.434765 0.781882 0.13353 0.074238 0.0018094
1 0.535979 0.566773 0.231849 0.0416113 0.00180601
1 0.63 0.54683 0.192064 0.0195055 0.0016703
5 0.582226 0.562639 0.236014 0.0465199 0.00162632
1 0.254648 0.84531 0.182695 0.0839472 0.00157306
5 0.412172 0.813435 0.118164 0.125395 0.00127556
1 0.716404 0.566108 0.162195 0.0638906 0.00123788
5 0.48899 0.596772 0.129755 0.0637665 0.00114687
5 0.438263 0.799518 0.148249 0.104216 0.00110993
1 0.527536 0.57527 0.192237 0.0693995 0.00110352
5 0.454531 0.821189 0.112562 0.138008 0.00107593
