10 0.427148 0.545128 0.505513 0.376773 0.911166
10 0.264689 0.556236 0.156623 0.436885 0.676946
10 0.30058 0.561313 0.24016 0.425057 0.2433
10 0.366332 0.562673 0.374564 0.422582 0.221535
11 0.231896 0.271864 0.0300493 0.0549242 0.0271008
11 0.234013 0.270491 0.0428289 0.0591005 0.00311773
11 0.274315 0.245626 0.0756308 0.0209672 0.00244239
11 0.281175 0.235415 0.079322 0.0159376 0.00205104
11 0.258979 0.294463 0.0565196 0.0454776 0.00181033
11 0.294402 0.229576 0.0578168 0.0147714 0.00159604
11 0.278319 0.239309 0.0859913 0.0198897 0.00152812
11 0.259925 0.301968 0.0475546 0.051347 0.00151219
11 0.274577 0.293497 0.0631404 0.0423845 0.00143361
11 0.283221 0.242781 0.0824412 0.0205601 0.0012271
11 0.292704 0.25056 0.0760444 0.0337144 0.00120232
