5 0.583512 0.444646 0.193022 0.484379 0.485597
5 0.46885 0.531386 0.162089 0.484118 0.0360378
1 0.48802 0.490774 0.147894 0.32813 0.0162483
1 0.577456 0.700613 0.300568 0.39596 0.0097342
5 0.483613 0.502692 0.153099 0.341605 0.00517046
1 0.559419 0.789662 0.246322 0.218334 0.00376561
5 0.521173 0.454478 0.232805 0.492744 0.00350716
1 0.581201 0.616049 0.292396 0.541343 0.00309487
1 0.54646 0.4731 0.216059 0.533557 0.00305654
1 0.646052 0.772141 0.14682 0.238373 0.00286562
1 0.601897 0.791782 0.181966 0.212895 0.00202878
5 0.585114 0.328487 0.0971304 0.198484 0.00171216
1 0.692932 0.717995 0.186131 0.327278 0.00140566
1 0.577799 0.429793 0.142332 0.343782 0.00123518
1 0.571392 0.539182 0.274433 0.442603 0.00122775
5 0.447106 0.54924 0.21937 0.462991 0.00118652
1 0.599709 0.463717 0.227402 0.515523 0.00117437
