4 0.190877 0.579836 0.0337697 0.102792 0.743442
4 0.185372 0.578519 0.0486077 0.10234 0.268364
4 0.162277 0.574127 0.0420496 0.0929766 0.0687252
4 0.153056 0.573657 0.026096 0.108167 0.0647035
4 0.176699 0.582933 0.0671626 0.0953838 0.0514269
5 0.27921 0.687197 0.114719 0.292886 0.0356493
4 0.190357 0.548975 0.0409041 0.0637444 0.0157923
4 0.169019 0.466259 0.0332158 0.0612449 0.0127868
11 0.0773255 0.675438 0.0554715 0.0388008 0.00811528
4 0.168657 0.493477 0.0293863 0.11036 0.00736446
4 0.166437 0.478712 0.0325373 0.0786854 0.00666446
5 0.313647 0.587084 0.0765948 0.0900801 0.00467541
4 0.171889 0.613858 0.055633 0.0909711 0.00449105
4 0.161557 0.55809 0.040104 0.0791148 0.00448977
4 0.880969 0.630077 0.030392 0.121555 0.00436939
11 0.0775251 0.680883 0.0501463 0.038028 0.00395004
1 0.304953 0.577971 0.0713105 0.0977397 0.00394335
4 0.176436 0.510502 0.0323994 0.0951459 0.0032878
4 0.164464 0.463573 0.0349562 0.0531152 0.00249237
5 0.313422 0.617265 0.0737419 0.0816019 0.00237807
5 0.311987 0.602331 0.0748227 0.0821575 0.00220609
1 0.290933 0.582033 0.0395887 0.108764 0.00198658
4 0.172383 0.538708 0.0301207 0.0632285 0.00175184
5 0.646818 0.258855 0.102217 0.0869493 0.00160944
4 0.178093 0.557346 0.0461185 0.0669122 0.00157677
4 0.167813 0.599297 0.0519316 0.0786085 0.00153337
5 0.799265 0.245801 0.074281 0.0771125 0.00148457
5 0.799476 0.303773 0.073491 0.0859914 0.00146999
11 0.0797568 0.686844 0.0557532 0.0461103 0.0013297
5 0.324283 0.623828 0.082517 0.063227 0.00118564
4 0.188355 0.529208 0.0476046 0.0632341 0.00115839
