1 0.482481 0.740067 0.265159 0.171339 0.702169
1 0.326953 0.766307 0.161249 0.187184 0.650357
5 0.685802 0.807627 0.23409 0.116516 0.626295
1 0.422496 0.74656 0.299705 0.199537 0.183356
5 0.694951 0.873842 0.16644 0.109441 0.0984532
5 0.669572 0.811836 0.177115 0.0987555 0.0705253
5 0.422683 0.862837 0.158903 0.143665 0.0380564
5 0.720948 0.875603 0.159231 0.0846966 0.0178939
1 0.510788 0.759554 0.270612 0.13572 0.0167934
1 0.308657 0.772532 0.116805 0.181675 0.0100411
1 0.687914 0.769538 0.231811 0.0803881 0.0089732
1 0.374196 0.759065 0.276532 0.186293 0.00891253
5 0.689206 0.875517 0.118848 0.114745 0.0088645
5 0.708849 0.806158 0.226721 0.0905278 0.00853046
2 0.582053 0.0731141 0.835894 0.146228 0.00800233
1 0.354277 0.747095 0.18572 0.146665 0.0064751
5 0.469071 0.882161 0.0850234 0.0978522 0.00555093
5 0.716213 0.858745 0.161697 0.0651065 0.00491917
2 0.492982 0.0570349 0.985964 0.1136 0.00467698
5 0.703528 0.789278 0.248887 0.0876862 0.00445645
5 0.456694 0.877844 0.0936453 0.116528 0.00342512
5 0.704466 0.847315 0.203128 0.0766618 0.00299861
2 0.358086 0.0845163 0.716171 0.169016 0.00254066
5 0.428786 0.866955 0.0996407 0.135054 0.00251331
1 0.609325 0.866202 0.164587 0.0956626 0.00248274
1 0.53423 0.848235 0.083768 0.075106 0.00242988
5 0.69208 0.770614 0.274407 0.0704511 0.00230648
5 0.670916 0.873394 0.114636 0.0705763 0.00197424
1 0.543844 0.823125 0.101445 0.12818 0.00190629
1 0.477981 0.771061 0.296635 0.118366 0.00183507
5 0.696721 0.832758 0.204413 0.0985935 0.00170767
2 0.491318 0.0388169 0.982636 0.0776337 0.00149338
1 0.690912 0.794144 0.256365 0.108494 0.00128385
5 0.599692 0.875369 0.151859 0.0392055 0.00115612
5 0.694731 0.876339 0.0889813 0.102734 0.00103375
