6 0.637973 0.371157 0.295172 0.228815 0.885841
5 0.803007 0.171209 0.339017 0.114438 0.850668
1 0.442878 0.441061 0.376193 0.203185 0.831835
1 0.262763 0.511343 0.245767 0.252632 0.732757
1 0.46803 0.464289 0.326044 0.130539 0.113503
1 0.49259 0.442319 0.280416 0.166223 0.0523521
5 0.763416 0.232784 0.264552 0.140339 0.0308598
5 0.453408 0.431307 0.387786 0.167281 0.0136332
5 0.450019 0.526803 0.314279 0.104681 0.0134338
5 0.829497 0.161622 0.283222 0.094569 0.0132967
5 0.71864 0.172065 0.174889 0.123731 0.00723371
5 0.732547 0.185559 0.180229 0.0834061 0.00694478
5 0.62024 0.177428 0.330701 0.102125 0.00644839
1 0.366573 0.501536 0.456733 0.253142 0.00292852
5 0.486487 0.467357 0.210831 0.0997138 0.00270628
1 0.495274 0.463973 0.221674 0.0998945 0.00188976
5 0.799273 0.199681 0.332692 0.156245 0.00160122
6 0.966884 0.0697287 0.0662084 0.139457 0.00137263
6 0.497948 0.458597 0.225326 0.0977751 0.00117909
6 0.982212 0.506083 0.0355756 0.236445 0.00105393
