5 0.21266 0.36212 0.233018 0.501712 0.881821
5 0.469416 0.700764 0.633739 0.59771 0.839576
6 0.232967 0.544672 0.293679 0.297562 0.750601
10 0.448997 0.220032 0.322818 0.212679 0.731547
10 0.344496 0.430214 0.155729 0.596992 0.685804
10 0.265513 0.428775 0.298397 0.597228 0.402021
10 0.258794 0.540745 0.2398 0.427549 0.388353
10 0.22694 0.600983 0.301999 0.311234 0.282092
4 0.444954 0.217828 0.327315 0.223296 0.178306
5 0.288131 0.504148 0.272448 0.451472 0.121026
6 0.320192 0.53429 0.320437 0.332092 0.104291
4 0.400014 0.212273 0.412186 0.282384 0.0488091
10 0.225554 0.498757 0.304566 0.524964 0.0435187
10 0.227821 0.296208 0.100623 0.354584 0.0412527
10 0.295626 0.525008 0.192234 0.461733 0.0286711
5 0.340393 0.431101 0.154893 0.602072 0.0125296
10 0.350237 0.510034 0.280231 0.341192 0.00680079
10 0.28626 0.499373 0.259718 0.215315 0.00460902
4 0.385577 0.265065 0.447942 0.33048 0.00448012
10 0.235841 0.325496 0.147979 0.406207 0.0042239
6 0.263043 0.488576 0.35645 0.30826 0.00353325
5 0.395096 0.21083 0.222033 0.122093 0.00246381
10 0.311965 0.517909 0.276886 0.270278 0.00242658
10 0.289206 0.589814 0.246662 0.231583 0.00216952
6 0.286551 0.569814 0.320079 0.35648 0.00215214
4 0.337539 0.29333 0.372437 0.374162 0.00169137
10 0.223653 0.273044 0.0834492 0.268849 0.00151558
5 0.196975 0.469172 0.126529 0.306499 0.00135963
5 0.648779 0.9567 0.699961 0.0865994 0.00134834
5 0.349666 0.464958 0.196494 0.515902 0.00105519
6 0.304681 0.502574 0.282735 0.195104 0.00103325
