1 0.481982 0.8039 0.165593 0.0775958 0.659659
1 0.383064 0.784893 0.117279 0.0664314 0.530238
1 0.448621 0.781372 0.109473 0.0567433 0.418583
1 0.320317 0.738851 0.120927 0.0596796 0.112935
1 0.372805 0.778173 0.0915637 0.0511704 0.0957269
4 0.427689 0.928028 0.0605504 0.038755 0.060993
1 0.437982 0.843935 0.128977 0.0813178 0.0427122
5 0.412476 0.896221 0.0873669 0.0410368 0.0356584
5 0.397864 0.883606 0.0797405 0.0349365 0.032942
1 0.492824 0.815516 0.121745 0.0644735 0.0292328
1 0.473126 0.81434 0.171347 0.0807198 0.0255061
5 0.401318 0.794108 0.106642 0.0636068 0.025008
5 0.369168 0.864883 0.10998 0.0588259 0.022504
5 0.390393 0.8782 0.07689 0.0428363 0.0215428
5 0.387363 0.867242 0.0773685 0.0551226 0.0176877
1 0.344783 0.692723 0.107418 0.0575367 0.0150309
5 0.36979 0.876125 0.107932 0.0487702 0.0141724
1 0.450337 0.799079 0.109934 0.0443193 0.0117304
5 0.415579 0.802496 0.0749683 0.0511598 0.0111017
4 0.83949 0.669264 0.0494919 0.0169985 0.0109493
5 0.439889 0.831117 0.11635 0.0777307 0.00681634
5 0.353686 0.878794 0.0852128 0.0430279 0.00635703
5 0.442488 0.777489 0.0962509 0.0464268 0.00547638
1 0.449816 0.832369 0.151418 0.0730684 0.00541883
5 0.322436 0.741136 0.120606 0.0607017 0.00519395
5 0.348849 0.870811 0.0801638 0.0442458 0.0044792
5 0.399362 0.8732 0.0822693 0.047256 0.00430412
5 0.323726 0.790621 0.0584737 0.0344699 0.00428721
5 0.444435 0.808041 0.102745 0.0462418 0.00427463
5 0.323336 0.817074 0.0948721 0.0563493 0.00427315
5 0.311994 0.794161 0.0603851 0.0440218 0.00426816
4 0.42203 0.91437 0.0757227 0.039952 0.00388451
1 0.362003 0.857724 0.100762 0.0620321 0.00370025
5 0.404706 0.879122 0.0979593 0.0387065 0.00347018
1 0.445056 0.820721 0.123971 0.0699625 0.00345676
1 0.365532 0.773272 0.0783224 0.0409745 0.00341024
5 0.428204 0.806681 0.0868552 0.0457033 0.00333484
5 0.358552 0.764179 0.0687451 0.0325185 0.0033031
5 0.345347 0.881926 0.0726988 0.0359182 0.00311719
1 0.466361 0.793293 0.138526 0.0593138 0.00293784
1 0.478988 0.794578 0.172109 0.138985 0.00274575
4 0.429397 0.921113 0.0660441 0.0475311 0.00264159
5 0.420052 0.913703 0.0767922 0.0357137 0.00253804
5 0.41207 0.902297 0.0951575 0.0458409 0.00251292
5 0.413306 0.874347 0.0870764 0.0452459 0.00242915
4 0.836268 0.671419 0.0505815 0.016156 0.0022684
1 0.364401 0.778483 0.0803398 0.0643127 0.00218319
5 0.403967 0.909241 0.0779836 0.0389422 0.00214282
5 0.437368 0.820702 0.10528 0.0716651 0.00213394
5 0.307215 0.810045 0.0728791 0.0563545 0.00205091
5 0.40175 0.893823 0.0826163 0.0411121 0.00201601
1 0.510707 0.798712 0.11564 0.0773358 0.00201041
1 0.457388 0.81731 0.148983 0.0539914 0.00195136
5 0.340417 0.889813 0.0728022 0.0292977 0.00190761
5 0.383121 0.792727 0.13015 0.0716381 0.00186177
5 0.508557 0.788296 0.116478 0.0389259 0.00171612
4 0.42433 0.945839 0.0617844 0.0300449 0.00170409
5 0.412671 0.930412 0.0853233 0.031272 0.00164637
1 0.489754 0.778593 0.146604 0.115146 0.00155509
5 0.331327 0.857745 0.0539343 0.0505655 0.0015443
5 0.409461 0.817516 0.0754423 0.0618895 0.00149081
1 0.356816 0.779485 0.0723478 0.0414429 0.00140943
5 0.350155 0.859293 0.0794842 0.0552767 0.00137328
5 0.311826 0.824272 0.0732495 0.0528221 0.00135863
5 0.49681 0.790316 0.144062 0.0453037 0.001338
5 0.334017 0.848999 0.0544873 0.0651831 0.00128725
5 0.480637 0.819738 0.130251 0.0547386 0.00117236
5 0.349757 0.687579 0.101462 0.0444048 0.00117222
5 0.421264 0.81717 0.0814432 0.0694392 0.00115424
5 0.359694 0.892324 0.0948354 0.0421724 0.00108317
5 0.391383 0.911119 0.0879765 0.0321219 0.00106318
5 0.360935 0.773081 0.069597 0.0369332 0.00105853
1 0.380304 0.695542 0.111288 0.0365897 0.00100172
