5 0.420325 0.45015 0.464985 0.456299 0.842712
5 0.362549 0.242051 0.440529 0.306138 0.78026
5 0.42802 0.354981 0.502466 0.203856 0.648822
5 0.472381 0.363993 0.4202 0.168856 0.335794
6 0.512838 0.448557 0.345958 0.232504 0.264637
6 0.3993 0.289618 0.421014 0.290901 0.245775
6 0.329448 0.307739 0.324931 0.361786 0.224138
6 0.386743 0.380929 0.406895 0.304339 0.139039
10 0.479373 0.478012 0.411377 0.324457 0.0991088
10 0.445385 0.305873 0.276047 0.417414 0.0721911
10 0.460728 0.489105 0.396602 0.440284 0.0542924
6 0.379986 0.325979 0.380182 0.402961 0.0381067
5 0.335735 0.208732 0.318387 0.17437 0.0338002
5 0.384903 0.373293 0.443064 0.286994 0.0318954
6 0.557073 0.428772 0.268099 0.269708 0.0222151
5 0.431957 0.280498 0.299673 0.361443 0.0194067
10 0.312799 0.216071 0.320929 0.179977 0.0180711
10 0.343909 0.543312 0.146514 0.636908 0.0161338
10 0.511514 0.528323 0.348449 0.398967 0.0161281
6 0.308955 0.301261 0.29939 0.280281 0.0159519
6 0.410182 0.325595 0.502372 0.194124 0.0115677
5 0.431321 0.214925 0.299388 0.236353 0.0111249
6 0.486673 0.418782 0.400431 0.288081 0.0110881
5 0.331883 0.270823 0.300689 0.298396 0.0103495
6 0.525715 0.480633 0.295357 0.236944 0.00816183
10 0.443974 0.572876 0.189292 0.612477 0.0073799
10 0.304821 0.264956 0.310995 0.274878 0.00730795
10 0.563954 0.512671 0.2505 0.341238 0.00701632
10 0.475814 0.594291 0.16456 0.550315 0.00646516
10 0.537284 0.475089 0.307219 0.15573 0.00575066
6 0.600444 0.44656 0.192437 0.236258 0.00544728
10 0.432074 0.291147 0.370399 0.375962 0.00523861
5 0.411575 0.368715 0.306135 0.266695 0.00449387
6 0.428924 0.299028 0.292013 0.387581 0.00375864
5 0.418778 0.35339 0.295923 0.103284 0.00347294
10 0.578719 0.352729 0.195005 0.361718 0.00339505
5 0.377953 0.322663 0.441021 0.20309 0.00336419
6 0.342149 0.331315 0.24378 0.422074 0.00321959
10 0.44673 0.263771 0.594585 0.234411 0.00307758
10 0.399666 0.435781 0.4358 0.424849 0.00307719
10 0.333851 0.502934 0.199954 0.577273 0.00306209
10 0.447977 0.616156 0.159306 0.505232 0.0030289
10 0.51583 0.457549 0.30571 0.149107 0.00291227
10 0.533452 0.343932 0.266222 0.373557 0.0028713
6 0.578153 0.454031 0.189325 0.174559 0.00267036
10 0.390146 0.506572 0.270412 0.585259 0.00264062
10 0.622688 0.533737 0.158523 0.454424 0.00215876
10 0.537275 0.39495 0.307873 0.213054 0.00215197
6 0.386585 0.260177 0.333575 0.288193 0.00211276
5 0.422065 0.378375 0.30708 0.132773 0.00201881
10 0.425273 0.543683 0.265166 0.590785 0.0018543
10 0.300675 0.336638 0.285779 0.177333 0.00180335
10 0.664479 0.611955 0.671042 0.383953 0.00180248
6 0.454191 0.359772 0.300128 0.105077 0.00141206
10 0.494955 0.376731 0.306241 0.212741 0.00115603
6 0.554447 0.463716 0.297028 0.173204 0.00114053
10 0.296784 0.34656 0.231711 0.132715 0.00107423
10 0.380968 0.239101 0.469539 0.255242 0.00102923
